<shapes type=list>
	<ruler.pixel type=vector names=FALSE length=1 as.numeric=TRUE >229.139695382533</ruler.pixel>
	<ruler.interval type=vector names=FALSE length=1 as.numeric=TRUE >10</ruler.interval>
	<scaling.units type=vector names=FALSE length=1 as.numeric=FALSE >undefined</scaling.units>
	<scaling type=vector names=FALSE length=1 as.numeric=TRUE >0.0436414999300129</scaling>
	<landmarks.pixel type=matrix rownames=TRUE colnames=FALSE nrow=2 ncol=2 as.numeric=TRUE >
		LM1	1049	1175
		LM2	1784	1194
	</landmarks.pixel>
	<landmarks.scaled type=matrix rownames=TRUE colnames=FALSE nrow=2 ncol=2 as.numeric=TRUE >
		LM1	45.7799334265836	-51.2787624177652
		LM2	77.8564358751431	-52.1079509164355
	</landmarks.scaled>
	<curves.control type=list>
		<c1 type=matrix rownames=FALSE colnames=FALSE nrow=11 ncol=2 as.numeric=TRUE >
			1049	1175
			1041	1153
			1086	1113
			1166	1014
			1204	1009
			1354	829
			1563	891
			1674	897
			1715	1068
			1801	1145
			1784	1194
		</c1>
		<c2 type=matrix rownames=FALSE colnames=FALSE nrow=9 ncol=2 as.numeric=TRUE >
			1784	1194
			1631	1192
			1568	1180
			1415	1194
			1345	1176
			1243	1138
			1107	1177
			1074	1177
			1049	1175
		</c2>
	</curves.control>
	<curves.pixel type=list>
		<c1 type=matrix rownames=FALSE colnames=FALSE nrow=964 ncol=2 as.numeric=TRUE >
			1049	1175
			1049	1174
			1048	1173
			1048	1172
			1048	1171
			1048	1170
			1048	1169
			1048	1168
			1048	1167
			1048	1166
			1048	1165
			1048	1164
			1048	1163
			1048	1162
			1049	1161
			1049	1160
			1049	1159
			1050	1158
			1050	1157
			1051	1156
			1051	1155
			1051	1154
			1052	1153
			1052	1152
			1053	1151
			1054	1150
			1054	1149
			1055	1148
			1055	1147
			1056	1146
			1056	1145
			1057	1144
			1058	1143
			1058	1142
			1059	1142
			1060	1141
			1060	1140
			1061	1139
			1062	1138
			1063	1137
			1063	1136
			1064	1135
			1065	1134
			1066	1133
			1067	1132
			1068	1131
			1069	1130
			1070	1129
			1071	1128
			1072	1127
			1072	1126
			1073	1125
			1074	1125
			1074	1124
			1075	1123
			1076	1123
			1076	1122
			1077	1121
			1078	1121
			1078	1120
			1079	1119
			1080	1119
			1080	1118
			1081	1117
			1082	1117
			1083	1116
			1083	1115
			1084	1115
			1085	1114
			1086	1113
			1087	1112
			1088	1111
			1088	1110
			1089	1109
			1090	1108
			1091	1107
			1092	1106
			1092	1105
			1093	1104
			1094	1103
			1095	1102
			1096	1101
			1096	1100
			1097	1099
			1098	1098
			1099	1097
			1100	1096
			1101	1095
			1102	1094
			1102	1093
			1103	1093
			1103	1092
			1104	1091
			1105	1091
			1105	1090
			1106	1089
			1107	1088
			1108	1087
			1109	1086
			1110	1085
			1110	1084
			1111	1083
			1112	1083
			1112	1082
			1113	1081
			1114	1080
			1115	1079
			1116	1078
			1116	1077
			1117	1076
			1118	1075
			1119	1075
			1119	1074
			1120	1073
			1121	1072
			1122	1071
			1122	1070
			1123	1070
			1124	1069
			1125	1068
			1125	1067
			1126	1066
			1127	1066
			1128	1065
			1128	1064
			1129	1063
			1130	1063
			1130	1062
			1131	1061
			1132	1060
			1133	1060
			1133	1059
			1134	1058
			1135	1057
			1136	1056
			1137	1055
			1138	1054
			1139	1053
			1140	1053
			1140	1052
			1141	1051
			1142	1050
			1143	1049
			1144	1049
			1144	1048
			1145	1047
			1146	1046
			1147	1045
			1148	1045
			1148	1044
			1149	1043
			1150	1042
			1151	1042
			1152	1041
			1152	1040
			1153	1040
			1154	1039
			1155	1038
			1156	1037
			1157	1036
			1158	1035
			1159	1035
			1160	1034
			1161	1033
			1161	1032
			1162	1032
			1163	1031
			1164	1030
			1165	1030
			1166	1029
			1167	1028
			1168	1027
			1169	1026
			1170	1025
			1171	1025
			1172	1024
			1173	1023
			1174	1023
			1175	1022
			1176	1021
			1177	1021
			1178	1020
			1179	1019
			1180	1019
			1181	1018
			1182	1018
			1183	1017
			1184	1016
			1185	1016
			1186	1015
			1187	1015
			1188	1014
			1189	1014
			1190	1013
			1191	1013
			1192	1012
			1193	1012
			1194	1012
			1195	1011
			1196	1011
			1197	1011
			1198	1010
			1199	1010
			1200	1010
			1201	1010
			1202	1009
			1203	1009
			1204	1009
			1205	1008
			1206	1007
			1206	1006
			1207	1005
			1208	1004
			1209	1003
			1210	1002
			1211	1001
			1212	1000
			1213	999
			1213	998
			1214	997
			1215	996
			1216	995
			1217	994
			1218	993
			1219	992
			1220	991
			1220	990
			1221	989
			1222	988
			1223	987
			1224	986
			1225	985
			1226	985
			1227	984
			1228	983
			1228	982
			1229	981
			1230	980
			1231	979
			1232	978
			1233	977
			1234	976
			1235	975
			1236	974
			1237	973
			1238	972
			1239	971
			1240	970
			1241	969
			1242	968
			1243	967
			1244	966
			1245	966
			1245	965
			1246	964
			1247	963
			1248	963
			1249	962
			1249	961
			1250	961
			1251	960
			1252	959
			1253	958
			1254	957
			1255	956
			1256	955
			1257	955
			1258	954
			1259	953
			1260	952
			1261	951
			1262	950
			1263	950
			1264	949
			1265	948
			1266	947
			1267	946
			1268	946
			1269	945
			1270	944
			1270	943
			1271	943
			1272	942
			1273	941
			1274	940
			1275	940
			1276	939
			1277	938
			1278	937
			1279	937
			1280	936
			1281	935
			1282	934
			1283	934
			1284	933
			1285	932
			1286	932
			1287	931
			1288	930
			1289	930
			1290	929
			1291	928
			1292	928
			1293	927
			1294	926
			1295	926
			1296	925
			1297	924
			1298	924
			1299	923
			1300	922
			1301	922
			1302	921
			1303	920
			1304	920
			1305	919
			1306	919
			1307	918
			1308	917
			1309	917
			1310	916
			1311	916
			1312	915
			1313	914
			1314	914
			1315	913
			1316	913
			1317	912
			1318	912
			1319	911
			1320	910
			1321	910
			1322	909
			1323	909
			1324	908
			1325	908
			1326	907
			1327	907
			1328	906
			1329	906
			1330	906
			1330	905
			1331	905
			1332	905
			1332	904
			1333	904
			1334	903
			1335	903
			1336	902
			1337	902
			1338	902
			1338	901
			1339	901
			1340	901
			1341	900
			1342	900
			1343	899
			1344	899
			1345	899
			1346	898
			1347	898
			1347	897
			1348	897
			1349	897
			1350	896
			1351	896
			1352	896
			1353	895
			1354	895
			1355	895
			1356	894
			1357	894
			1357	893
			1358	893
			1359	893
			1360	892
			1361	892
			1362	892
			1363	891
			1364	891
			1365	891
			1366	891
			1367	890
			1368	890
			1369	890
			1369	889
			1370	889
			1371	889
			1372	888
			1373	888
			1374	888
			1375	888
			1376	887
			1377	887
			1378	887
			1379	886
			1380	886
			1381	886
			1382	886
			1382	885
			1383	885
			1384	885
			1385	885
			1386	884
			1387	884
			1388	884
			1389	884
			1390	883
			1391	883
			1392	883
			1393	883
			1394	883
			1395	882
			1396	882
			1397	882
			1398	882
			1399	881
			1400	881
			1401	881
			1402	881
			1403	881
			1404	880
			1405	880
			1406	880
			1407	880
			1408	880
			1409	879
			1410	879
			1411	879
			1412	879
			1413	879
			1414	879
			1415	878
			1416	878
			1417	878
			1418	878
			1419	878
			1420	878
			1421	878
			1422	877
			1423	877
			1424	877
			1425	877
			1426	877
			1427	877
			1428	877
			1429	877
			1430	877
			1431	876
			1432	876
			1433	876
			1434	876
			1435	876
			1436	876
			1437	876
			1438	876
			1439	876
			1440	876
			1441	876
			1442	876
			1443	876
			1444	876
			1445	875
			1446	875
			1447	875
			1448	875
			1449	875
			1450	875
			1451	875
			1452	875
			1453	875
			1454	875
			1455	875
			1456	875
			1457	875
			1458	875
			1459	875
			1460	875
			1461	875
			1462	875
			1463	875
			1464	875
			1465	875
			1466	875
			1467	875
			1468	875
			1469	875
			1470	875
			1471	875
			1472	875
			1473	875
			1474	875
			1475	875
			1475	876
			1476	876
			1477	876
			1478	876
			1479	876
			1480	876
			1481	876
			1482	876
			1483	876
			1484	876
			1485	876
			1486	876
			1487	876
			1488	876
			1489	876
			1490	877
			1491	877
			1492	877
			1493	877
			1494	877
			1495	877
			1496	877
			1497	877
			1498	877
			1499	877
			1500	878
			1501	878
			1502	878
			1503	878
			1504	878
			1505	878
			1506	878
			1507	879
			1508	879
			1509	879
			1510	879
			1511	879
			1512	879
			1513	880
			1514	880
			1515	880
			1516	880
			1517	880
			1518	880
			1519	881
			1520	881
			1521	881
			1522	881
			1523	881
			1524	882
			1525	882
			1526	882
			1527	882
			1528	882
			1529	883
			1530	883
			1531	883
			1532	883
			1533	883
			1534	884
			1535	884
			1536	884
			1537	884
			1538	884
			1539	885
			1540	885
			1541	885
			1542	885
			1543	886
			1544	886
			1545	886
			1546	886
			1547	887
			1548	887
			1549	887
			1550	887
			1551	888
			1552	888
			1553	888
			1554	889
			1555	889
			1556	889
			1557	889
			1558	890
			1559	890
			1560	890
			1561	890
			1561	891
			1562	891
			1563	891
			1564	891
			1565	891
			1566	891
			1567	891
			1568	891
			1569	891
			1570	892
			1571	892
			1572	892
			1573	892
			1574	892
			1575	892
			1576	892
			1577	892
			1578	893
			1579	893
			1580	893
			1581	893
			1582	893
			1583	894
			1584	894
			1585	894
			1586	894
			1587	895
			1588	895
			1589	895
			1590	895
			1591	895
			1591	896
			1592	896
			1593	896
			1594	896
			1595	897
			1596	897
			1597	897
			1598	898
			1599	898
			1600	898
			1601	899
			1602	899
			1603	899
			1603	900
			1604	900
			1605	900
			1606	901
			1607	901
			1608	901
			1609	902
			1610	902
			1610	903
			1611	903
			1612	903
			1613	904
			1614	904
			1615	905
			1616	905
			1617	906
			1618	906
			1619	907
			1620	908
			1621	908
			1622	909
			1623	909
			1624	910
			1625	911
			1626	911
			1627	912
			1628	913
			1629	913
			1630	914
			1631	915
			1632	915
			1633	916
			1634	917
			1635	918
			1636	918
			1637	919
			1638	920
			1639	921
			1640	921
			1640	922
			1641	923
			1642	924
			1643	925
			1644	925
			1645	926
			1646	927
			1647	928
			1648	929
			1649	930
			1649	931
			1650	931
			1651	932
			1652	933
			1653	934
			1654	935
			1655	936
			1655	937
			1656	938
			1657	939
			1658	940
			1659	941
			1660	942
			1660	943
			1661	944
			1662	945
			1663	946
			1664	947
			1665	948
			1665	949
			1666	950
			1666	951
			1667	951
			1667	952
			1668	953
			1669	954
			1670	955
			1670	956
			1671	957
			1671	958
			1672	959
			1672	960
			1673	960
			1673	961
			1674	962
			1674	963
			1675	964
			1676	965
			1676	966
			1677	967
			1678	968
			1678	969
			1679	970
			1679	971
			1680	972
			1680	973
			1681	974
			1681	975
			1682	976
			1682	977
			1683	977
			1683	978
			1684	979
			1684	980
			1684	981
			1685	982
			1686	983
			1686	984
			1687	985
			1687	986
			1688	987
			1688	988
			1688	989
			1689	989
			1689	990
			1689	991
			1690	992
			1690	993
			1691	994
			1691	995
			1692	996
			1692	997
			1692	998
			1693	998
			1693	999
			1693	1000
			1694	1001
			1694	1002
			1695	1003
			1695	1004
			1695	1005
			1696	1006
			1696	1007
			1697	1008
			1697	1009
			1697	1010
			1698	1011
			1698	1012
			1698	1013
			1699	1014
			1699	1015
			1700	1016
			1700	1017
			1700	1018
			1701	1019
			1701	1020
			1701	1021
			1702	1022
			1702	1023
			1702	1024
			1703	1025
			1703	1026
			1703	1027
			1704	1028
			1704	1029
			1704	1030
			1705	1031
			1705	1032
			1705	1033
			1706	1034
			1706	1035
			1706	1036
			1707	1037
			1707	1038
			1707	1039
			1707	1040
			1708	1041
			1708	1042
			1708	1043
			1709	1044
			1709	1045
			1709	1046
			1709	1047
			1710	1048
			1710	1049
			1710	1050
			1711	1051
			1711	1052
			1711	1053
			1711	1054
			1712	1055
			1712	1056
			1712	1057
			1712	1058
			1713	1059
			1713	1060
			1713	1061
			1713	1062
			1714	1063
			1714	1064
			1714	1065
			1714	1066
			1715	1067
			1715	1068
			1716	1068
			1716	1069
			1717	1069
			1717	1070
			1718	1070
			1718	1071
			1719	1071
			1719	1072
			1720	1072
			1720	1073
			1721	1073
			1721	1074
			1722	1074
			1722	1075
			1723	1075
			1723	1076
			1724	1076
			1725	1077
			1726	1078
			1727	1079
			1728	1080
			1729	1081
			1730	1082
			1731	1082
			1731	1083
			1732	1084
			1733	1085
			1734	1086
			1735	1087
			1736	1088
			1737	1089
			1738	1090
			1739	1091
			1739	1092
			1740	1092
			1741	1093
			1742	1094
			1743	1095
			1744	1096
			1745	1097
			1745	1098
			1746	1099
			1747	1099
			1748	1100
			1748	1101
			1749	1102
			1750	1103
			1751	1104
			1752	1105
			1752	1106
			1753	1106
			1754	1107
			1754	1108
			1755	1109
			1756	1110
			1757	1111
			1757	1112
			1758	1112
			1759	1113
			1759	1114
			1760	1115
			1761	1116
			1761	1117
			1762	1117
			1762	1118
			1763	1119
			1764	1120
			1764	1121
			1765	1122
			1766	1123
			1767	1124
			1767	1125
			1768	1126
			1769	1127
			1769	1128
			1770	1129
			1770	1130
			1771	1131
			1772	1132
			1772	1133
			1773	1134
			1773	1135
			1774	1136
			1774	1137
			1775	1138
			1776	1139
			1777	1140
			1777	1141
			1777	1142
			1778	1142
			1778	1143
			1778	1144
			1779	1144
			1779	1145
			1779	1146
			1780	1147
			1780	1148
			1781	1149
			1781	1150
			1781	1151
			1782	1151
			1782	1152
			1782	1153
			1782	1154
			1783	1154
			1783	1155
			1783	1156
			1783	1157
			1784	1157
			1784	1158
			1784	1159
			1784	1160
			1785	1160
			1785	1161
			1785	1162
			1785	1163
			1785	1164
			1786	1165
			1786	1166
			1786	1167
			1786	1168
			1786	1169
			1786	1170
			1787	1171
			1787	1172
			1787	1173
			1787	1174
			1787	1175
			1787	1176
			1787	1177
			1787	1178
			1787	1179
			1787	1180
			1787	1181
			1787	1182
			1786	1183
			1786	1184
			1786	1185
			1786	1186
			1786	1187
			1786	1188
			1785	1189
			1785	1190
			1785	1191
			1785	1192
			1784	1193
			1784	1194
		</c1>
		<c2 type=matrix rownames=FALSE colnames=FALSE nrow=745 ncol=2 as.numeric=TRUE >
			1784	1194
			1783	1194
			1782	1194
			1781	1194
			1780	1194
			1779	1194
			1778	1194
			1777	1194
			1776	1194
			1775	1194
			1774	1194
			1773	1194
			1772	1194
			1771	1194
			1770	1194
			1769	1194
			1768	1194
			1767	1194
			1766	1194
			1765	1194
			1764	1194
			1763	1194
			1762	1194
			1761	1194
			1760	1194
			1759	1194
			1758	1194
			1757	1194
			1756	1194
			1755	1194
			1754	1193
			1753	1193
			1752	1193
			1751	1193
			1750	1193
			1749	1193
			1748	1193
			1747	1193
			1746	1193
			1745	1193
			1744	1193
			1743	1193
			1742	1193
			1741	1193
			1740	1193
			1739	1193
			1738	1193
			1737	1193
			1736	1193
			1735	1193
			1734	1193
			1733	1193
			1732	1193
			1731	1193
			1730	1193
			1729	1193
			1728	1193
			1727	1193
			1726	1193
			1725	1193
			1724	1193
			1723	1193
			1722	1193
			1721	1193
			1720	1193
			1719	1193
			1718	1193
			1717	1192
			1716	1192
			1715	1192
			1714	1192
			1713	1192
			1712	1192
			1711	1192
			1710	1192
			1709	1192
			1708	1192
			1707	1192
			1706	1192
			1705	1192
			1704	1192
			1703	1192
			1702	1192
			1701	1192
			1700	1192
			1699	1192
			1698	1192
			1697	1192
			1696	1192
			1695	1192
			1694	1192
			1693	1192
			1692	1192
			1691	1192
			1690	1191
			1689	1191
			1688	1191
			1687	1191
			1686	1191
			1685	1191
			1684	1191
			1683	1191
			1682	1191
			1681	1191
			1680	1191
			1679	1191
			1678	1191
			1677	1191
			1676	1191
			1675	1191
			1674	1191
			1673	1191
			1672	1191
			1671	1191
			1670	1190
			1669	1190
			1668	1190
			1667	1190
			1666	1190
			1665	1190
			1664	1190
			1663	1190
			1662	1190
			1661	1190
			1660	1190
			1659	1190
			1658	1190
			1657	1190
			1656	1190
			1655	1190
			1654	1190
			1653	1189
			1652	1189
			1651	1189
			1650	1189
			1649	1189
			1648	1189
			1647	1189
			1646	1189
			1645	1189
			1644	1189
			1643	1189
			1642	1189
			1641	1189
			1640	1189
			1639	1188
			1638	1188
			1637	1188
			1636	1188
			1635	1188
			1634	1188
			1633	1188
			1632	1188
			1631	1188
			1630	1188
			1629	1188
			1628	1188
			1627	1188
			1626	1187
			1625	1187
			1624	1187
			1623	1187
			1622	1187
			1621	1187
			1620	1187
			1619	1187
			1618	1187
			1617	1187
			1616	1187
			1615	1186
			1614	1186
			1613	1186
			1612	1186
			1611	1186
			1610	1186
			1609	1186
			1608	1186
			1607	1186
			1606	1185
			1605	1185
			1604	1185
			1603	1185
			1602	1185
			1601	1185
			1600	1185
			1599	1185
			1598	1184
			1597	1184
			1596	1184
			1595	1184
			1594	1184
			1593	1184
			1592	1184
			1591	1184
			1590	1184
			1589	1183
			1588	1183
			1587	1183
			1586	1183
			1585	1183
			1584	1183
			1583	1182
			1582	1182
			1581	1182
			1580	1182
			1579	1182
			1578	1182
			1577	1182
			1576	1181
			1575	1181
			1574	1181
			1573	1181
			1572	1181
			1571	1181
			1571	1180
			1570	1180
			1569	1180
			1568	1180
			1567	1180
			1566	1180
			1565	1180
			1564	1180
			1563	1180
			1562	1181
			1561	1181
			1560	1181
			1559	1181
			1558	1181
			1557	1181
			1556	1181
			1555	1181
			1554	1181
			1553	1181
			1552	1181
			1551	1181
			1550	1182
			1549	1182
			1548	1182
			1547	1182
			1546	1182
			1545	1182
			1544	1182
			1543	1182
			1542	1182
			1541	1182
			1540	1182
			1539	1182
			1538	1182
			1538	1183
			1537	1183
			1536	1183
			1535	1183
			1534	1183
			1533	1183
			1532	1183
			1531	1183
			1530	1183
			1529	1183
			1528	1183
			1527	1183
			1526	1183
			1525	1183
			1524	1183
			1523	1184
			1522	1184
			1521	1184
			1520	1184
			1519	1184
			1518	1184
			1517	1184
			1516	1184
			1515	1184
			1514	1184
			1513	1184
			1512	1184
			1511	1184
			1510	1184
			1509	1184
			1508	1184
			1507	1184
			1506	1185
			1505	1185
			1504	1185
			1503	1185
			1502	1185
			1501	1185
			1500	1185
			1499	1185
			1498	1185
			1497	1185
			1496	1185
			1495	1185
			1494	1185
			1493	1185
			1492	1185
			1491	1185
			1490	1185
			1489	1185
			1488	1185
			1487	1185
			1486	1185
			1485	1185
			1484	1186
			1483	1186
			1482	1186
			1481	1186
			1480	1186
			1479	1186
			1478	1186
			1477	1186
			1476	1186
			1475	1186
			1474	1186
			1473	1186
			1472	1186
			1471	1186
			1470	1186
			1469	1186
			1468	1186
			1467	1186
			1466	1186
			1465	1186
			1464	1186
			1463	1186
			1462	1186
			1461	1186
			1460	1186
			1459	1186
			1458	1186
			1457	1186
			1456	1186
			1455	1186
			1454	1186
			1453	1186
			1452	1186
			1451	1186
			1450	1186
			1449	1186
			1448	1186
			1447	1186
			1446	1186
			1445	1186
			1444	1186
			1443	1186
			1442	1186
			1441	1186
			1440	1186
			1439	1186
			1438	1186
			1437	1186
			1436	1186
			1435	1186
			1434	1186
			1433	1186
			1432	1186
			1431	1186
			1430	1186
			1429	1186
			1428	1186
			1427	1186
			1426	1186
			1425	1186
			1424	1186
			1423	1186
			1422	1186
			1421	1186
			1420	1186
			1419	1185
			1418	1185
			1417	1185
			1416	1185
			1415	1185
			1414	1185
			1413	1185
			1412	1185
			1411	1185
			1410	1185
			1409	1185
			1408	1185
			1407	1185
			1406	1185
			1405	1185
			1404	1185
			1403	1185
			1402	1184
			1401	1184
			1400	1184
			1399	1184
			1398	1184
			1397	1184
			1396	1184
			1395	1184
			1394	1184
			1393	1184
			1392	1184
			1391	1184
			1390	1184
			1389	1183
			1388	1183
			1387	1183
			1386	1183
			1385	1183
			1384	1183
			1383	1183
			1382	1183
			1381	1183
			1381	1182
			1380	1182
			1379	1182
			1378	1182
			1377	1182
			1376	1182
			1375	1182
			1374	1182
			1373	1182
			1373	1181
			1372	1181
			1371	1181
			1370	1181
			1369	1181
			1368	1181
			1367	1180
			1366	1180
			1365	1180
			1364	1180
			1363	1180
			1362	1180
			1361	1179
			1360	1179
			1359	1179
			1358	1179
			1357	1179
			1356	1179
			1355	1178
			1354	1178
			1353	1178
			1352	1178
			1351	1178
			1350	1177
			1349	1177
			1348	1177
			1347	1176
			1346	1176
			1345	1176
			1344	1176
			1343	1175
			1342	1175
			1341	1175
			1340	1174
			1339	1174
			1338	1174
			1338	1173
			1337	1173
			1336	1173
			1335	1172
			1334	1172
			1333	1172
			1332	1172
			1331	1171
			1330	1171
			1329	1171
			1328	1170
			1327	1170
			1326	1170
			1325	1170
			1324	1169
			1323	1169
			1322	1169
			1321	1168
			1320	1168
			1319	1168
			1318	1167
			1317	1167
			1316	1167
			1315	1167
			1314	1167
			1314	1166
			1313	1166
			1312	1166
			1311	1166
			1310	1166
			1309	1165
			1308	1165
			1307	1165
			1306	1164
			1305	1164
			1304	1164
			1303	1164
			1302	1164
			1301	1163
			1300	1163
			1299	1163
			1298	1163
			1297	1163
			1296	1162
			1295	1162
			1294	1162
			1293	1162
			1292	1162
			1291	1162
			1290	1161
			1289	1161
			1288	1161
			1287	1161
			1286	1161
			1285	1161
			1284	1161
			1283	1160
			1282	1160
			1281	1160
			1280	1160
			1279	1160
			1278	1160
			1277	1160
			1276	1160
			1276	1159
			1275	1159
			1274	1159
			1273	1159
			1272	1159
			1271	1159
			1270	1159
			1269	1159
			1268	1159
			1267	1159
			1266	1159
			1266	1158
			1265	1158
			1264	1158
			1263	1158
			1262	1158
			1261	1158
			1260	1158
			1259	1158
			1258	1158
			1257	1158
			1256	1158
			1255	1158
			1254	1158
			1253	1158
			1252	1158
			1251	1158
			1250	1158
			1249	1157
			1248	1157
			1247	1157
			1246	1157
			1245	1157
			1244	1157
			1243	1157
			1242	1157
			1241	1157
			1240	1157
			1239	1157
			1238	1157
			1237	1157
			1236	1157
			1235	1157
			1234	1157
			1233	1157
			1232	1157
			1231	1157
			1230	1157
			1229	1157
			1228	1157
			1227	1157
			1226	1157
			1225	1157
			1224	1157
			1223	1157
			1222	1158
			1221	1158
			1220	1158
			1219	1158
			1218	1158
			1217	1158
			1216	1158
			1215	1158
			1214	1158
			1213	1158
			1212	1158
			1211	1158
			1210	1158
			1209	1158
			1208	1158
			1207	1158
			1206	1158
			1205	1159
			1204	1159
			1203	1159
			1202	1159
			1201	1159
			1200	1159
			1199	1159
			1198	1159
			1197	1159
			1196	1159
			1195	1159
			1194	1160
			1193	1160
			1192	1160
			1191	1160
			1190	1160
			1189	1160
			1188	1160
			1187	1160
			1186	1160
			1186	1161
			1185	1161
			1184	1161
			1183	1161
			1182	1161
			1181	1161
			1180	1161
			1179	1161
			1178	1162
			1177	1162
			1176	1162
			1175	1162
			1174	1162
			1173	1162
			1172	1163
			1171	1163
			1170	1163
			1169	1163
			1168	1163
			1167	1163
			1166	1163
			1165	1164
			1164	1164
			1163	1164
			1162	1164
			1161	1164
			1160	1165
			1159	1165
			1158	1165
			1157	1165
			1156	1165
			1155	1165
			1154	1166
			1153	1166
			1152	1166
			1151	1166
			1150	1166
			1149	1167
			1148	1167
			1147	1167
			1146	1167
			1145	1167
			1144	1168
			1143	1168
			1142	1168
			1141	1168
			1140	1169
			1139	1169
			1138	1169
			1137	1169
			1136	1169
			1135	1170
			1134	1170
			1133	1170
			1132	1170
			1131	1171
			1130	1171
			1129	1171
			1128	1171
			1127	1172
			1126	1172
			1125	1172
			1124	1172
			1123	1173
			1122	1173
			1121	1173
			1120	1173
			1119	1174
			1118	1174
			1117	1174
			1116	1175
			1115	1175
			1114	1175
			1113	1175
			1112	1176
			1111	1176
			1110	1176
			1109	1176
			1108	1177
			1107	1177
			1106	1177
			1105	1177
			1104	1177
			1103	1177
			1102	1177
			1101	1177
			1100	1177
			1099	1177
			1098	1177
			1097	1177
			1096	1177
			1095	1177
			1094	1177
			1093	1177
			1092	1177
			1091	1177
			1090	1177
			1089	1177
			1088	1177
			1087	1177
			1086	1177
			1085	1177
			1084	1177
			1083	1177
			1082	1177
			1081	1177
			1080	1177
			1079	1177
			1078	1177
			1077	1177
			1076	1177
			1075	1176
			1074	1176
			1073	1176
			1072	1176
			1071	1176
			1070	1176
			1069	1176
			1068	1176
			1067	1176
			1066	1176
			1065	1176
			1064	1176
			1063	1176
			1062	1176
			1061	1176
			1060	1176
			1059	1176
			1058	1176
			1057	1176
			1056	1175
			1055	1175
			1054	1175
			1053	1175
			1052	1175
			1051	1175
			1050	1175
			1049	1175
		</c2>
	</curves.pixel>
	<curves.scaled type=list>
		<c1 type=matrix rownames=FALSE colnames=FALSE nrow=964 ncol=2 as.numeric=TRUE >
			45.7799334265836	-51.2787624177652
			45.7799334265836	-51.2351209178352
			45.7362919266536	-51.1914794179052
			45.7362919266536	-51.1478379179752
			45.7362919266536	-51.1041964180452
			45.7362919266536	-51.0605549181151
			45.7362919266536	-51.0169134181851
			45.7362919266536	-50.9732719182551
			45.7362919266536	-50.9296304183251
			45.7362919266536	-50.8859889183951
			45.7362919266536	-50.8423474184651
			45.7362919266536	-50.7987059185351
			45.7362919266536	-50.7550644186051
			45.7362919266536	-50.711422918675
			45.7799334265836	-50.667781418745
			45.7799334265836	-50.624139918815
			45.7799334265836	-50.580498418885
			45.8235749265136	-50.536856918955
			45.8235749265136	-50.493215419025
			45.8672164264436	-50.449573919095
			45.8672164264436	-50.4059324191649
			45.8672164264436	-50.3622909192349
			45.9108579263736	-50.3186494193049
			45.9108579263736	-50.2750079193749
			45.9544994263036	-50.2313664194449
			45.9981409262336	-50.1877249195149
			45.9981409262336	-50.1440834195849
			46.0417824261637	-50.1004419196549
			46.0417824261637	-50.0568004197248
			46.0854239260937	-50.0131589197948
			46.0854239260937	-49.9695174198648
			46.1290654260237	-49.9258759199348
			46.1727069259537	-49.8822344200048
			46.1727069259537	-49.8385929200748
			46.2163484258837	-49.8385929200748
			46.2599899258137	-49.7949514201448
			46.2599899258137	-49.7513099202148
			46.3036314257437	-49.7076684202847
			46.3472729256737	-49.6640269203547
			46.3909144256038	-49.6203854204247
			46.3909144256038	-49.5767439204947
			46.4345559255338	-49.5331024205647
			46.4781974254638	-49.4894609206347
			46.5218389253938	-49.4458194207047
			46.5654804253238	-49.4021779207746
			46.6091219252538	-49.3585364208446
			46.6527634251838	-49.3148949209146
			46.6964049251138	-49.2712534209846
			46.7400464250439	-49.2276119210546
			46.7836879249739	-49.1839704211246
			46.7836879249739	-49.1403289211946
			46.8273294249039	-49.0966874212646
			46.8709709248339	-49.0966874212646
			46.8709709248339	-49.0530459213345
			46.9146124247639	-49.0094044214045
			46.9582539246939	-49.0094044214045
			46.9582539246939	-48.9657629214745
			47.0018954246239	-48.9221214215445
			47.045536924554	-48.9221214215445
			47.045536924554	-48.8784799216145
			47.089178424484	-48.8348384216845
			47.132819924414	-48.8348384216845
			47.132819924414	-48.7911969217545
			47.176461424344	-48.7475554218245
			47.220102924274	-48.7475554218245
			47.263744424204	-48.7039139218944
			47.263744424204	-48.6602724219644
			47.307385924134	-48.6602724219644
			47.351027424064	-48.6166309220344
			47.3946689239941	-48.5729894221044
			47.4383104239241	-48.5293479221744
			47.4819519238541	-48.4857064222444
			47.4819519238541	-48.4420649223144
			47.5255934237841	-48.3984234223844
			47.5692349237141	-48.3547819224543
			47.6128764236441	-48.3111404225243
			47.6565179235741	-48.2674989225943
			47.6565179235741	-48.2238574226643
			47.7001594235041	-48.1802159227343
			47.7438009234342	-48.1365744228043
			47.7874424233642	-48.0929329228743
			47.8310839232942	-48.0492914229443
			47.8310839232942	-48.0056499230142
			47.8747254232242	-47.9620084230842
			47.9183669231542	-47.9183669231542
			47.9620084230842	-47.8747254232242
			48.0056499230142	-47.8310839232942
			48.0492914229443	-47.7874424233642
			48.0929329228743	-47.7438009234342
			48.0929329228743	-47.7001594235041
			48.1365744228043	-47.7001594235041
			48.1365744228043	-47.6565179235741
			48.1802159227343	-47.6128764236441
			48.2238574226643	-47.6128764236441
			48.2238574226643	-47.5692349237141
			48.2674989225943	-47.5255934237841
			48.3111404225243	-47.4819519238541
			48.3547819224543	-47.4383104239241
			48.3984234223844	-47.3946689239941
			48.4420649223144	-47.351027424064
			48.4420649223144	-47.307385924134
			48.4857064222444	-47.263744424204
			48.5293479221744	-47.263744424204
			48.5293479221744	-47.220102924274
			48.5729894221044	-47.176461424344
			48.6166309220344	-47.132819924414
			48.6602724219644	-47.089178424484
			48.7039139218944	-47.045536924554
			48.7039139218944	-47.0018954246239
			48.7475554218245	-46.9582539246939
			48.7911969217545	-46.9146124247639
			48.8348384216845	-46.9146124247639
			48.8348384216845	-46.8709709248339
			48.8784799216145	-46.8273294249039
			48.9221214215445	-46.7836879249739
			48.9657629214745	-46.7400464250439
			48.9657629214745	-46.6964049251138
			49.0094044214045	-46.6964049251138
			49.0530459213345	-46.6527634251838
			49.0966874212646	-46.6091219252538
			49.0966874212646	-46.5654804253238
			49.1403289211946	-46.5218389253938
			49.1839704211246	-46.5218389253938
			49.2276119210546	-46.4781974254638
			49.2276119210546	-46.4345559255338
			49.2712534209846	-46.3909144256038
			49.3148949209146	-46.3909144256038
			49.3148949209146	-46.3472729256737
			49.3585364208446	-46.3036314257437
			49.4021779207746	-46.2599899258137
			49.4458194207047	-46.2599899258137
			49.4458194207047	-46.2163484258837
			49.4894609206347	-46.1727069259537
			49.5331024205647	-46.1290654260237
			49.5767439204947	-46.0854239260937
			49.6203854204247	-46.0417824261637
			49.6640269203547	-45.9981409262336
			49.7076684202847	-45.9544994263036
			49.7513099202148	-45.9544994263036
			49.7513099202148	-45.9108579263736
			49.7949514201448	-45.8672164264436
			49.8385929200748	-45.8235749265136
			49.8822344200048	-45.7799334265836
			49.9258759199348	-45.7799334265836
			49.9258759199348	-45.7362919266536
			49.9695174198648	-45.6926504267236
			50.0131589197948	-45.6490089267935
			50.0568004197248	-45.6053674268635
			50.1004419196549	-45.6053674268635
			50.1004419196549	-45.5617259269335
			50.1440834195849	-45.5180844270035
			50.1877249195149	-45.4744429270735
			50.2313664194449	-45.4744429270735
			50.2750079193749	-45.4308014271435
			50.2750079193749	-45.3871599272135
			50.3186494193049	-45.3871599272135
			50.3622909192349	-45.3435184272834
			50.4059324191649	-45.2998769273534
			50.449573919095	-45.2562354274234
			50.493215419025	-45.2125939274934
			50.536856918955	-45.1689524275634
			50.580498418885	-45.1689524275634
			50.624139918815	-45.1253109276334
			50.667781418745	-45.0816694277034
			50.667781418745	-45.0380279277734
			50.711422918675	-45.0380279277734
			50.7550644186051	-44.9943864278433
			50.7987059185351	-44.9507449279133
			50.8423474184651	-44.9507449279133
			50.8859889183951	-44.9071034279833
			50.9296304183251	-44.8634619280533
			50.9732719182551	-44.8198204281233
			51.0169134181851	-44.7761789281933
			51.0605549181151	-44.7325374282633
			51.1041964180452	-44.7325374282633
			51.1478379179752	-44.6888959283333
			51.1914794179052	-44.6452544284032
			51.2351209178352	-44.6452544284032
			51.2787624177652	-44.6016129284732
			51.3224039176952	-44.5579714285432
			51.3660454176252	-44.5579714285432
			51.4096869175552	-44.5143299286132
			51.4533284174853	-44.4706884286832
			51.4969699174153	-44.4706884286832
			51.5406114173453	-44.4270469287532
			51.5842529172753	-44.4270469287532
			51.6278944172053	-44.3834054288232
			51.6715359171353	-44.3397639288931
			51.7151774170653	-44.3397639288931
			51.7588189169954	-44.2961224289631
			51.8024604169254	-44.2961224289631
			51.8461019168554	-44.2524809290331
			51.8897434167854	-44.2524809290331
			51.9333849167154	-44.2088394291031
			51.9770264166454	-44.2088394291031
			52.0206679165754	-44.1651979291731
			52.0643094165054	-44.1651979291731
			52.1079509164355	-44.1651979291731
			52.1515924163655	-44.1215564292431
			52.1952339162955	-44.1215564292431
			52.2388754162255	-44.1215564292431
			52.2825169161555	-44.0779149293131
			52.3261584160855	-44.0779149293131
			52.3697999160155	-44.0779149293131
			52.4134414159455	-44.0779149293131
			52.4570829158756	-44.0342734293831
			52.5007244158056	-44.0342734293831
			52.5443659157356	-44.0342734293831
			52.5880074156656	-43.990631929453
			52.6316489155956	-43.946990429523
			52.6316489155956	-43.903348929593
			52.6752904155256	-43.859707429663
			52.7189319154556	-43.816065929733
			52.7625734153856	-43.772424429803
			52.8062149153157	-43.728782929873
			52.8498564152457	-43.685141429943
			52.8934979151757	-43.6414999300129
			52.9371394151057	-43.5978584300829
			52.9371394151057	-43.5542169301529
			52.9807809150357	-43.5105754302229
			53.0244224149657	-43.4669339302929
			53.0680639148957	-43.4232924303629
			53.1117054148257	-43.3796509304329
			53.1553469147558	-43.3360094305028
			53.1989884146858	-43.2923679305728
			53.2426299146158	-43.2487264306428
			53.2426299146158	-43.2050849307128
			53.2862714145458	-43.1614434307828
			53.3299129144758	-43.1178019308528
			53.3735544144058	-43.0741604309228
			53.4171959143358	-43.0305189309928
			53.4608374142659	-42.9868774310627
			53.5044789141959	-42.9868774310627
			53.5481204141259	-42.9432359311327
			53.5917619140559	-42.8995944312027
			53.5917619140559	-42.8559529312727
			53.6354034139859	-42.8123114313427
			53.6790449139159	-42.7686699314127
			53.7226864138459	-42.7250284314827
			53.7663279137759	-42.6813869315527
			53.809969413706	-42.6377454316226
			53.853610913636	-42.5941039316926
			53.897252413566	-42.5504624317626
			53.940893913496	-42.5068209318326
			53.984535413426	-42.4631794319026
			54.028176913356	-42.4195379319726
			54.071818413286	-42.3758964320426
			54.115459913216	-42.3322549321126
			54.1591014131461	-42.2886134321825
			54.2027429130761	-42.2449719322525
			54.2463844130061	-42.2013304323225
			54.2900259129361	-42.1576889323925
			54.3336674128661	-42.1576889323925
			54.3336674128661	-42.1140474324625
			54.3773089127961	-42.0704059325325
			54.4209504127261	-42.0267644326025
			54.4645919126562	-42.0267644326025
			54.5082334125862	-41.9831229326725
			54.5082334125862	-41.9394814327424
			54.5518749125162	-41.9394814327424
			54.5955164124462	-41.8958399328124
			54.6391579123762	-41.8521984328824
			54.6827994123062	-41.8085569329524
			54.7264409122362	-41.7649154330224
			54.7700824121662	-41.7212739330924
			54.8137239120963	-41.6776324331624
			54.8573654120263	-41.6776324331624
			54.9010069119563	-41.6339909332323
			54.9446484118863	-41.5903494333023
			54.9882899118163	-41.5467079333723
			55.0319314117463	-41.5030664334423
			55.0755729116763	-41.4594249335123
			55.1192144116063	-41.4594249335123
			55.1628559115364	-41.4157834335823
			55.2064974114664	-41.3721419336523
			55.2501389113964	-41.3285004337223
			55.2937804113264	-41.2848589337922
			55.3374219112564	-41.2848589337922
			55.3810634111864	-41.2412174338622
			55.4247049111164	-41.1975759339322
			55.4247049111164	-41.1539344340022
			55.4683464110464	-41.1539344340022
			55.5119879109765	-41.1102929340722
			55.5556294109065	-41.0666514341422
			55.5992709108365	-41.0230099342122
			55.6429124107665	-41.0230099342122
			55.6865539106965	-40.9793684342822
			55.7301954106265	-40.9357269343521
			55.7738369105565	-40.8920854344221
			55.8174784104866	-40.8920854344221
			55.8611199104166	-40.8484439344921
			55.9047614103466	-40.8048024345621
			55.9484029102766	-40.7611609346321
			55.9920444102066	-40.7611609346321
			56.0356859101366	-40.7175194347021
			56.0793274100666	-40.6738779347721
			56.1229689099966	-40.6738779347721
			56.1666104099267	-40.630236434842
			56.2102519098567	-40.586594934912
			56.2538934097867	-40.586594934912
			56.2975349097167	-40.542953434982
			56.3411764096467	-40.499311935052
			56.3848179095767	-40.499311935052
			56.4284594095067	-40.455670435122
			56.4721009094367	-40.412028935192
			56.5157424093668	-40.412028935192
			56.5593839092968	-40.368387435262
			56.6030254092268	-40.324745935332
			56.6466669091568	-40.324745935332
			56.6903084090868	-40.2811044354019
			56.7339499090168	-40.2374629354719
			56.7775914089468	-40.2374629354719
			56.8212329088769	-40.1938214355419
			56.8648744088069	-40.1501799356119
			56.9085159087369	-40.1501799356119
			56.9521574086669	-40.1065384356819
			56.9957989085969	-40.1065384356819
			57.0394404085269	-40.0628969357519
			57.0830819084569	-40.0192554358219
			57.1267234083869	-40.0192554358219
			57.170364908317	-39.9756139358919
			57.214006408247	-39.9756139358919
			57.257647908177	-39.9319724359618
			57.301289408107	-39.8883309360318
			57.344930908037	-39.8883309360318
			57.388572407967	-39.8446894361018
			57.432213907897	-39.8446894361018
			57.475855407827	-39.8010479361718
			57.5194969077571	-39.8010479361718
			57.5631384076871	-39.7574064362418
			57.6067799076171	-39.7137649363118
			57.6504214075471	-39.7137649363118
			57.6940629074771	-39.6701234363818
			57.7377044074071	-39.6701234363818
			57.7813459073371	-39.6264819364518
			57.8249874072671	-39.6264819364518
			57.8686289071972	-39.5828404365217
			57.9122704071272	-39.5828404365217
			57.9559119070572	-39.5391989365917
			57.9995534069872	-39.5391989365917
			58.0431949069172	-39.5391989365917
			58.0431949069172	-39.4955574366617
			58.0868364068472	-39.4955574366617
			58.1304779067772	-39.4955574366617
			58.1304779067772	-39.4519159367317
			58.1741194067072	-39.4519159367317
			58.2177609066373	-39.4082744368017
			58.2614024065673	-39.4082744368017
			58.3050439064973	-39.3646329368717
			58.3486854064273	-39.3646329368717
			58.3923269063573	-39.3646329368717
			58.3923269063573	-39.3209914369417
			58.4359684062873	-39.3209914369417
			58.4796099062173	-39.3209914369417
			58.5232514061474	-39.2773499370116
			58.5668929060774	-39.2773499370116
			58.6105344060074	-39.2337084370816
			58.6541759059374	-39.2337084370816
			58.6978174058674	-39.2337084370816
			58.7414589057974	-39.1900669371516
			58.7851004057274	-39.1900669371516
			58.7851004057274	-39.1464254372216
			58.8287419056574	-39.1464254372216
			58.8723834055875	-39.1464254372216
			58.9160249055175	-39.1027839372916
			58.9596664054475	-39.1027839372916
			59.0033079053775	-39.1027839372916
			59.0469494053075	-39.0591424373616
			59.0905909052375	-39.0591424373616
			59.1342324051675	-39.0591424373616
			59.1778739050975	-39.0155009374316
			59.2215154050276	-39.0155009374316
			59.2215154050276	-38.9718594375016
			59.2651569049576	-38.9718594375016
			59.3087984048876	-38.9718594375016
			59.3524399048176	-38.9282179375715
			59.3960814047476	-38.9282179375715
			59.4397229046776	-38.9282179375715
			59.4833644046076	-38.8845764376415
			59.5270059045377	-38.8845764376415
			59.5706474044677	-38.8845764376415
			59.6142889043977	-38.8845764376415
			59.6579304043277	-38.8409349377115
			59.7015719042577	-38.8409349377115
			59.7452134041877	-38.8409349377115
			59.7452134041877	-38.7972934377815
			59.7888549041177	-38.7972934377815
			59.8324964040477	-38.7972934377815
			59.8761379039778	-38.7536519378515
			59.9197794039078	-38.7536519378515
			59.9634209038378	-38.7536519378515
			60.0070624037678	-38.7536519378515
			60.0507039036978	-38.7100104379215
			60.0943454036278	-38.7100104379215
			60.1379869035578	-38.7100104379215
			60.1816284034878	-38.6663689379915
			60.2252699034179	-38.6663689379915
			60.2689114033479	-38.6663689379915
			60.3125529032779	-38.6663689379915
			60.3125529032779	-38.6227274380615
			60.3561944032079	-38.6227274380615
			60.3998359031379	-38.6227274380615
			60.4434774030679	-38.6227274380615
			60.4871189029979	-38.5790859381314
			60.530760402928	-38.5790859381314
			60.574401902858	-38.5790859381314
			60.618043402788	-38.5790859381314
			60.661684902718	-38.5354444382014
			60.705326402648	-38.5354444382014
			60.748967902578	-38.5354444382014
			60.792609402508	-38.5354444382014
			60.836250902438	-38.5354444382014
			60.8798924023681	-38.4918029382714
			60.9235339022981	-38.4918029382714
			60.9671754022281	-38.4918029382714
			61.0108169021581	-38.4918029382714
			61.0544584020881	-38.4481614383414
			61.0980999020181	-38.4481614383414
			61.1417414019481	-38.4481614383414
			61.1853829018781	-38.4481614383414
			61.2290244018082	-38.4481614383414
			61.2726659017382	-38.4045199384114
			61.3163074016682	-38.4045199384114
			61.3599489015982	-38.4045199384114
			61.4035904015282	-38.4045199384114
			61.4472319014582	-38.4045199384114
			61.4908734013882	-38.3608784384814
			61.5345149013182	-38.3608784384814
			61.5781564012483	-38.3608784384814
			61.6217979011783	-38.3608784384814
			61.6654394011083	-38.3608784384814
			61.7090809010383	-38.3608784384814
			61.7527224009683	-38.3172369385514
			61.7963639008983	-38.3172369385514
			61.8400054008283	-38.3172369385514
			61.8836469007584	-38.3172369385514
			61.9272884006884	-38.3172369385514
			61.9709299006184	-38.3172369385514
			62.0145714005484	-38.3172369385514
			62.0582129004784	-38.2735954386213
			62.1018544004084	-38.2735954386213
			62.1454959003384	-38.2735954386213
			62.1891374002684	-38.2735954386213
			62.2327789001985	-38.2735954386213
			62.2764204001285	-38.2735954386213
			62.3200619000585	-38.2735954386213
			62.3637033999885	-38.2735954386213
			62.4073448999185	-38.2735954386213
			62.4509863998485	-38.2299539386913
			62.4946278997785	-38.2299539386913
			62.5382693997085	-38.2299539386913
			62.5819108996386	-38.2299539386913
			62.6255523995686	-38.2299539386913
			62.6691938994986	-38.2299539386913
			62.7128353994286	-38.2299539386913
			62.7564768993586	-38.2299539386913
			62.8001183992886	-38.2299539386913
			62.8437598992186	-38.2299539386913
			62.8874013991487	-38.2299539386913
			62.9310428990787	-38.2299539386913
			62.9746843990087	-38.2299539386913
			63.0183258989387	-38.2299539386913
			63.0619673988687	-38.1863124387613
			63.1056088987987	-38.1863124387613
			63.1492503987287	-38.1863124387613
			63.1928918986587	-38.1863124387613
			63.2365333985888	-38.1863124387613
			63.2801748985188	-38.1863124387613
			63.3238163984488	-38.1863124387613
			63.3674578983788	-38.1863124387613
			63.4110993983088	-38.1863124387613
			63.4547408982388	-38.1863124387613
			63.4983823981688	-38.1863124387613
			63.5420238980988	-38.1863124387613
			63.5856653980289	-38.1863124387613
			63.6293068979589	-38.1863124387613
			63.6729483978889	-38.1863124387613
			63.7165898978189	-38.1863124387613
			63.7602313977489	-38.1863124387613
			63.8038728976789	-38.1863124387613
			63.8475143976089	-38.1863124387613
			63.8911558975389	-38.1863124387613
			63.934797397469	-38.1863124387613
			63.978438897399	-38.1863124387613
			64.022080397329	-38.1863124387613
			64.065721897259	-38.1863124387613
			64.109363397189	-38.1863124387613
			64.153004897119	-38.1863124387613
			64.196646397049	-38.1863124387613
			64.2402878969791	-38.1863124387613
			64.2839293969091	-38.1863124387613
			64.3275708968391	-38.1863124387613
			64.3712123967691	-38.1863124387613
			64.3712123967691	-38.2299539386913
			64.4148538966991	-38.2299539386913
			64.4584953966291	-38.2299539386913
			64.5021368965591	-38.2299539386913
			64.5457783964891	-38.2299539386913
			64.5894198964192	-38.2299539386913
			64.6330613963492	-38.2299539386913
			64.6767028962792	-38.2299539386913
			64.7203443962092	-38.2299539386913
			64.7639858961392	-38.2299539386913
			64.8076273960692	-38.2299539386913
			64.8512688959992	-38.2299539386913
			64.8949103959292	-38.2299539386913
			64.9385518958593	-38.2299539386913
			64.9821933957893	-38.2299539386913
			65.0258348957193	-38.2735954386213
			65.0694763956493	-38.2735954386213
			65.1131178955793	-38.2735954386213
			65.1567593955093	-38.2735954386213
			65.2004008954393	-38.2735954386213
			65.2440423953693	-38.2735954386213
			65.2876838952994	-38.2735954386213
			65.3313253952294	-38.2735954386213
			65.3749668951594	-38.2735954386213
			65.4186083950894	-38.2735954386213
			65.4622498950194	-38.3172369385514
			65.5058913949494	-38.3172369385514
			65.5495328948794	-38.3172369385514
			65.5931743948095	-38.3172369385514
			65.6368158947395	-38.3172369385514
			65.6804573946695	-38.3172369385514
			65.7240988945995	-38.3172369385514
			65.7677403945295	-38.3608784384814
			65.8113818944595	-38.3608784384814
			65.8550233943895	-38.3608784384814
			65.8986648943195	-38.3608784384814
			65.9423063942496	-38.3608784384814
			65.9859478941796	-38.3608784384814
			66.0295893941096	-38.4045199384114
			66.0732308940396	-38.4045199384114
			66.1168723939696	-38.4045199384114
			66.1605138938996	-38.4045199384114
			66.2041553938296	-38.4045199384114
			66.2477968937596	-38.4045199384114
			66.2914383936897	-38.4481614383414
			66.3350798936197	-38.4481614383414
			66.3787213935497	-38.4481614383414
			66.4223628934797	-38.4481614383414
			66.4660043934097	-38.4481614383414
			66.5096458933397	-38.4918029382714
			66.5532873932697	-38.4918029382714
			66.5969288931997	-38.4918029382714
			66.6405703931298	-38.4918029382714
			66.6842118930598	-38.4918029382714
			66.7278533929898	-38.5354444382014
			66.7714948929198	-38.5354444382014
			66.8151363928498	-38.5354444382014
			66.8587778927798	-38.5354444382014
			66.9024193927098	-38.5354444382014
			66.9460608926398	-38.5790859381314
			66.9897023925699	-38.5790859381314
			67.0333438924999	-38.5790859381314
			67.0769853924299	-38.5790859381314
			67.1206268923599	-38.5790859381314
			67.1642683922899	-38.6227274380615
			67.2079098922199	-38.6227274380615
			67.2515513921499	-38.6227274380615
			67.29519289208	-38.6227274380615
			67.33883439201	-38.6663689379915
			67.38247589194	-38.6663689379915
			67.42611739187	-38.6663689379915
			67.4697588918	-38.6663689379915
			67.51340039173	-38.7100104379215
			67.55704189166	-38.7100104379215
			67.6006833915901	-38.7100104379215
			67.6443248915201	-38.7100104379215
			67.6879663914501	-38.7536519378515
			67.7316078913801	-38.7536519378515
			67.7752493913101	-38.7536519378515
			67.8188908912401	-38.7972934377815
			67.8625323911701	-38.7972934377815
			67.9061738911001	-38.7972934377815
			67.9498153910302	-38.7972934377815
			67.9934568909602	-38.8409349377115
			68.0370983908902	-38.8409349377115
			68.0807398908202	-38.8409349377115
			68.1243813907502	-38.8409349377115
			68.1243813907502	-38.8845764376415
			68.1680228906802	-38.8845764376415
			68.2116643906102	-38.8845764376415
			68.2553058905402	-38.8845764376415
			68.2989473904703	-38.8845764376415
			68.3425888904003	-38.8845764376415
			68.3862303903303	-38.8845764376415
			68.4298718902603	-38.8845764376415
			68.4735133901903	-38.8845764376415
			68.5171548901203	-38.9282179375715
			68.5607963900503	-38.9282179375715
			68.6044378899803	-38.9282179375715
			68.6480793899104	-38.9282179375715
			68.6917208898404	-38.9282179375715
			68.7353623897704	-38.9282179375715
			68.7790038897004	-38.9282179375715
			68.8226453896304	-38.9282179375715
			68.8662868895604	-38.9718594375016
			68.9099283894904	-38.9718594375016
			68.9535698894205	-38.9718594375016
			68.9972113893505	-38.9718594375016
			69.0408528892805	-38.9718594375016
			69.0844943892105	-39.0155009374316
			69.1281358891405	-39.0155009374316
			69.1717773890705	-39.0155009374316
			69.2154188890005	-39.0155009374316
			69.2590603889305	-39.0591424373616
			69.3027018888606	-39.0591424373616
			69.3463433887906	-39.0591424373616
			69.3899848887206	-39.0591424373616
			69.4336263886506	-39.0591424373616
			69.4336263886506	-39.1027839372916
			69.4772678885806	-39.1027839372916
			69.5209093885106	-39.1027839372916
			69.5645508884406	-39.1027839372916
			69.6081923883706	-39.1464254372216
			69.6518338883007	-39.1464254372216
			69.6954753882307	-39.1464254372216
			69.7391168881607	-39.1900669371516
			69.7827583880907	-39.1900669371516
			69.8263998880207	-39.1900669371516
			69.8700413879507	-39.2337084370816
			69.9136828878807	-39.2337084370816
			69.9573243878107	-39.2337084370816
			69.9573243878107	-39.2773499370116
			70.0009658877408	-39.2773499370116
			70.0446073876708	-39.2773499370116
			70.0882488876008	-39.3209914369417
			70.1318903875308	-39.3209914369417
			70.1755318874608	-39.3209914369417
			70.2191733873908	-39.3646329368717
			70.2628148873208	-39.3646329368717
			70.2628148873208	-39.4082744368017
			70.3064563872508	-39.4082744368017
			70.3500978871809	-39.4082744368017
			70.3937393871109	-39.4519159367317
			70.4373808870409	-39.4519159367317
			70.4810223869709	-39.4955574366617
			70.5246638869009	-39.4955574366617
			70.5683053868309	-39.5391989365917
			70.6119468867609	-39.5391989365917
			70.655588386691	-39.5828404365217
			70.699229886621	-39.6264819364518
			70.742871386551	-39.6264819364518
			70.786512886481	-39.6701234363818
			70.830154386411	-39.6701234363818
			70.873795886341	-39.7137649363118
			70.917437386271	-39.7574064362418
			70.961078886201	-39.7574064362418
			71.0047203861311	-39.8010479361718
			71.0483618860611	-39.8446894361018
			71.0920033859911	-39.8446894361018
			71.1356448859211	-39.8883309360318
			71.1792863858511	-39.9319724359618
			71.2229278857811	-39.9319724359618
			71.2665693857111	-39.9756139358919
			71.3102108856411	-40.0192554358219
			71.3538523855712	-40.0628969357519
			71.3974938855012	-40.0628969357519
			71.4411353854312	-40.1065384356819
			71.4847768853612	-40.1501799356119
			71.5284183852912	-40.1938214355419
			71.5720598852212	-40.1938214355419
			71.5720598852212	-40.2374629354719
			71.6157013851512	-40.2811044354019
			71.6593428850812	-40.324745935332
			71.7029843850113	-40.368387435262
			71.7466258849413	-40.368387435262
			71.7902673848713	-40.412028935192
			71.8339088848013	-40.455670435122
			71.8775503847313	-40.499311935052
			71.9211918846613	-40.542953434982
			71.9648333845913	-40.586594934912
			71.9648333845913	-40.630236434842
			72.0084748845213	-40.630236434842
			72.0521163844514	-40.6738779347721
			72.0957578843814	-40.7175194347021
			72.1393993843114	-40.7611609346321
			72.1830408842414	-40.8048024345621
			72.2266823841714	-40.8484439344921
			72.2266823841714	-40.8920854344221
			72.2703238841014	-40.9357269343521
			72.3139653840314	-40.9793684342822
			72.3576068839615	-41.0230099342122
			72.4012483838915	-41.0666514341422
			72.4448898838215	-41.1102929340722
			72.4448898838215	-41.1539344340022
			72.4885313837515	-41.1975759339322
			72.5321728836815	-41.2412174338622
			72.5758143836115	-41.2848589337922
			72.6194558835415	-41.3285004337223
			72.6630973834716	-41.3721419336523
			72.6630973834716	-41.4157834335823
			72.7067388834016	-41.4594249335123
			72.7067388834016	-41.5030664334423
			72.7503803833316	-41.5030664334423
			72.7503803833316	-41.5467079333723
			72.7940218832616	-41.5903494333023
			72.8376633831916	-41.6339909332323
			72.8813048831216	-41.6776324331624
			72.8813048831216	-41.7212739330924
			72.9249463830516	-41.7649154330224
			72.9249463830516	-41.8085569329524
			72.9685878829816	-41.8521984328824
			72.9685878829816	-41.8958399328124
			73.0122293829117	-41.8958399328124
			73.0122293829117	-41.9394814327424
			73.0558708828417	-41.9831229326725
			73.0558708828417	-42.0267644326025
			73.0995123827717	-42.0704059325325
			73.1431538827017	-42.1140474324625
			73.1431538827017	-42.1576889323925
			73.1867953826317	-42.2013304323225
			73.2304368825617	-42.2449719322525
			73.2304368825617	-42.2886134321825
			73.2740783824917	-42.3322549321126
			73.2740783824917	-42.3758964320426
			73.3177198824217	-42.4195379319726
			73.3177198824217	-42.4631794319026
			73.3613613823518	-42.5068209318326
			73.3613613823518	-42.5504624317626
			73.4050028822818	-42.5941039316926
			73.4050028822818	-42.6377454316226
			73.4486443822118	-42.6377454316226
			73.4486443822118	-42.6813869315527
			73.4922858821418	-42.7250284314827
			73.4922858821418	-42.7686699314127
			73.4922858821418	-42.8123114313427
			73.5359273820718	-42.8559529312727
			73.5795688820018	-42.8995944312027
			73.5795688820018	-42.9432359311327
			73.6232103819318	-42.9868774310627
			73.6232103819318	-43.0305189309928
			73.6668518818618	-43.0741604309228
			73.6668518818618	-43.1178019308528
			73.6668518818618	-43.1614434307828
			73.7104933817919	-43.1614434307828
			73.7104933817919	-43.2050849307128
			73.7104933817919	-43.2487264306428
			73.7541348817219	-43.2923679305728
			73.7541348817219	-43.3360094305028
			73.7977763816519	-43.3796509304329
			73.7977763816519	-43.4232924303629
			73.8414178815819	-43.4669339302929
			73.8414178815819	-43.5105754302229
			73.8414178815819	-43.5542169301529
			73.8850593815119	-43.5542169301529
			73.8850593815119	-43.5978584300829
			73.8850593815119	-43.6414999300129
			73.9287008814419	-43.685141429943
			73.9287008814419	-43.728782929873
			73.9723423813719	-43.772424429803
			73.9723423813719	-43.816065929733
			73.9723423813719	-43.859707429663
			74.0159838813019	-43.903348929593
			74.0159838813019	-43.946990429523
			74.059625381232	-43.990631929453
			74.059625381232	-44.0342734293831
			74.059625381232	-44.0779149293131
			74.103266881162	-44.1215564292431
			74.103266881162	-44.1651979291731
			74.103266881162	-44.2088394291031
			74.146908381092	-44.2524809290331
			74.146908381092	-44.2961224289631
			74.190549881022	-44.3397639288931
			74.190549881022	-44.3834054288232
			74.190549881022	-44.4270469287532
			74.234191380952	-44.4706884286832
			74.234191380952	-44.5143299286132
			74.234191380952	-44.5579714285432
			74.277832880882	-44.6016129284732
			74.277832880882	-44.6452544284032
			74.277832880882	-44.6888959283333
			74.321474380812	-44.7325374282633
			74.321474380812	-44.7761789281933
			74.321474380812	-44.8198204281233
			74.3651158807421	-44.8634619280533
			74.3651158807421	-44.9071034279833
			74.3651158807421	-44.9507449279133
			74.4087573806721	-44.9943864278433
			74.4087573806721	-45.0380279277734
			74.4087573806721	-45.0816694277034
			74.4523988806021	-45.1253109276334
			74.4523988806021	-45.1689524275634
			74.4523988806021	-45.2125939274934
			74.4960403805321	-45.2562354274234
			74.4960403805321	-45.2998769273534
			74.4960403805321	-45.3435184272834
			74.4960403805321	-45.3871599272135
			74.5396818804621	-45.4308014271435
			74.5396818804621	-45.4744429270735
			74.5396818804621	-45.5180844270035
			74.5833233803921	-45.5617259269335
			74.5833233803921	-45.6053674268635
			74.5833233803921	-45.6490089267935
			74.5833233803921	-45.6926504267236
			74.6269648803221	-45.7362919266536
			74.6269648803221	-45.7799334265836
			74.6269648803221	-45.8235749265136
			74.6706063802521	-45.8672164264436
			74.6706063802521	-45.9108579263736
			74.6706063802521	-45.9544994263036
			74.6706063802521	-45.9981409262336
			74.7142478801822	-46.0417824261637
			74.7142478801822	-46.0854239260937
			74.7142478801822	-46.1290654260237
			74.7142478801822	-46.1727069259537
			74.7578893801122	-46.2163484258837
			74.7578893801122	-46.2599899258137
			74.7578893801122	-46.3036314257437
			74.7578893801122	-46.3472729256737
			74.8015308800422	-46.3909144256038
			74.8015308800422	-46.4345559255338
			74.8015308800422	-46.4781974254638
			74.8015308800422	-46.5218389253938
			74.8451723799722	-46.5654804253238
			74.8451723799722	-46.6091219252538
			74.8888138799022	-46.6091219252538
			74.8888138799022	-46.6527634251838
			74.9324553798322	-46.6527634251838
			74.9324553798322	-46.6964049251138
			74.9760968797622	-46.6964049251138
			74.9760968797622	-46.7400464250439
			75.0197383796922	-46.7400464250439
			75.0197383796922	-46.7836879249739
			75.0633798796223	-46.7836879249739
			75.0633798796223	-46.8273294249039
			75.1070213795523	-46.8273294249039
			75.1070213795523	-46.8709709248339
			75.1506628794823	-46.8709709248339
			75.1506628794823	-46.9146124247639
			75.1943043794123	-46.9146124247639
			75.1943043794123	-46.9582539246939
			75.2379458793423	-46.9582539246939
			75.2815873792723	-47.0018954246239
			75.3252288792023	-47.045536924554
			75.3688703791323	-47.089178424484
			75.4125118790624	-47.132819924414
			75.4561533789924	-47.176461424344
			75.4997948789224	-47.220102924274
			75.5434363788524	-47.220102924274
			75.5434363788524	-47.263744424204
			75.5870778787824	-47.307385924134
			75.6307193787124	-47.351027424064
			75.6743608786424	-47.3946689239941
			75.7180023785725	-47.4383104239241
			75.7616438785025	-47.4819519238541
			75.8052853784325	-47.5255934237841
			75.8489268783625	-47.5692349237141
			75.8925683782925	-47.6128764236441
			75.8925683782925	-47.6565179235741
			75.9362098782225	-47.6565179235741
			75.9798513781525	-47.7001594235041
			76.0234928780825	-47.7438009234342
			76.0671343780126	-47.7874424233642
			76.1107758779426	-47.8310839232942
			76.1544173778726	-47.8747254232242
			76.1544173778726	-47.9183669231542
			76.1980588778026	-47.9620084230842
			76.2417003777326	-47.9620084230842
			76.2853418776626	-48.0056499230142
			76.2853418776626	-48.0492914229443
			76.3289833775926	-48.0929329228743
			76.3726248775227	-48.1365744228043
			76.4162663774527	-48.1802159227343
			76.4599078773827	-48.2238574226643
			76.4599078773827	-48.2674989225943
			76.5035493773127	-48.2674989225943
			76.5471908772427	-48.3111404225243
			76.5471908772427	-48.3547819224543
			76.5908323771727	-48.3984234223844
			76.6344738771027	-48.4420649223144
			76.6781153770327	-48.4857064222444
			76.6781153770327	-48.5293479221744
			76.7217568769628	-48.5293479221744
			76.7653983768928	-48.5729894221044
			76.7653983768928	-48.6166309220344
			76.8090398768228	-48.6602724219644
			76.8526813767528	-48.7039139218944
			76.8526813767528	-48.7475554218245
			76.8963228766828	-48.7475554218245
			76.8963228766828	-48.7911969217545
			76.9399643766128	-48.8348384216845
			76.9836058765428	-48.8784799216145
			76.9836058765428	-48.9221214215445
			77.0272473764728	-48.9657629214745
			77.0708888764029	-49.0094044214045
			77.1145303763329	-49.0530459213345
			77.1145303763329	-49.0966874212646
			77.1581718762629	-49.1403289211946
			77.2018133761929	-49.1839704211246
			77.2018133761929	-49.2276119210546
			77.2454548761229	-49.2712534209846
			77.2454548761229	-49.3148949209146
			77.2890963760529	-49.3585364208446
			77.3327378759829	-49.4021779207746
			77.3327378759829	-49.4458194207047
			77.3763793759129	-49.4894609206347
			77.3763793759129	-49.5331024205647
			77.420020875843	-49.5767439204947
			77.420020875843	-49.6203854204247
			77.463662375773	-49.6640269203547
			77.507303875703	-49.7076684202847
			77.550945375633	-49.7513099202148
			77.550945375633	-49.7949514201448
			77.550945375633	-49.8385929200748
			77.594586875563	-49.8385929200748
			77.594586875563	-49.8822344200048
			77.594586875563	-49.9258759199348
			77.638228375493	-49.9258759199348
			77.638228375493	-49.9695174198648
			77.638228375493	-50.0131589197948
			77.681869875423	-50.0568004197248
			77.681869875423	-50.1004419196549
			77.7255113753531	-50.1440834195849
			77.7255113753531	-50.1877249195149
			77.7255113753531	-50.2313664194449
			77.7691528752831	-50.2313664194449
			77.7691528752831	-50.2750079193749
			77.7691528752831	-50.3186494193049
			77.7691528752831	-50.3622909192349
			77.8127943752131	-50.3622909192349
			77.8127943752131	-50.4059324191649
			77.8127943752131	-50.449573919095
			77.8127943752131	-50.493215419025
			77.8564358751431	-50.493215419025
			77.8564358751431	-50.536856918955
			77.8564358751431	-50.580498418885
			77.8564358751431	-50.624139918815
			77.9000773750731	-50.624139918815
			77.9000773750731	-50.667781418745
			77.9000773750731	-50.711422918675
			77.9000773750731	-50.7550644186051
			77.9000773750731	-50.7987059185351
			77.9437188750031	-50.8423474184651
			77.9437188750031	-50.8859889183951
			77.9437188750031	-50.9296304183251
			77.9437188750031	-50.9732719182551
			77.9437188750031	-51.0169134181851
			77.9437188750031	-51.0605549181151
			77.9873603749331	-51.1041964180452
			77.9873603749331	-51.1478379179752
			77.9873603749331	-51.1914794179052
			77.9873603749331	-51.2351209178352
			77.9873603749331	-51.2787624177652
			77.9873603749331	-51.3224039176952
			77.9873603749331	-51.3660454176252
			77.9873603749331	-51.4096869175552
			77.9873603749331	-51.4533284174853
			77.9873603749331	-51.4969699174153
			77.9873603749331	-51.5406114173453
			77.9873603749331	-51.5842529172753
			77.9437188750031	-51.6278944172053
			77.9437188750031	-51.6715359171353
			77.9437188750031	-51.7151774170653
			77.9437188750031	-51.7588189169954
			77.9437188750031	-51.8024604169254
			77.9437188750031	-51.8461019168554
			77.9000773750731	-51.8897434167854
			77.9000773750731	-51.9333849167154
			77.9000773750731	-51.9770264166454
			77.9000773750731	-52.0206679165754
			77.8564358751431	-52.0643094165054
			77.8564358751431	-52.1079509164355
		</c1>
		<c2 type=matrix rownames=FALSE colnames=FALSE nrow=745 ncol=2 as.numeric=TRUE >
			77.8564358751431	-52.1079509164355
			77.8127943752131	-52.1079509164355
			77.7691528752831	-52.1079509164355
			77.7255113753531	-52.1079509164355
			77.681869875423	-52.1079509164355
			77.638228375493	-52.1079509164355
			77.594586875563	-52.1079509164355
			77.550945375633	-52.1079509164355
			77.507303875703	-52.1079509164355
			77.463662375773	-52.1079509164355
			77.420020875843	-52.1079509164355
			77.3763793759129	-52.1079509164355
			77.3327378759829	-52.1079509164355
			77.2890963760529	-52.1079509164355
			77.2454548761229	-52.1079509164355
			77.2018133761929	-52.1079509164355
			77.1581718762629	-52.1079509164355
			77.1145303763329	-52.1079509164355
			77.0708888764029	-52.1079509164355
			77.0272473764728	-52.1079509164355
			76.9836058765428	-52.1079509164355
			76.9399643766128	-52.1079509164355
			76.8963228766828	-52.1079509164355
			76.8526813767528	-52.1079509164355
			76.8090398768228	-52.1079509164355
			76.7653983768928	-52.1079509164355
			76.7217568769628	-52.1079509164355
			76.6781153770327	-52.1079509164355
			76.6344738771027	-52.1079509164355
			76.5908323771727	-52.1079509164355
			76.5471908772427	-52.0643094165054
			76.5035493773127	-52.0643094165054
			76.4599078773827	-52.0643094165054
			76.4162663774527	-52.0643094165054
			76.3726248775227	-52.0643094165054
			76.3289833775926	-52.0643094165054
			76.2853418776626	-52.0643094165054
			76.2417003777326	-52.0643094165054
			76.1980588778026	-52.0643094165054
			76.1544173778726	-52.0643094165054
			76.1107758779426	-52.0643094165054
			76.0671343780126	-52.0643094165054
			76.0234928780825	-52.0643094165054
			75.9798513781525	-52.0643094165054
			75.9362098782225	-52.0643094165054
			75.8925683782925	-52.0643094165054
			75.8489268783625	-52.0643094165054
			75.8052853784325	-52.0643094165054
			75.7616438785025	-52.0643094165054
			75.7180023785725	-52.0643094165054
			75.6743608786424	-52.0643094165054
			75.6307193787124	-52.0643094165054
			75.5870778787824	-52.0643094165054
			75.5434363788524	-52.0643094165054
			75.4997948789224	-52.0643094165054
			75.4561533789924	-52.0643094165054
			75.4125118790624	-52.0643094165054
			75.3688703791323	-52.0643094165054
			75.3252288792023	-52.0643094165054
			75.2815873792723	-52.0643094165054
			75.2379458793423	-52.0643094165054
			75.1943043794123	-52.0643094165054
			75.1506628794823	-52.0643094165054
			75.1070213795523	-52.0643094165054
			75.0633798796223	-52.0643094165054
			75.0197383796922	-52.0643094165054
			74.9760968797622	-52.0643094165054
			74.9324553798322	-52.0206679165754
			74.8888138799022	-52.0206679165754
			74.8451723799722	-52.0206679165754
			74.8015308800422	-52.0206679165754
			74.7578893801122	-52.0206679165754
			74.7142478801822	-52.0206679165754
			74.6706063802521	-52.0206679165754
			74.6269648803221	-52.0206679165754
			74.5833233803921	-52.0206679165754
			74.5396818804621	-52.0206679165754
			74.4960403805321	-52.0206679165754
			74.4523988806021	-52.0206679165754
			74.4087573806721	-52.0206679165754
			74.3651158807421	-52.0206679165754
			74.321474380812	-52.0206679165754
			74.277832880882	-52.0206679165754
			74.234191380952	-52.0206679165754
			74.190549881022	-52.0206679165754
			74.146908381092	-52.0206679165754
			74.103266881162	-52.0206679165754
			74.059625381232	-52.0206679165754
			74.0159838813019	-52.0206679165754
			73.9723423813719	-52.0206679165754
			73.9287008814419	-52.0206679165754
			73.8850593815119	-52.0206679165754
			73.8414178815819	-52.0206679165754
			73.7977763816519	-52.0206679165754
			73.7541348817219	-51.9770264166454
			73.7104933817919	-51.9770264166454
			73.6668518818618	-51.9770264166454
			73.6232103819318	-51.9770264166454
			73.5795688820018	-51.9770264166454
			73.5359273820718	-51.9770264166454
			73.4922858821418	-51.9770264166454
			73.4486443822118	-51.9770264166454
			73.4050028822818	-51.9770264166454
			73.3613613823518	-51.9770264166454
			73.3177198824217	-51.9770264166454
			73.2740783824917	-51.9770264166454
			73.2304368825617	-51.9770264166454
			73.1867953826317	-51.9770264166454
			73.1431538827017	-51.9770264166454
			73.0995123827717	-51.9770264166454
			73.0558708828417	-51.9770264166454
			73.0122293829117	-51.9770264166454
			72.9685878829816	-51.9770264166454
			72.9249463830516	-51.9770264166454
			72.8813048831216	-51.9333849167154
			72.8376633831916	-51.9333849167154
			72.7940218832616	-51.9333849167154
			72.7503803833316	-51.9333849167154
			72.7067388834016	-51.9333849167154
			72.6630973834716	-51.9333849167154
			72.6194558835415	-51.9333849167154
			72.5758143836115	-51.9333849167154
			72.5321728836815	-51.9333849167154
			72.4885313837515	-51.9333849167154
			72.4448898838215	-51.9333849167154
			72.4012483838915	-51.9333849167154
			72.3576068839615	-51.9333849167154
			72.3139653840314	-51.9333849167154
			72.2703238841014	-51.9333849167154
			72.2266823841714	-51.9333849167154
			72.1830408842414	-51.9333849167154
			72.1393993843114	-51.8897434167854
			72.0957578843814	-51.8897434167854
			72.0521163844514	-51.8897434167854
			72.0084748845213	-51.8897434167854
			71.9648333845913	-51.8897434167854
			71.9211918846613	-51.8897434167854
			71.8775503847313	-51.8897434167854
			71.8339088848013	-51.8897434167854
			71.7902673848713	-51.8897434167854
			71.7466258849413	-51.8897434167854
			71.7029843850113	-51.8897434167854
			71.6593428850812	-51.8897434167854
			71.6157013851512	-51.8897434167854
			71.5720598852212	-51.8897434167854
			71.5284183852912	-51.8461019168554
			71.4847768853612	-51.8461019168554
			71.4411353854312	-51.8461019168554
			71.3974938855012	-51.8461019168554
			71.3538523855712	-51.8461019168554
			71.3102108856411	-51.8461019168554
			71.2665693857111	-51.8461019168554
			71.2229278857811	-51.8461019168554
			71.1792863858511	-51.8461019168554
			71.1356448859211	-51.8461019168554
			71.0920033859911	-51.8461019168554
			71.0483618860611	-51.8461019168554
			71.0047203861311	-51.8461019168554
			70.961078886201	-51.8024604169254
			70.917437386271	-51.8024604169254
			70.873795886341	-51.8024604169254
			70.830154386411	-51.8024604169254
			70.786512886481	-51.8024604169254
			70.742871386551	-51.8024604169254
			70.699229886621	-51.8024604169254
			70.655588386691	-51.8024604169254
			70.6119468867609	-51.8024604169254
			70.5683053868309	-51.8024604169254
			70.5246638869009	-51.8024604169254
			70.4810223869709	-51.7588189169954
			70.4373808870409	-51.7588189169954
			70.3937393871109	-51.7588189169954
			70.3500978871809	-51.7588189169954
			70.3064563872508	-51.7588189169954
			70.2628148873208	-51.7588189169954
			70.2191733873908	-51.7588189169954
			70.1755318874608	-51.7588189169954
			70.1318903875308	-51.7588189169954
			70.0882488876008	-51.7151774170653
			70.0446073876708	-51.7151774170653
			70.0009658877408	-51.7151774170653
			69.9573243878107	-51.7151774170653
			69.9136828878807	-51.7151774170653
			69.8700413879507	-51.7151774170653
			69.8263998880207	-51.7151774170653
			69.7827583880907	-51.7151774170653
			69.7391168881607	-51.6715359171353
			69.6954753882307	-51.6715359171353
			69.6518338883007	-51.6715359171353
			69.6081923883706	-51.6715359171353
			69.5645508884406	-51.6715359171353
			69.5209093885106	-51.6715359171353
			69.4772678885806	-51.6715359171353
			69.4336263886506	-51.6715359171353
			69.3899848887206	-51.6715359171353
			69.3463433887906	-51.6278944172053
			69.3027018888606	-51.6278944172053
			69.2590603889305	-51.6278944172053
			69.2154188890005	-51.6278944172053
			69.1717773890705	-51.6278944172053
			69.1281358891405	-51.6278944172053
			69.0844943892105	-51.5842529172753
			69.0408528892805	-51.5842529172753
			68.9972113893505	-51.5842529172753
			68.9535698894205	-51.5842529172753
			68.9099283894904	-51.5842529172753
			68.8662868895604	-51.5842529172753
			68.8226453896304	-51.5842529172753
			68.7790038897004	-51.5406114173453
			68.7353623897704	-51.5406114173453
			68.6917208898404	-51.5406114173453
			68.6480793899104	-51.5406114173453
			68.6044378899803	-51.5406114173453
			68.5607963900503	-51.5406114173453
			68.5607963900503	-51.4969699174153
			68.5171548901203	-51.4969699174153
			68.4735133901903	-51.4969699174153
			68.4298718902603	-51.4969699174153
			68.3862303903303	-51.4969699174153
			68.3425888904003	-51.4969699174153
			68.2989473904703	-51.4969699174153
			68.2553058905402	-51.4969699174153
			68.2116643906102	-51.4969699174153
			68.1680228906802	-51.5406114173453
			68.1243813907502	-51.5406114173453
			68.0807398908202	-51.5406114173453
			68.0370983908902	-51.5406114173453
			67.9934568909602	-51.5406114173453
			67.9498153910302	-51.5406114173453
			67.9061738911001	-51.5406114173453
			67.8625323911701	-51.5406114173453
			67.8188908912401	-51.5406114173453
			67.7752493913101	-51.5406114173453
			67.7316078913801	-51.5406114173453
			67.6879663914501	-51.5406114173453
			67.6443248915201	-51.5842529172753
			67.6006833915901	-51.5842529172753
			67.55704189166	-51.5842529172753
			67.51340039173	-51.5842529172753
			67.4697588918	-51.5842529172753
			67.42611739187	-51.5842529172753
			67.38247589194	-51.5842529172753
			67.33883439201	-51.5842529172753
			67.29519289208	-51.5842529172753
			67.2515513921499	-51.5842529172753
			67.2079098922199	-51.5842529172753
			67.1642683922899	-51.5842529172753
			67.1206268923599	-51.5842529172753
			67.1206268923599	-51.6278944172053
			67.0769853924299	-51.6278944172053
			67.0333438924999	-51.6278944172053
			66.9897023925699	-51.6278944172053
			66.9460608926398	-51.6278944172053
			66.9024193927098	-51.6278944172053
			66.8587778927798	-51.6278944172053
			66.8151363928498	-51.6278944172053
			66.7714948929198	-51.6278944172053
			66.7278533929898	-51.6278944172053
			66.6842118930598	-51.6278944172053
			66.6405703931298	-51.6278944172053
			66.5969288931997	-51.6278944172053
			66.5532873932697	-51.6278944172053
			66.5096458933397	-51.6278944172053
			66.4660043934097	-51.6715359171353
			66.4223628934797	-51.6715359171353
			66.3787213935497	-51.6715359171353
			66.3350798936197	-51.6715359171353
			66.2914383936897	-51.6715359171353
			66.2477968937596	-51.6715359171353
			66.2041553938296	-51.6715359171353
			66.1605138938996	-51.6715359171353
			66.1168723939696	-51.6715359171353
			66.0732308940396	-51.6715359171353
			66.0295893941096	-51.6715359171353
			65.9859478941796	-51.6715359171353
			65.9423063942496	-51.6715359171353
			65.8986648943195	-51.6715359171353
			65.8550233943895	-51.6715359171353
			65.8113818944595	-51.6715359171353
			65.7677403945295	-51.6715359171353
			65.7240988945995	-51.7151774170653
			65.6804573946695	-51.7151774170653
			65.6368158947395	-51.7151774170653
			65.5931743948095	-51.7151774170653
			65.5495328948794	-51.7151774170653
			65.5058913949494	-51.7151774170653
			65.4622498950194	-51.7151774170653
			65.4186083950894	-51.7151774170653
			65.3749668951594	-51.7151774170653
			65.3313253952294	-51.7151774170653
			65.2876838952994	-51.7151774170653
			65.2440423953693	-51.7151774170653
			65.2004008954393	-51.7151774170653
			65.1567593955093	-51.7151774170653
			65.1131178955793	-51.7151774170653
			65.0694763956493	-51.7151774170653
			65.0258348957193	-51.7151774170653
			64.9821933957893	-51.7151774170653
			64.9385518958593	-51.7151774170653
			64.8949103959292	-51.7151774170653
			64.8512688959992	-51.7151774170653
			64.8076273960692	-51.7151774170653
			64.7639858961392	-51.7588189169954
			64.7203443962092	-51.7588189169954
			64.6767028962792	-51.7588189169954
			64.6330613963492	-51.7588189169954
			64.5894198964192	-51.7588189169954
			64.5457783964891	-51.7588189169954
			64.5021368965591	-51.7588189169954
			64.4584953966291	-51.7588189169954
			64.4148538966991	-51.7588189169954
			64.3712123967691	-51.7588189169954
			64.3275708968391	-51.7588189169954
			64.2839293969091	-51.7588189169954
			64.2402878969791	-51.7588189169954
			64.196646397049	-51.7588189169954
			64.153004897119	-51.7588189169954
			64.109363397189	-51.7588189169954
			64.065721897259	-51.7588189169954
			64.022080397329	-51.7588189169954
			63.978438897399	-51.7588189169954
			63.934797397469	-51.7588189169954
			63.8911558975389	-51.7588189169954
			63.8475143976089	-51.7588189169954
			63.8038728976789	-51.7588189169954
			63.7602313977489	-51.7588189169954
			63.7165898978189	-51.7588189169954
			63.6729483978889	-51.7588189169954
			63.6293068979589	-51.7588189169954
			63.5856653980289	-51.7588189169954
			63.5420238980988	-51.7588189169954
			63.4983823981688	-51.7588189169954
			63.4547408982388	-51.7588189169954
			63.4110993983088	-51.7588189169954
			63.3674578983788	-51.7588189169954
			63.3238163984488	-51.7588189169954
			63.2801748985188	-51.7588189169954
			63.2365333985888	-51.7588189169954
			63.1928918986587	-51.7588189169954
			63.1492503987287	-51.7588189169954
			63.1056088987987	-51.7588189169954
			63.0619673988687	-51.7588189169954
			63.0183258989387	-51.7588189169954
			62.9746843990087	-51.7588189169954
			62.9310428990787	-51.7588189169954
			62.8874013991487	-51.7588189169954
			62.8437598992186	-51.7588189169954
			62.8001183992886	-51.7588189169954
			62.7564768993586	-51.7588189169954
			62.7128353994286	-51.7588189169954
			62.6691938994986	-51.7588189169954
			62.6255523995686	-51.7588189169954
			62.5819108996386	-51.7588189169954
			62.5382693997085	-51.7588189169954
			62.4946278997785	-51.7588189169954
			62.4509863998485	-51.7588189169954
			62.4073448999185	-51.7588189169954
			62.3637033999885	-51.7588189169954
			62.3200619000585	-51.7588189169954
			62.2764204001285	-51.7588189169954
			62.2327789001985	-51.7588189169954
			62.1891374002684	-51.7588189169954
			62.1454959003384	-51.7588189169954
			62.1018544004084	-51.7588189169954
			62.0582129004784	-51.7588189169954
			62.0145714005484	-51.7588189169954
			61.9709299006184	-51.7588189169954
			61.9272884006884	-51.7151774170653
			61.8836469007584	-51.7151774170653
			61.8400054008283	-51.7151774170653
			61.7963639008983	-51.7151774170653
			61.7527224009683	-51.7151774170653
			61.7090809010383	-51.7151774170653
			61.6654394011083	-51.7151774170653
			61.6217979011783	-51.7151774170653
			61.5781564012483	-51.7151774170653
			61.5345149013182	-51.7151774170653
			61.4908734013882	-51.7151774170653
			61.4472319014582	-51.7151774170653
			61.4035904015282	-51.7151774170653
			61.3599489015982	-51.7151774170653
			61.3163074016682	-51.7151774170653
			61.2726659017382	-51.7151774170653
			61.2290244018082	-51.7151774170653
			61.1853829018781	-51.6715359171353
			61.1417414019481	-51.6715359171353
			61.0980999020181	-51.6715359171353
			61.0544584020881	-51.6715359171353
			61.0108169021581	-51.6715359171353
			60.9671754022281	-51.6715359171353
			60.9235339022981	-51.6715359171353
			60.8798924023681	-51.6715359171353
			60.836250902438	-51.6715359171353
			60.792609402508	-51.6715359171353
			60.748967902578	-51.6715359171353
			60.705326402648	-51.6715359171353
			60.661684902718	-51.6715359171353
			60.618043402788	-51.6278944172053
			60.574401902858	-51.6278944172053
			60.530760402928	-51.6278944172053
			60.4871189029979	-51.6278944172053
			60.4434774030679	-51.6278944172053
			60.3998359031379	-51.6278944172053
			60.3561944032079	-51.6278944172053
			60.3125529032779	-51.6278944172053
			60.2689114033479	-51.6278944172053
			60.2689114033479	-51.5842529172753
			60.2252699034179	-51.5842529172753
			60.1816284034878	-51.5842529172753
			60.1379869035578	-51.5842529172753
			60.0943454036278	-51.5842529172753
			60.0507039036978	-51.5842529172753
			60.0070624037678	-51.5842529172753
			59.9634209038378	-51.5842529172753
			59.9197794039078	-51.5842529172753
			59.9197794039078	-51.5406114173453
			59.8761379039778	-51.5406114173453
			59.8324964040477	-51.5406114173453
			59.7888549041177	-51.5406114173453
			59.7452134041877	-51.5406114173453
			59.7015719042577	-51.5406114173453
			59.6579304043277	-51.4969699174153
			59.6142889043977	-51.4969699174153
			59.5706474044677	-51.4969699174153
			59.5270059045377	-51.4969699174153
			59.4833644046076	-51.4969699174153
			59.4397229046776	-51.4969699174153
			59.3960814047476	-51.4533284174853
			59.3524399048176	-51.4533284174853
			59.3087984048876	-51.4533284174853
			59.2651569049576	-51.4533284174853
			59.2215154050276	-51.4533284174853
			59.1778739050975	-51.4533284174853
			59.1342324051675	-51.4096869175552
			59.0905909052375	-51.4096869175552
			59.0469494053075	-51.4096869175552
			59.0033079053775	-51.4096869175552
			58.9596664054475	-51.4096869175552
			58.9160249055175	-51.3660454176252
			58.8723834055875	-51.3660454176252
			58.8287419056574	-51.3660454176252
			58.7851004057274	-51.3224039176952
			58.7414589057974	-51.3224039176952
			58.6978174058674	-51.3224039176952
			58.6541759059374	-51.3224039176952
			58.6105344060074	-51.2787624177652
			58.5668929060774	-51.2787624177652
			58.5232514061474	-51.2787624177652
			58.4796099062173	-51.2351209178352
			58.4359684062873	-51.2351209178352
			58.3923269063573	-51.2351209178352
			58.3923269063573	-51.1914794179052
			58.3486854064273	-51.1914794179052
			58.3050439064973	-51.1914794179052
			58.2614024065673	-51.1478379179752
			58.2177609066373	-51.1478379179752
			58.1741194067072	-51.1478379179752
			58.1304779067772	-51.1478379179752
			58.0868364068472	-51.1041964180452
			58.0431949069172	-51.1041964180452
			57.9995534069872	-51.1041964180452
			57.9559119070572	-51.0605549181151
			57.9122704071272	-51.0605549181151
			57.8686289071972	-51.0605549181151
			57.8249874072671	-51.0605549181151
			57.7813459073371	-51.0169134181851
			57.7377044074071	-51.0169134181851
			57.6940629074771	-51.0169134181851
			57.6504214075471	-50.9732719182551
			57.6067799076171	-50.9732719182551
			57.5631384076871	-50.9732719182551
			57.5194969077571	-50.9296304183251
			57.475855407827	-50.9296304183251
			57.432213907897	-50.9296304183251
			57.388572407967	-50.9296304183251
			57.344930908037	-50.9296304183251
			57.344930908037	-50.8859889183951
			57.301289408107	-50.8859889183951
			57.257647908177	-50.8859889183951
			57.214006408247	-50.8859889183951
			57.170364908317	-50.8859889183951
			57.1267234083869	-50.8423474184651
			57.0830819084569	-50.8423474184651
			57.0394404085269	-50.8423474184651
			56.9957989085969	-50.7987059185351
			56.9521574086669	-50.7987059185351
			56.9085159087369	-50.7987059185351
			56.8648744088069	-50.7987059185351
			56.8212329088769	-50.7987059185351
			56.7775914089468	-50.7550644186051
			56.7339499090168	-50.7550644186051
			56.6903084090868	-50.7550644186051
			56.6466669091568	-50.7550644186051
			56.6030254092268	-50.7550644186051
			56.5593839092968	-50.711422918675
			56.5157424093668	-50.711422918675
			56.4721009094367	-50.711422918675
			56.4284594095067	-50.711422918675
			56.3848179095767	-50.711422918675
			56.3411764096467	-50.711422918675
			56.2975349097167	-50.667781418745
			56.2538934097867	-50.667781418745
			56.2102519098567	-50.667781418745
			56.1666104099267	-50.667781418745
			56.1229689099966	-50.667781418745
			56.0793274100666	-50.667781418745
			56.0356859101366	-50.667781418745
			55.9920444102066	-50.624139918815
			55.9484029102766	-50.624139918815
			55.9047614103466	-50.624139918815
			55.8611199104166	-50.624139918815
			55.8174784104866	-50.624139918815
			55.7738369105565	-50.624139918815
			55.7301954106265	-50.624139918815
			55.6865539106965	-50.624139918815
			55.6865539106965	-50.580498418885
			55.6429124107665	-50.580498418885
			55.5992709108365	-50.580498418885
			55.5556294109065	-50.580498418885
			55.5119879109765	-50.580498418885
			55.4683464110464	-50.580498418885
			55.4247049111164	-50.580498418885
			55.3810634111864	-50.580498418885
			55.3374219112564	-50.580498418885
			55.2937804113264	-50.580498418885
			55.2501389113964	-50.580498418885
			55.2501389113964	-50.536856918955
			55.2064974114664	-50.536856918955
			55.1628559115364	-50.536856918955
			55.1192144116063	-50.536856918955
			55.0755729116763	-50.536856918955
			55.0319314117463	-50.536856918955
			54.9882899118163	-50.536856918955
			54.9446484118863	-50.536856918955
			54.9010069119563	-50.536856918955
			54.8573654120263	-50.536856918955
			54.8137239120963	-50.536856918955
			54.7700824121662	-50.536856918955
			54.7264409122362	-50.536856918955
			54.6827994123062	-50.536856918955
			54.6391579123762	-50.536856918955
			54.5955164124462	-50.536856918955
			54.5518749125162	-50.536856918955
			54.5082334125862	-50.493215419025
			54.4645919126562	-50.493215419025
			54.4209504127261	-50.493215419025
			54.3773089127961	-50.493215419025
			54.3336674128661	-50.493215419025
			54.2900259129361	-50.493215419025
			54.2463844130061	-50.493215419025
			54.2027429130761	-50.493215419025
			54.1591014131461	-50.493215419025
			54.115459913216	-50.493215419025
			54.071818413286	-50.493215419025
			54.028176913356	-50.493215419025
			53.984535413426	-50.493215419025
			53.940893913496	-50.493215419025
			53.897252413566	-50.493215419025
			53.853610913636	-50.493215419025
			53.809969413706	-50.493215419025
			53.7663279137759	-50.493215419025
			53.7226864138459	-50.493215419025
			53.6790449139159	-50.493215419025
			53.6354034139859	-50.493215419025
			53.5917619140559	-50.493215419025
			53.5481204141259	-50.493215419025
			53.5044789141959	-50.493215419025
			53.4608374142659	-50.493215419025
			53.4171959143358	-50.493215419025
			53.3735544144058	-50.493215419025
			53.3299129144758	-50.536856918955
			53.2862714145458	-50.536856918955
			53.2426299146158	-50.536856918955
			53.1989884146858	-50.536856918955
			53.1553469147558	-50.536856918955
			53.1117054148257	-50.536856918955
			53.0680639148957	-50.536856918955
			53.0244224149657	-50.536856918955
			52.9807809150357	-50.536856918955
			52.9371394151057	-50.536856918955
			52.8934979151757	-50.536856918955
			52.8498564152457	-50.536856918955
			52.8062149153157	-50.536856918955
			52.7625734153856	-50.536856918955
			52.7189319154556	-50.536856918955
			52.6752904155256	-50.536856918955
			52.6316489155956	-50.536856918955
			52.5880074156656	-50.580498418885
			52.5443659157356	-50.580498418885
			52.5007244158056	-50.580498418885
			52.4570829158756	-50.580498418885
			52.4134414159455	-50.580498418885
			52.3697999160155	-50.580498418885
			52.3261584160855	-50.580498418885
			52.2825169161555	-50.580498418885
			52.2388754162255	-50.580498418885
			52.1952339162955	-50.580498418885
			52.1515924163655	-50.580498418885
			52.1079509164355	-50.624139918815
			52.0643094165054	-50.624139918815
			52.0206679165754	-50.624139918815
			51.9770264166454	-50.624139918815
			51.9333849167154	-50.624139918815
			51.8897434167854	-50.624139918815
			51.8461019168554	-50.624139918815
			51.8024604169254	-50.624139918815
			51.7588189169954	-50.624139918815
			51.7588189169954	-50.667781418745
			51.7151774170653	-50.667781418745
			51.6715359171353	-50.667781418745
			51.6278944172053	-50.667781418745
			51.5842529172753	-50.667781418745
			51.5406114173453	-50.667781418745
			51.4969699174153	-50.667781418745
			51.4533284174853	-50.667781418745
			51.4096869175552	-50.711422918675
			51.3660454176252	-50.711422918675
			51.3224039176952	-50.711422918675
			51.2787624177652	-50.711422918675
			51.2351209178352	-50.711422918675
			51.1914794179052	-50.711422918675
			51.1478379179752	-50.7550644186051
			51.1041964180452	-50.7550644186051
			51.0605549181151	-50.7550644186051
			51.0169134181851	-50.7550644186051
			50.9732719182551	-50.7550644186051
			50.9296304183251	-50.7550644186051
			50.8859889183951	-50.7550644186051
			50.8423474184651	-50.7987059185351
			50.7987059185351	-50.7987059185351
			50.7550644186051	-50.7987059185351
			50.711422918675	-50.7987059185351
			50.667781418745	-50.7987059185351
			50.624139918815	-50.8423474184651
			50.580498418885	-50.8423474184651
			50.536856918955	-50.8423474184651
			50.493215419025	-50.8423474184651
			50.449573919095	-50.8423474184651
			50.4059324191649	-50.8423474184651
			50.3622909192349	-50.8859889183951
			50.3186494193049	-50.8859889183951
			50.2750079193749	-50.8859889183951
			50.2313664194449	-50.8859889183951
			50.1877249195149	-50.8859889183951
			50.1440834195849	-50.9296304183251
			50.1004419196549	-50.9296304183251
			50.0568004197248	-50.9296304183251
			50.0131589197948	-50.9296304183251
			49.9695174198648	-50.9296304183251
			49.9258759199348	-50.9732719182551
			49.8822344200048	-50.9732719182551
			49.8385929200748	-50.9732719182551
			49.7949514201448	-50.9732719182551
			49.7513099202148	-51.0169134181851
			49.7076684202847	-51.0169134181851
			49.6640269203547	-51.0169134181851
			49.6203854204247	-51.0169134181851
			49.5767439204947	-51.0169134181851
			49.5331024205647	-51.0605549181151
			49.4894609206347	-51.0605549181151
			49.4458194207047	-51.0605549181151
			49.4021779207746	-51.0605549181151
			49.3585364208446	-51.1041964180452
			49.3148949209146	-51.1041964180452
			49.2712534209846	-51.1041964180452
			49.2276119210546	-51.1041964180452
			49.1839704211246	-51.1478379179752
			49.1403289211946	-51.1478379179752
			49.0966874212646	-51.1478379179752
			49.0530459213345	-51.1478379179752
			49.0094044214045	-51.1914794179052
			48.9657629214745	-51.1914794179052
			48.9221214215445	-51.1914794179052
			48.8784799216145	-51.1914794179052
			48.8348384216845	-51.2351209178352
			48.7911969217545	-51.2351209178352
			48.7475554218245	-51.2351209178352
			48.7039139218944	-51.2787624177652
			48.6602724219644	-51.2787624177652
			48.6166309220344	-51.2787624177652
			48.5729894221044	-51.2787624177652
			48.5293479221744	-51.3224039176952
			48.4857064222444	-51.3224039176952
			48.4420649223144	-51.3224039176952
			48.3984234223844	-51.3224039176952
			48.3547819224543	-51.3660454176252
			48.3111404225243	-51.3660454176252
			48.2674989225943	-51.3660454176252
			48.2238574226643	-51.3660454176252
			48.1802159227343	-51.3660454176252
			48.1365744228043	-51.3660454176252
			48.0929329228743	-51.3660454176252
			48.0492914229443	-51.3660454176252
			48.0056499230142	-51.3660454176252
			47.9620084230842	-51.3660454176252
			47.9183669231542	-51.3660454176252
			47.8747254232242	-51.3660454176252
			47.8310839232942	-51.3660454176252
			47.7874424233642	-51.3660454176252
			47.7438009234342	-51.3660454176252
			47.7001594235041	-51.3660454176252
			47.6565179235741	-51.3660454176252
			47.6128764236441	-51.3660454176252
			47.5692349237141	-51.3660454176252
			47.5255934237841	-51.3660454176252
			47.4819519238541	-51.3660454176252
			47.4383104239241	-51.3660454176252
			47.3946689239941	-51.3660454176252
			47.351027424064	-51.3660454176252
			47.307385924134	-51.3660454176252
			47.263744424204	-51.3660454176252
			47.220102924274	-51.3660454176252
			47.176461424344	-51.3660454176252
			47.132819924414	-51.3660454176252
			47.089178424484	-51.3660454176252
			47.045536924554	-51.3660454176252
			47.0018954246239	-51.3660454176252
			46.9582539246939	-51.3660454176252
			46.9146124247639	-51.3224039176952
			46.8709709248339	-51.3224039176952
			46.8273294249039	-51.3224039176952
			46.7836879249739	-51.3224039176952
			46.7400464250439	-51.3224039176952
			46.6964049251138	-51.3224039176952
			46.6527634251838	-51.3224039176952
			46.6091219252538	-51.3224039176952
			46.5654804253238	-51.3224039176952
			46.5218389253938	-51.3224039176952
			46.4781974254638	-51.3224039176952
			46.4345559255338	-51.3224039176952
			46.3909144256038	-51.3224039176952
			46.3472729256737	-51.3224039176952
			46.3036314257437	-51.3224039176952
			46.2599899258137	-51.3224039176952
			46.2163484258837	-51.3224039176952
			46.1727069259537	-51.3224039176952
			46.1290654260237	-51.3224039176952
			46.0854239260937	-51.2787624177652
			46.0417824261637	-51.2787624177652
			45.9981409262336	-51.2787624177652
			45.9544994263036	-51.2787624177652
			45.9108579263736	-51.2787624177652
			45.8672164264436	-51.2787624177652
			45.8235749265136	-51.2787624177652
			45.7799334265836	-51.2787624177652
		</c2>
	</curves.scaled>
	<ruler.points type=matrix rownames=TRUE colnames=FALSE nrow=2 ncol=2 as.numeric=TRUE >
		Ruler point 1	2063	309
		Ruler point 2	2292	301
	</ruler.points>
</shapes>

