<shapes type=list>
	<ruler.pixel type=vector names=FALSE length=1 as.numeric=TRUE >259.017373934646</ruler.pixel>
	<ruler.interval type=vector names=FALSE length=1 as.numeric=TRUE >10</ruler.interval>
	<scaling.units type=vector names=FALSE length=1 as.numeric=FALSE >undefined</scaling.units>
	<scaling type=vector names=FALSE length=1 as.numeric=TRUE >0.0386074487903779</scaling>
	<landmarks.pixel type=matrix rownames=TRUE colnames=FALSE nrow=2 ncol=2 as.numeric=TRUE >
		LM1	1021	1196
		LM2	1583	1193
	</landmarks.pixel>
	<landmarks.scaled type=matrix rownames=TRUE colnames=FALSE nrow=2 ncol=2 as.numeric=TRUE >
		LM1	39.4182052149759	-46.174508753292
		LM2	61.1155914351683	-46.0586864069209
	</landmarks.scaled>
	<curves.control type=list>
		<c1 type=matrix rownames=FALSE colnames=FALSE nrow=11 ncol=2 as.numeric=TRUE >
			1021	1196
			1041	1153
			1087	1119
			1148	1075
			1211	1042
			1354	961
			1455	1014
			1519	1035
			1551	1119
			1570	1149
			1583	1193
		</c1>
		<c2 type=matrix rownames=FALSE colnames=FALSE nrow=9 ncol=2 as.numeric=TRUE >
			1583	1193
			1553	1194
			1465	1195
			1415	1194
			1307	1190
			1237	1196
			1121	1196
			1079	1199
			1021	1196
		</c2>
	</curves.control>
	<curves.pixel type=list>
		<c1 type=matrix rownames=FALSE colnames=FALSE nrow=687 ncol=2 as.numeric=TRUE >
			1021	1196
			1021	1195
			1022	1195
			1022	1194
			1022	1193
			1023	1192
			1024	1191
			1024	1190
			1025	1189
			1025	1188
			1026	1187
			1026	1186
			1027	1185
			1027	1184
			1028	1183
			1028	1182
			1029	1181
			1030	1180
			1030	1179
			1031	1178
			1031	1177
			1032	1176
			1033	1175
			1033	1174
			1034	1173
			1035	1172
			1035	1171
			1036	1170
			1037	1169
			1037	1168
			1038	1167
			1039	1166
			1039	1165
			1040	1165
			1041	1164
			1041	1163
			1042	1162
			1043	1161
			1044	1160
			1044	1159
			1045	1158
			1046	1157
			1047	1156
			1047	1155
			1048	1154
			1049	1154
			1050	1153
			1051	1152
			1051	1151
			1052	1150
			1053	1149
			1054	1148
			1055	1147
			1056	1146
			1057	1145
			1058	1144
			1059	1143
			1060	1142
			1061	1141
			1062	1140
			1063	1139
			1064	1138
			1065	1137
			1066	1136
			1067	1136
			1068	1135
			1068	1134
			1069	1133
			1070	1133
			1071	1132
			1072	1131
			1073	1130
			1074	1129
			1075	1128
			1076	1127
			1077	1126
			1078	1126
			1079	1125
			1080	1124
			1081	1124
			1081	1123
			1082	1123
			1083	1122
			1084	1121
			1085	1120
			1086	1120
			1087	1119
			1088	1118
			1089	1117
			1090	1117
			1091	1116
			1092	1115
			1093	1114
			1094	1114
			1095	1113
			1096	1113
			1097	1112
			1098	1111
			1099	1111
			1100	1110
			1100	1109
			1101	1109
			1102	1108
			1103	1108
			1104	1107
			1105	1106
			1106	1106
			1107	1105
			1108	1104
			1109	1104
			1110	1103
			1111	1102
			1112	1102
			1113	1101
			1113	1100
			1114	1100
			1115	1099
			1116	1099
			1117	1098
			1118	1097
			1119	1097
			1120	1096
			1121	1095
			1122	1095
			1123	1094
			1124	1094
			1125	1093
			1126	1092
			1127	1092
			1127	1091
			1128	1091
			1129	1090
			1130	1089
			1131	1089
			1132	1088
			1133	1087
			1134	1087
			1135	1086
			1136	1086
			1137	1085
			1138	1084
			1139	1084
			1140	1083
			1141	1083
			1142	1082
			1143	1081
			1144	1080
			1145	1080
			1146	1079
			1147	1079
			1148	1078
			1149	1077
			1150	1077
			1151	1076
			1152	1076
			1153	1075
			1154	1074
			1155	1074
			1156	1073
			1157	1072
			1158	1072
			1159	1071
			1160	1071
			1161	1070
			1162	1070
			1163	1069
			1164	1068
			1165	1068
			1166	1067
			1167	1067
			1168	1066
			1169	1065
			1170	1065
			1171	1064
			1172	1064
			1173	1063
			1174	1063
			1175	1062
			1176	1061
			1177	1061
			1178	1060
			1179	1060
			1180	1059
			1181	1059
			1182	1058
			1183	1057
			1184	1057
			1185	1056
			1186	1056
			1187	1055
			1188	1055
			1189	1054
			1190	1054
			1191	1053
			1192	1052
			1193	1052
			1194	1051
			1195	1050
			1196	1050
			1197	1050
			1198	1049
			1199	1048
			1200	1048
			1201	1047
			1202	1047
			1203	1046
			1204	1046
			1205	1045
			1206	1045
			1206	1044
			1207	1044
			1208	1043
			1209	1043
			1210	1043
			1211	1042
			1212	1041
			1213	1041
			1214	1040
			1215	1040
			1216	1039
			1217	1039
			1218	1038
			1219	1038
			1219	1037
			1220	1037
			1221	1036
			1222	1036
			1223	1036
			1224	1035
			1225	1034
			1226	1034
			1227	1033
			1228	1033
			1229	1032
			1230	1032
			1231	1031
			1232	1031
			1233	1030
			1234	1030
			1235	1029
			1236	1029
			1237	1028
			1238	1028
			1239	1027
			1240	1027
			1241	1026
			1242	1026
			1243	1025
			1244	1025
			1245	1024
			1246	1024
			1247	1024
			1248	1023
			1249	1023
			1250	1022
			1251	1022
			1252	1021
			1253	1021
			1254	1020
			1255	1020
			1256	1019
			1257	1019
			1258	1019
			1259	1018
			1260	1018
			1261	1017
			1262	1017
			1263	1016
			1264	1016
			1265	1016
			1265	1015
			1266	1015
			1267	1015
			1268	1014
			1269	1014
			1270	1013
			1271	1013
			1272	1013
			1273	1012
			1274	1012
			1275	1012
			1276	1011
			1277	1011
			1278	1011
			1279	1010
			1280	1010
			1281	1009
			1282	1009
			1283	1009
			1284	1008
			1285	1008
			1286	1008
			1287	1007
			1288	1007
			1289	1007
			1290	1007
			1291	1006
			1292	1006
			1293	1006
			1294	1005
			1295	1005
			1296	1005
			1297	1004
			1298	1004
			1299	1004
			1300	1003
			1301	1003
			1302	1003
			1303	1002
			1304	1002
			1305	1002
			1306	1002
			1307	1001
			1308	1001
			1309	1001
			1310	1001
			1311	1000
			1312	1000
			1313	1000
			1314	1000
			1315	999
			1316	999
			1317	999
			1318	999
			1319	999
			1320	998
			1321	998
			1322	998
			1323	998
			1324	997
			1325	997
			1326	997
			1327	997
			1328	997
			1329	997
			1330	997
			1330	996
			1331	996
			1332	996
			1333	996
			1334	996
			1335	996
			1336	995
			1337	995
			1338	995
			1339	995
			1340	995
			1341	995
			1342	995
			1343	995
			1344	994
			1345	994
			1346	994
			1347	994
			1348	994
			1349	994
			1350	994
			1351	994
			1352	994
			1353	994
			1354	994
			1355	993
			1356	993
			1357	993
			1358	993
			1359	993
			1360	993
			1361	993
			1362	993
			1363	993
			1364	993
			1365	993
			1366	993
			1367	993
			1368	993
			1369	993
			1370	993
			1371	993
			1372	993
			1373	993
			1374	993
			1375	993
			1376	993
			1377	993
			1378	993
			1379	993
			1380	993
			1381	993
			1382	993
			1383	994
			1384	994
			1385	994
			1386	994
			1387	994
			1388	994
			1389	994
			1390	994
			1391	994
			1392	994
			1393	995
			1394	995
			1395	995
			1396	995
			1397	995
			1398	995
			1399	995
			1400	995
			1401	996
			1402	996
			1403	996
			1404	996
			1405	996
			1406	997
			1407	997
			1408	997
			1409	997
			1410	997
			1410	998
			1411	998
			1412	998
			1413	998
			1414	998
			1414	999
			1415	999
			1416	999
			1417	999
			1418	999
			1418	1000
			1419	1000
			1420	1000
			1421	1000
			1422	1000
			1422	1001
			1423	1001
			1424	1001
			1425	1001
			1426	1002
			1427	1002
			1428	1002
			1429	1003
			1430	1003
			1431	1003
			1432	1004
			1433	1004
			1434	1004
			1435	1005
			1436	1005
			1437	1006
			1438	1006
			1439	1006
			1439	1007
			1440	1007
			1441	1007
			1441	1008
			1442	1008
			1443	1008
			1444	1009
			1445	1009
			1446	1010
			1447	1010
			1448	1010
			1448	1011
			1449	1011
			1450	1011
			1451	1012
			1452	1012
			1452	1013
			1453	1013
			1454	1013
			1455	1014
			1456	1014
			1457	1015
			1458	1015
			1459	1015
			1460	1016
			1461	1016
			1462	1017
			1463	1017
			1464	1017
			1464	1018
			1465	1018
			1466	1018
			1467	1019
			1468	1019
			1469	1020
			1470	1020
			1471	1020
			1472	1021
			1473	1022
			1474	1022
			1475	1022
			1476	1023
			1477	1023
			1478	1024
			1479	1025
			1480	1025
			1480	1026
			1481	1026
			1482	1027
			1483	1027
			1484	1028
			1485	1028
			1486	1029
			1487	1030
			1488	1030
			1488	1031
			1489	1031
			1490	1032
			1491	1033
			1492	1033
			1493	1034
			1493	1035
			1494	1035
			1495	1036
			1496	1037
			1497	1037
			1498	1038
			1498	1039
			1499	1039
			1500	1040
			1501	1041
			1502	1041
			1503	1042
			1503	1043
			1504	1044
			1505	1044
			1506	1045
			1506	1046
			1507	1047
			1508	1048
			1509	1048
			1510	1049
			1510	1050
			1511	1051
			1512	1052
			1513	1052
			1513	1053
			1514	1054
			1515	1055
			1515	1056
			1516	1057
			1517	1058
			1518	1059
			1519	1060
			1520	1061
			1520	1062
			1521	1063
			1522	1064
			1523	1065
			1524	1066
			1524	1067
			1525	1068
			1525	1069
			1526	1070
			1526	1071
			1527	1071
			1528	1072
			1528	1073
			1529	1074
			1529	1075
			1530	1076
			1530	1077
			1531	1078
			1532	1078
			1532	1079
			1533	1080
			1533	1081
			1534	1082
			1534	1083
			1535	1084
			1535	1085
			1536	1086
			1536	1087
			1537	1088
			1537	1089
			1538	1090
			1538	1091
			1539	1092
			1539	1093
			1540	1094
			1540	1095
			1541	1096
			1541	1097
			1542	1098
			1542	1099
			1543	1100
			1543	1101
			1544	1102
			1544	1103
			1545	1104
			1545	1105
			1546	1106
			1546	1107
			1547	1108
			1547	1109
			1547	1110
			1548	1111
			1548	1112
			1549	1113
			1549	1114
			1549	1115
			1550	1116
			1550	1117
			1550	1118
			1551	1118
			1551	1119
			1551	1120
			1552	1120
			1552	1121
			1553	1121
			1553	1122
			1553	1123
			1554	1123
			1554	1124
			1555	1125
			1555	1126
			1556	1127
			1556	1128
			1557	1129
			1558	1130
			1558	1131
			1559	1132
			1559	1133
			1560	1134
			1560	1135
			1561	1136
			1561	1137
			1561	1138
			1562	1138
			1562	1139
			1563	1140
			1563	1141
			1564	1142
			1564	1143
			1565	1144
			1565	1145
			1566	1146
			1566	1147
			1567	1148
			1567	1149
			1568	1150
			1568	1151
			1568	1152
			1569	1153
			1569	1154
			1570	1155
			1570	1156
			1570	1157
			1571	1158
			1571	1159
			1572	1160
			1572	1161
			1572	1162
			1573	1163
			1573	1164
			1573	1165
			1574	1166
			1574	1167
			1575	1168
			1575	1169
			1575	1170
			1576	1171
			1576	1172
			1577	1173
			1577	1174
			1577	1175
			1577	1176
			1578	1176
			1578	1177
			1578	1178
			1578	1179
			1579	1179
			1579	1180
			1579	1181
			1580	1182
			1580	1183
			1580	1184
			1581	1185
			1581	1186
			1581	1187
			1581	1188
			1582	1188
			1582	1189
			1582	1190
			1582	1191
			1583	1192
			1583	1193
		</c1>
		<c2 type=matrix rownames=FALSE colnames=FALSE nrow=565 ncol=2 as.numeric=TRUE >
			1583	1193
			1582	1193
			1581	1193
			1580	1193
			1579	1193
			1578	1193
			1577	1193
			1576	1193
			1575	1193
			1574	1193
			1573	1193
			1572	1193
			1571	1193
			1570	1193
			1569	1193
			1568	1193
			1567	1193
			1566	1193
			1565	1193
			1564	1194
			1563	1194
			1562	1194
			1561	1194
			1560	1194
			1559	1194
			1558	1194
			1557	1194
			1556	1194
			1555	1194
			1554	1194
			1553	1194
			1552	1194
			1551	1194
			1550	1194
			1549	1194
			1548	1194
			1547	1194
			1546	1194
			1545	1194
			1544	1194
			1543	1194
			1542	1194
			1541	1194
			1540	1194
			1539	1194
			1538	1194
			1537	1194
			1536	1194
			1535	1194
			1534	1194
			1533	1194
			1532	1194
			1531	1194
			1530	1194
			1529	1194
			1528	1194
			1527	1194
			1526	1194
			1525	1194
			1524	1194
			1523	1194
			1522	1194
			1521	1194
			1520	1194
			1519	1194
			1518	1194
			1517	1194
			1516	1194
			1515	1194
			1514	1194
			1513	1194
			1512	1194
			1511	1194
			1510	1194
			1509	1194
			1508	1194
			1507	1194
			1506	1194
			1505	1195
			1504	1195
			1503	1195
			1502	1195
			1501	1195
			1500	1195
			1499	1195
			1498	1195
			1497	1195
			1496	1195
			1495	1195
			1494	1195
			1493	1195
			1492	1195
			1491	1195
			1490	1195
			1489	1195
			1488	1195
			1487	1195
			1486	1195
			1485	1195
			1484	1195
			1483	1195
			1482	1195
			1481	1195
			1480	1195
			1479	1195
			1478	1195
			1477	1195
			1476	1195
			1475	1195
			1474	1195
			1473	1195
			1472	1195
			1471	1195
			1470	1195
			1469	1195
			1468	1195
			1467	1195
			1466	1195
			1465	1195
			1464	1195
			1463	1195
			1462	1195
			1461	1195
			1460	1195
			1459	1195
			1458	1195
			1457	1195
			1456	1195
			1455	1195
			1454	1195
			1453	1195
			1452	1195
			1451	1195
			1450	1195
			1449	1195
			1448	1195
			1447	1195
			1446	1195
			1445	1195
			1444	1195
			1443	1194
			1442	1194
			1441	1194
			1440	1194
			1439	1194
			1438	1194
			1437	1194
			1436	1194
			1435	1194
			1434	1194
			1433	1194
			1432	1194
			1431	1194
			1430	1194
			1429	1194
			1428	1194
			1427	1194
			1426	1194
			1425	1194
			1424	1194
			1423	1194
			1422	1194
			1421	1194
			1420	1194
			1419	1194
			1418	1194
			1417	1194
			1416	1194
			1415	1194
			1414	1194
			1413	1194
			1412	1194
			1411	1194
			1410	1194
			1409	1194
			1408	1193
			1407	1193
			1406	1193
			1405	1193
			1404	1193
			1403	1193
			1402	1193
			1401	1193
			1400	1193
			1399	1193
			1398	1193
			1397	1193
			1396	1193
			1395	1193
			1394	1193
			1393	1193
			1392	1193
			1391	1193
			1390	1193
			1389	1193
			1388	1193
			1387	1193
			1386	1193
			1385	1193
			1384	1193
			1383	1193
			1382	1193
			1381	1193
			1380	1193
			1379	1193
			1378	1193
			1377	1192
			1376	1192
			1375	1192
			1374	1192
			1373	1192
			1372	1192
			1371	1192
			1370	1192
			1369	1192
			1368	1192
			1367	1192
			1366	1192
			1365	1192
			1364	1192
			1363	1192
			1362	1192
			1361	1192
			1360	1192
			1359	1192
			1358	1192
			1357	1192
			1356	1192
			1355	1192
			1354	1192
			1353	1192
			1352	1192
			1351	1192
			1350	1192
			1349	1192
			1348	1191
			1347	1191
			1346	1191
			1345	1191
			1344	1191
			1343	1191
			1342	1191
			1341	1191
			1340	1191
			1339	1191
			1338	1191
			1337	1191
			1336	1191
			1335	1191
			1334	1191
			1333	1191
			1332	1191
			1331	1191
			1330	1191
			1329	1191
			1328	1191
			1327	1191
			1326	1191
			1325	1191
			1324	1191
			1323	1191
			1322	1191
			1321	1191
			1320	1190
			1319	1190
			1318	1190
			1317	1190
			1316	1190
			1315	1190
			1314	1190
			1313	1190
			1312	1190
			1311	1190
			1310	1190
			1309	1190
			1308	1190
			1307	1190
			1306	1190
			1305	1190
			1304	1190
			1303	1190
			1302	1190
			1301	1190
			1301	1191
			1300	1191
			1299	1191
			1298	1191
			1297	1191
			1296	1191
			1295	1191
			1294	1191
			1293	1191
			1292	1191
			1291	1191
			1290	1191
			1289	1191
			1288	1191
			1287	1192
			1286	1192
			1285	1192
			1284	1192
			1283	1192
			1282	1192
			1281	1192
			1280	1192
			1279	1192
			1278	1192
			1277	1192
			1276	1192
			1275	1192
			1274	1192
			1273	1192
			1272	1192
			1271	1192
			1270	1193
			1269	1193
			1268	1193
			1267	1193
			1266	1193
			1265	1193
			1264	1193
			1263	1193
			1262	1193
			1261	1193
			1260	1193
			1259	1193
			1258	1193
			1257	1193
			1256	1193
			1255	1193
			1254	1193
			1253	1193
			1252	1193
			1251	1194
			1250	1194
			1249	1194
			1248	1194
			1247	1194
			1246	1194
			1245	1194
			1244	1194
			1243	1194
			1242	1194
			1241	1194
			1240	1194
			1239	1194
			1238	1194
			1237	1194
			1236	1194
			1235	1194
			1234	1194
			1233	1194
			1232	1194
			1231	1194
			1230	1194
			1229	1194
			1228	1194
			1227	1194
			1226	1194
			1225	1195
			1224	1195
			1223	1195
			1222	1195
			1221	1195
			1220	1195
			1219	1195
			1218	1195
			1217	1195
			1216	1195
			1215	1195
			1214	1195
			1213	1195
			1212	1195
			1211	1195
			1210	1195
			1209	1195
			1208	1195
			1207	1195
			1206	1195
			1205	1195
			1204	1195
			1203	1195
			1202	1195
			1201	1195
			1200	1195
			1199	1195
			1198	1195
			1197	1195
			1196	1195
			1195	1195
			1194	1195
			1193	1195
			1192	1195
			1191	1195
			1190	1195
			1189	1195
			1188	1195
			1187	1195
			1186	1195
			1185	1195
			1184	1196
			1183	1196
			1182	1196
			1181	1196
			1180	1196
			1179	1196
			1178	1196
			1177	1196
			1176	1196
			1175	1196
			1174	1196
			1173	1196
			1172	1196
			1171	1196
			1170	1196
			1169	1196
			1168	1196
			1167	1196
			1166	1196
			1165	1196
			1164	1196
			1163	1196
			1162	1196
			1161	1196
			1160	1196
			1159	1196
			1158	1196
			1157	1196
			1156	1196
			1155	1196
			1154	1196
			1153	1196
			1152	1196
			1151	1196
			1150	1196
			1149	1196
			1148	1196
			1147	1196
			1146	1196
			1145	1196
			1144	1196
			1143	1196
			1142	1196
			1141	1196
			1140	1196
			1139	1196
			1138	1196
			1137	1196
			1136	1196
			1135	1196
			1134	1196
			1133	1196
			1132	1196
			1131	1196
			1130	1196
			1129	1196
			1128	1196
			1127	1196
			1126	1196
			1125	1196
			1124	1196
			1123	1196
			1122	1196
			1121	1196
			1120	1196
			1119	1196
			1118	1196
			1117	1196
			1116	1196
			1115	1196
			1114	1196
			1113	1196
			1113	1197
			1112	1197
			1111	1197
			1110	1197
			1109	1197
			1108	1197
			1107	1197
			1106	1197
			1105	1197
			1104	1197
			1103	1197
			1102	1197
			1101	1197
			1100	1197
			1099	1197
			1098	1197
			1097	1197
			1096	1197
			1095	1197
			1094	1197
			1093	1197
			1092	1197
			1091	1197
			1090	1197
			1089	1197
			1088	1197
			1087	1197
			1086	1197
			1085	1197
			1084	1197
			1083	1197
			1082	1197
			1081	1197
			1080	1197
			1079	1197
			1078	1197
			1077	1197
			1076	1197
			1075	1197
			1074	1197
			1073	1197
			1072	1197
			1071	1197
			1070	1197
			1069	1197
			1068	1197
			1067	1197
			1066	1197
			1065	1197
			1064	1197
			1063	1197
			1062	1197
			1061	1197
			1060	1197
			1059	1197
			1058	1197
			1057	1197
			1056	1197
			1055	1197
			1054	1197
			1053	1197
			1052	1197
			1051	1197
			1050	1197
			1049	1197
			1048	1197
			1047	1197
			1046	1197
			1045	1197
			1044	1197
			1043	1197
			1042	1197
			1041	1197
			1040	1197
			1039	1197
			1038	1197
			1037	1197
			1036	1197
			1035	1197
			1034	1197
			1033	1197
			1032	1197
			1031	1196
			1030	1196
			1029	1196
			1028	1196
			1027	1196
			1026	1196
			1025	1196
			1024	1196
			1023	1196
			1022	1196
			1021	1196
		</c2>
	</curves.pixel>
	<curves.scaled type=list>
		<c1 type=matrix rownames=FALSE colnames=FALSE nrow=687 ncol=2 as.numeric=TRUE >
			39.4182052149759	-46.174508753292
			39.4182052149759	-46.1359013045016
			39.4568126637663	-46.1359013045016
			39.4568126637663	-46.0972938557112
			39.4568126637663	-46.0586864069209
			39.4954201125566	-46.0200789581305
			39.534027561347	-45.9814715093401
			39.534027561347	-45.9428640605497
			39.5726350101374	-45.9042566117594
			39.5726350101374	-45.865649162969
			39.6112424589278	-45.8270417141786
			39.6112424589278	-45.7884342653882
			39.6498499077181	-45.7498268165979
			39.6498499077181	-45.7112193678075
			39.6884573565085	-45.6726119190171
			39.6884573565085	-45.6340044702267
			39.7270648052989	-45.5953970214363
			39.7656722540893	-45.556789572646
			39.7656722540893	-45.5181821238556
			39.8042797028796	-45.4795746750652
			39.8042797028796	-45.4409672262748
			39.84288715167	-45.4023597774844
			39.8814946004604	-45.3637523286941
			39.8814946004604	-45.3251448799037
			39.9201020492508	-45.2865374311133
			39.9587094980412	-45.2479299823229
			39.9587094980412	-45.2093225335326
			39.9973169468315	-45.1707150847422
			40.0359243956219	-45.1321076359518
			40.0359243956219	-45.0935001871614
			40.0745318444123	-45.054892738371
			40.1131392932027	-45.0162852895807
			40.1131392932027	-44.9776778407903
			40.1517467419931	-44.9776778407903
			40.1903541907834	-44.9390703919999
			40.1903541907834	-44.9004629432095
			40.2289616395738	-44.8618554944192
			40.2675690883642	-44.8232480456288
			40.3061765371546	-44.7846405968384
			40.3061765371546	-44.746033148048
			40.3447839859449	-44.7074256992576
			40.3833914347353	-44.6688182504673
			40.4219988835257	-44.6302108016769
			40.4219988835257	-44.5916033528865
			40.4606063323161	-44.5529959040961
			40.4992137811064	-44.5529959040961
			40.5378212298968	-44.5143884553058
			40.5764286786872	-44.4757810065154
			40.5764286786872	-44.437173557725
			40.6150361274776	-44.3985661089346
			40.653643576268	-44.3599586601442
			40.6922510250583	-44.3213512113539
			40.7308584738487	-44.2827437625635
			40.7694659226391	-44.2441363137731
			40.8080733714295	-44.2055288649827
			40.8466808202199	-44.1669214161924
			40.8852882690102	-44.128313967402
			40.9238957178006	-44.0897065186116
			40.962503166591	-44.0510990698212
			41.0011106153814	-44.0124916210308
			41.0397180641717	-43.9738841722405
			41.0783255129621	-43.9352767234501
			41.1169329617525	-43.8966692746597
			41.1555404105429	-43.8580618258693
			41.1941478593333	-43.8580618258693
			41.2327553081236	-43.819454377079
			41.2327553081236	-43.7808469282886
			41.271362756914	-43.7422394794982
			41.3099702057044	-43.7422394794982
			41.3485776544948	-43.7036320307078
			41.3871851032851	-43.6650245819174
			41.4257925520755	-43.6264171331271
			41.4644000008659	-43.5878096843367
			41.5030074496563	-43.5492022355463
			41.5416148984467	-43.5105947867559
			41.580222347237	-43.4719873379656
			41.6188297960274	-43.4719873379656
			41.6574372448178	-43.4333798891752
			41.6960446936082	-43.3947724403848
			41.7346521423985	-43.3947724403848
			41.7346521423985	-43.3561649915944
			41.7732595911889	-43.3561649915944
			41.8118670399793	-43.317557542804
			41.8504744887697	-43.2789500940137
			41.8890819375601	-43.2403426452233
			41.9276893863504	-43.2403426452233
			41.9662968351408	-43.2017351964329
			42.0049042839312	-43.1631277476425
			42.0435117327216	-43.1245202988521
			42.0821191815119	-43.1245202988521
			42.1207266303023	-43.0859128500618
			42.1593340790927	-43.0473054012714
			42.1979415278831	-43.008697952481
			42.2365489766735	-43.008697952481
			42.2751564254638	-42.9700905036906
			42.3137638742542	-42.9700905036906
			42.3523713230446	-42.9314830549003
			42.390978771835	-42.8928756061099
			42.4295862206253	-42.8928756061099
			42.4681936694157	-42.8542681573195
			42.4681936694157	-42.8156607085291
			42.5068011182061	-42.8156607085291
			42.5454085669965	-42.7770532597388
			42.5840160157869	-42.7770532597388
			42.6226234645772	-42.7384458109484
			42.6612309133676	-42.699838362158
			42.699838362158	-42.699838362158
			42.7384458109484	-42.6612309133676
			42.7770532597388	-42.6226234645772
			42.8156607085291	-42.6226234645772
			42.8542681573195	-42.5840160157869
			42.8928756061099	-42.5454085669965
			42.9314830549003	-42.5454085669965
			42.9700905036906	-42.5068011182061
			42.9700905036906	-42.4681936694157
			43.008697952481	-42.4681936694157
			43.0473054012714	-42.4295862206253
			43.0859128500618	-42.4295862206253
			43.1245202988521	-42.390978771835
			43.1631277476425	-42.3523713230446
			43.2017351964329	-42.3523713230446
			43.2403426452233	-42.3137638742542
			43.2789500940137	-42.2751564254638
			43.317557542804	-42.2751564254638
			43.3561649915944	-42.2365489766735
			43.3947724403848	-42.2365489766735
			43.4333798891752	-42.1979415278831
			43.4719873379656	-42.1593340790927
			43.5105947867559	-42.1593340790927
			43.5105947867559	-42.1207266303023
			43.5492022355463	-42.1207266303023
			43.5878096843367	-42.0821191815119
			43.6264171331271	-42.0435117327216
			43.6650245819174	-42.0435117327216
			43.7036320307078	-42.0049042839312
			43.7422394794982	-41.9662968351408
			43.7808469282886	-41.9662968351408
			43.819454377079	-41.9276893863504
			43.8580618258693	-41.9276893863504
			43.8966692746597	-41.8890819375601
			43.9352767234501	-41.8504744887697
			43.9738841722405	-41.8504744887697
			44.0124916210308	-41.8118670399793
			44.0510990698212	-41.8118670399793
			44.0897065186116	-41.7732595911889
			44.128313967402	-41.7346521423985
			44.1669214161924	-41.6960446936082
			44.2055288649827	-41.6960446936082
			44.2441363137731	-41.6574372448178
			44.2827437625635	-41.6574372448178
			44.3213512113539	-41.6188297960274
			44.3599586601442	-41.580222347237
			44.3985661089346	-41.580222347237
			44.437173557725	-41.5416148984467
			44.4757810065154	-41.5416148984467
			44.5143884553058	-41.5030074496563
			44.5529959040961	-41.4644000008659
			44.5916033528865	-41.4644000008659
			44.6302108016769	-41.4257925520755
			44.6688182504673	-41.3871851032851
			44.7074256992576	-41.3871851032851
			44.746033148048	-41.3485776544948
			44.7846405968384	-41.3485776544948
			44.8232480456288	-41.3099702057044
			44.8618554944192	-41.3099702057044
			44.9004629432095	-41.271362756914
			44.9390703919999	-41.2327553081236
			44.9776778407903	-41.2327553081236
			45.0162852895807	-41.1941478593333
			45.054892738371	-41.1941478593333
			45.0935001871614	-41.1555404105429
			45.1321076359518	-41.1169329617525
			45.1707150847422	-41.1169329617525
			45.2093225335326	-41.0783255129621
			45.2479299823229	-41.0783255129621
			45.2865374311133	-41.0397180641717
			45.3251448799037	-41.0397180641717
			45.3637523286941	-41.0011106153814
			45.4023597774844	-40.962503166591
			45.4409672262748	-40.962503166591
			45.4795746750652	-40.9238957178006
			45.5181821238556	-40.9238957178006
			45.556789572646	-40.8852882690102
			45.5953970214363	-40.8852882690102
			45.6340044702267	-40.8466808202199
			45.6726119190171	-40.8080733714295
			45.7112193678075	-40.8080733714295
			45.7498268165979	-40.7694659226391
			45.7884342653882	-40.7694659226391
			45.8270417141786	-40.7308584738487
			45.865649162969	-40.7308584738487
			45.9042566117594	-40.6922510250583
			45.9428640605497	-40.6922510250583
			45.9814715093401	-40.653643576268
			46.0200789581305	-40.6150361274776
			46.0586864069209	-40.6150361274776
			46.0972938557112	-40.5764286786872
			46.1359013045016	-40.5378212298968
			46.174508753292	-40.5378212298968
			46.2131162020824	-40.5378212298968
			46.2517236508728	-40.4992137811064
			46.2903310996631	-40.4606063323161
			46.3289385484535	-40.4606063323161
			46.3675459972439	-40.4219988835257
			46.4061534460343	-40.4219988835257
			46.4447608948247	-40.3833914347353
			46.483368343615	-40.3833914347353
			46.5219757924054	-40.3447839859449
			46.5605832411958	-40.3447839859449
			46.5605832411958	-40.3061765371546
			46.5991906899862	-40.3061765371546
			46.6377981387765	-40.2675690883642
			46.6764055875669	-40.2675690883642
			46.7150130363573	-40.2675690883642
			46.7536204851477	-40.2289616395738
			46.7922279339381	-40.1903541907834
			46.8308353827284	-40.1903541907834
			46.8694428315188	-40.1517467419931
			46.9080502803092	-40.1517467419931
			46.9466577290996	-40.1131392932027
			46.9852651778899	-40.1131392932027
			47.0238726266803	-40.0745318444123
			47.0624800754707	-40.0745318444123
			47.0624800754707	-40.0359243956219
			47.1010875242611	-40.0359243956219
			47.1396949730515	-39.9973169468315
			47.1783024218418	-39.9973169468315
			47.2169098706322	-39.9973169468315
			47.2555173194226	-39.9587094980412
			47.294124768213	-39.9201020492508
			47.3327322170033	-39.9201020492508
			47.3713396657937	-39.8814946004604
			47.4099471145841	-39.8814946004604
			47.4485545633745	-39.84288715167
			47.4871620121649	-39.84288715167
			47.5257694609552	-39.8042797028796
			47.5643769097456	-39.8042797028796
			47.602984358536	-39.7656722540893
			47.6415918073264	-39.7656722540893
			47.6801992561167	-39.7270648052989
			47.7188067049071	-39.7270648052989
			47.7574141536975	-39.6884573565085
			47.7960216024879	-39.6884573565085
			47.8346290512783	-39.6498499077181
			47.8732365000686	-39.6498499077181
			47.911843948859	-39.6112424589278
			47.9504513976494	-39.6112424589278
			47.9890588464398	-39.5726350101374
			48.0276662952301	-39.5726350101374
			48.0662737440205	-39.534027561347
			48.1048811928109	-39.534027561347
			48.1434886416013	-39.534027561347
			48.1820960903917	-39.4954201125566
			48.220703539182	-39.4954201125566
			48.2593109879724	-39.4568126637663
			48.2979184367628	-39.4568126637663
			48.3365258855532	-39.4182052149759
			48.3751333343436	-39.4182052149759
			48.4137407831339	-39.3795977661855
			48.4523482319243	-39.3795977661855
			48.4909556807147	-39.3409903173951
			48.5295631295051	-39.3409903173951
			48.5681705782954	-39.3409903173951
			48.6067780270858	-39.3023828686047
			48.6453854758762	-39.3023828686047
			48.6839929246666	-39.2637754198144
			48.7226003734569	-39.2637754198144
			48.7612078222473	-39.225167971024
			48.7998152710377	-39.225167971024
			48.8384227198281	-39.225167971024
			48.8384227198281	-39.1865605222336
			48.8770301686185	-39.1865605222336
			48.9156376174088	-39.1865605222336
			48.9542450661992	-39.1479530734432
			48.9928525149896	-39.1479530734432
			49.03145996378	-39.1093456246528
			49.0700674125704	-39.1093456246528
			49.1086748613607	-39.1093456246528
			49.1472823101511	-39.0707381758625
			49.1858897589415	-39.0707381758625
			49.2244972077319	-39.0707381758625
			49.2631046565222	-39.0321307270721
			49.3017121053126	-39.0321307270721
			49.340319554103	-39.0321307270721
			49.3789270028934	-38.9935232782817
			49.4175344516837	-38.9935232782817
			49.4561419004741	-38.9549158294913
			49.4947493492645	-38.9549158294913
			49.5333567980549	-38.9549158294913
			49.5719642468453	-38.916308380701
			49.6105716956356	-38.916308380701
			49.649179144426	-38.916308380701
			49.6877865932164	-38.8777009319106
			49.7263940420068	-38.8777009319106
			49.7650014907972	-38.8777009319106
			49.8036089395875	-38.8777009319106
			49.8422163883779	-38.8390934831202
			49.8808238371683	-38.8390934831202
			49.9194312859587	-38.8390934831202
			49.958038734749	-38.8004860343298
			49.9966461835394	-38.8004860343298
			50.0352536323298	-38.8004860343298
			50.0738610811202	-38.7618785855394
			50.1124685299106	-38.7618785855394
			50.1510759787009	-38.7618785855394
			50.1896834274913	-38.7232711367491
			50.2282908762817	-38.7232711367491
			50.2668983250721	-38.7232711367491
			50.3055057738624	-38.6846636879587
			50.3441132226528	-38.6846636879587
			50.3827206714432	-38.6846636879587
			50.4213281202336	-38.6846636879587
			50.459935569024	-38.6460562391683
			50.4985430178143	-38.6460562391683
			50.5371504666047	-38.6460562391683
			50.5757579153951	-38.6460562391683
			50.6143653641855	-38.6074487903779
			50.6529728129758	-38.6074487903779
			50.6915802617662	-38.6074487903779
			50.7301877105566	-38.6074487903779
			50.768795159347	-38.5688413415876
			50.8074026081374	-38.5688413415876
			50.8460100569277	-38.5688413415876
			50.8846175057181	-38.5688413415876
			50.9232249545085	-38.5688413415876
			50.9618324032989	-38.5302338927972
			51.0004398520893	-38.5302338927972
			51.0390473008796	-38.5302338927972
			51.07765474967	-38.5302338927972
			51.1162621984604	-38.4916264440068
			51.1548696472508	-38.4916264440068
			51.1934770960411	-38.4916264440068
			51.2320845448315	-38.4916264440068
			51.2706919936219	-38.4916264440068
			51.3092994424123	-38.4916264440068
			51.3479068912026	-38.4916264440068
			51.3479068912026	-38.4530189952164
			51.386514339993	-38.4530189952164
			51.4251217887834	-38.4530189952164
			51.4637292375738	-38.4530189952164
			51.5023366863642	-38.4530189952164
			51.5409441351545	-38.4530189952164
			51.5795515839449	-38.414411546426
			51.6181590327353	-38.414411546426
			51.6567664815257	-38.414411546426
			51.6953739303161	-38.414411546426
			51.7339813791064	-38.414411546426
			51.7725888278968	-38.414411546426
			51.8111962766872	-38.414411546426
			51.8498037254776	-38.414411546426
			51.8884111742679	-38.3758040976357
			51.9270186230583	-38.3758040976357
			51.9656260718487	-38.3758040976357
			52.0042335206391	-38.3758040976357
			52.0428409694295	-38.3758040976357
			52.0814484182198	-38.3758040976357
			52.1200558670102	-38.3758040976357
			52.1586633158006	-38.3758040976357
			52.197270764591	-38.3758040976357
			52.2358782133813	-38.3758040976357
			52.2744856621717	-38.3758040976357
			52.3130931109621	-38.3371966488453
			52.3517005597525	-38.3371966488453
			52.3903080085429	-38.3371966488453
			52.4289154573332	-38.3371966488453
			52.4675229061236	-38.3371966488453
			52.506130354914	-38.3371966488453
			52.5447378037044	-38.3371966488453
			52.5833452524947	-38.3371966488453
			52.6219527012851	-38.3371966488453
			52.6605601500755	-38.3371966488453
			52.6991675988659	-38.3371966488453
			52.7377750476563	-38.3371966488453
			52.7763824964466	-38.3371966488453
			52.814989945237	-38.3371966488453
			52.8535973940274	-38.3371966488453
			52.8922048428178	-38.3371966488453
			52.9308122916081	-38.3371966488453
			52.9694197403985	-38.3371966488453
			53.0080271891889	-38.3371966488453
			53.0466346379793	-38.3371966488453
			53.0852420867697	-38.3371966488453
			53.12384953556	-38.3371966488453
			53.1624569843504	-38.3371966488453
			53.2010644331408	-38.3371966488453
			53.2396718819312	-38.3371966488453
			53.2782793307215	-38.3371966488453
			53.3168867795119	-38.3371966488453
			53.3554942283023	-38.3371966488453
			53.3941016770927	-38.3758040976357
			53.4327091258831	-38.3758040976357
			53.4713165746734	-38.3758040976357
			53.5099240234638	-38.3758040976357
			53.5485314722542	-38.3758040976357
			53.5871389210446	-38.3758040976357
			53.6257463698349	-38.3758040976357
			53.6643538186253	-38.3758040976357
			53.7029612674157	-38.3758040976357
			53.7415687162061	-38.3758040976357
			53.7801761649965	-38.414411546426
			53.8187836137868	-38.414411546426
			53.8573910625772	-38.414411546426
			53.8959985113676	-38.414411546426
			53.934605960158	-38.414411546426
			53.9732134089483	-38.414411546426
			54.0118208577387	-38.414411546426
			54.0504283065291	-38.414411546426
			54.0890357553195	-38.4530189952164
			54.1276432041099	-38.4530189952164
			54.1662506529002	-38.4530189952164
			54.2048581016906	-38.4530189952164
			54.243465550481	-38.4530189952164
			54.2820729992714	-38.4916264440068
			54.3206804480618	-38.4916264440068
			54.3592878968521	-38.4916264440068
			54.3978953456425	-38.4916264440068
			54.4365027944329	-38.4916264440068
			54.4365027944329	-38.5302338927972
			54.4751102432233	-38.5302338927972
			54.5137176920136	-38.5302338927972
			54.552325140804	-38.5302338927972
			54.5909325895944	-38.5302338927972
			54.5909325895944	-38.5688413415876
			54.6295400383848	-38.5688413415876
			54.6681474871752	-38.5688413415876
			54.7067549359655	-38.5688413415876
			54.7453623847559	-38.5688413415876
			54.7453623847559	-38.6074487903779
			54.7839698335463	-38.6074487903779
			54.8225772823367	-38.6074487903779
			54.861184731127	-38.6074487903779
			54.8997921799174	-38.6074487903779
			54.8997921799174	-38.6460562391683
			54.9383996287078	-38.6460562391683
			54.9770070774982	-38.6460562391683
			55.0156145262886	-38.6460562391683
			55.0542219750789	-38.6846636879587
			55.0928294238693	-38.6846636879587
			55.1314368726597	-38.6846636879587
			55.1700443214501	-38.7232711367491
			55.2086517702404	-38.7232711367491
			55.2472592190308	-38.7232711367491
			55.2858666678212	-38.7618785855394
			55.3244741166116	-38.7618785855394
			55.363081565402	-38.7618785855394
			55.4016890141923	-38.8004860343298
			55.4402964629827	-38.8004860343298
			55.4789039117731	-38.8390934831202
			55.5175113605635	-38.8390934831202
			55.5561188093538	-38.8390934831202
			55.5561188093538	-38.8777009319106
			55.5947262581442	-38.8777009319106
			55.6333337069346	-38.8777009319106
			55.6333337069346	-38.916308380701
			55.671941155725	-38.916308380701
			55.7105486045154	-38.916308380701
			55.7491560533057	-38.9549158294913
			55.7877635020961	-38.9549158294913
			55.8263709508865	-38.9935232782817
			55.8649783996769	-38.9935232782817
			55.9035858484672	-38.9935232782817
			55.9035858484672	-39.0321307270721
			55.9421932972576	-39.0321307270721
			55.980800746048	-39.0321307270721
			56.0194081948384	-39.0707381758625
			56.0580156436288	-39.0707381758625
			56.0580156436288	-39.1093456246528
			56.0966230924191	-39.1093456246528
			56.1352305412095	-39.1093456246528
			56.1738379899999	-39.1479530734432
			56.2124454387903	-39.1479530734432
			56.2510528875806	-39.1865605222336
			56.289660336371	-39.1865605222336
			56.3282677851614	-39.1865605222336
			56.3668752339518	-39.225167971024
			56.4054826827422	-39.225167971024
			56.4440901315325	-39.2637754198144
			56.4826975803229	-39.2637754198144
			56.5213050291133	-39.2637754198144
			56.5213050291133	-39.3023828686047
			56.5599124779037	-39.3023828686047
			56.598519926694	-39.3023828686047
			56.6371273754844	-39.3409903173951
			56.6757348242748	-39.3409903173951
			56.7143422730652	-39.3795977661855
			56.7529497218556	-39.3795977661855
			56.7915571706459	-39.3795977661855
			56.8301646194363	-39.4182052149759
			56.8687720682267	-39.4568126637663
			56.9073795170171	-39.4568126637663
			56.9459869658074	-39.4568126637663
			56.9845944145978	-39.4954201125566
			57.0232018633882	-39.4954201125566
			57.0618093121786	-39.534027561347
			57.100416760969	-39.5726350101374
			57.1390242097593	-39.5726350101374
			57.1390242097593	-39.6112424589278
			57.1776316585497	-39.6112424589278
			57.2162391073401	-39.6498499077181
			57.2548465561305	-39.6498499077181
			57.2934540049209	-39.6884573565085
			57.3320614537112	-39.6884573565085
			57.3706689025016	-39.7270648052989
			57.409276351292	-39.7656722540893
			57.4478838000824	-39.7656722540893
			57.4478838000824	-39.8042797028796
			57.4864912488727	-39.8042797028796
			57.5250986976631	-39.84288715167
			57.5637061464535	-39.8814946004604
			57.6023135952439	-39.8814946004604
			57.6409210440343	-39.9201020492508
			57.6409210440343	-39.9587094980412
			57.6795284928246	-39.9587094980412
			57.718135941615	-39.9973169468315
			57.7567433904054	-40.0359243956219
			57.7953508391958	-40.0359243956219
			57.8339582879861	-40.0745318444123
			57.8339582879861	-40.1131392932027
			57.8725657367765	-40.1131392932027
			57.9111731855669	-40.1517467419931
			57.9497806343573	-40.1903541907834
			57.9883880831477	-40.1903541907834
			58.026995531938	-40.2289616395738
			58.026995531938	-40.2675690883642
			58.0656029807284	-40.3061765371546
			58.1042104295188	-40.3061765371546
			58.1428178783092	-40.3447839859449
			58.1428178783092	-40.3833914347353
			58.1814253270995	-40.4219988835257
			58.2200327758899	-40.4606063323161
			58.2586402246803	-40.4606063323161
			58.2972476734707	-40.4992137811064
			58.2972476734707	-40.5378212298968
			58.3358551222611	-40.5764286786872
			58.3744625710514	-40.6150361274776
			58.4130700198418	-40.6150361274776
			58.4130700198418	-40.653643576268
			58.4516774686322	-40.6922510250583
			58.4902849174226	-40.7308584738487
			58.4902849174226	-40.7694659226391
			58.5288923662129	-40.8080733714295
			58.5674998150033	-40.8466808202199
			58.6061072637937	-40.8852882690102
			58.6447147125841	-40.9238957178006
			58.6833221613745	-40.962503166591
			58.6833221613745	-41.0011106153814
			58.7219296101648	-41.0397180641717
			58.7605370589552	-41.0783255129621
			58.7991445077456	-41.1169329617525
			58.837751956536	-41.1555404105429
			58.837751956536	-41.1941478593333
			58.8763594053263	-41.2327553081236
			58.8763594053263	-41.271362756914
			58.9149668541167	-41.3099702057044
			58.9149668541167	-41.3485776544948
			58.9535743029071	-41.3485776544948
			58.9921817516975	-41.3871851032851
			58.9921817516975	-41.4257925520755
			59.0307892004879	-41.4644000008659
			59.0307892004879	-41.5030074496563
			59.0693966492782	-41.5416148984467
			59.0693966492782	-41.580222347237
			59.1080040980686	-41.6188297960274
			59.146611546859	-41.6188297960274
			59.146611546859	-41.6574372448178
			59.1852189956494	-41.6960446936082
			59.1852189956494	-41.7346521423985
			59.2238264444398	-41.7732595911889
			59.2238264444398	-41.8118670399793
			59.2624338932301	-41.8504744887697
			59.2624338932301	-41.8890819375601
			59.3010413420205	-41.9276893863504
			59.3010413420205	-41.9662968351408
			59.3396487908109	-42.0049042839312
			59.3396487908109	-42.0435117327216
			59.3782562396013	-42.0821191815119
			59.3782562396013	-42.1207266303023
			59.4168636883916	-42.1593340790927
			59.4168636883916	-42.1979415278831
			59.455471137182	-42.2365489766735
			59.455471137182	-42.2751564254638
			59.4940785859724	-42.3137638742542
			59.4940785859724	-42.3523713230446
			59.5326860347628	-42.390978771835
			59.5326860347628	-42.4295862206253
			59.5712934835531	-42.4681936694157
			59.5712934835531	-42.5068011182061
			59.6099009323435	-42.5454085669965
			59.6099009323435	-42.5840160157869
			59.6485083811339	-42.6226234645772
			59.6485083811339	-42.6612309133676
			59.6871158299243	-42.699838362158
			59.6871158299243	-42.7384458109484
			59.7257232787147	-42.7770532597388
			59.7257232787147	-42.8156607085291
			59.7257232787147	-42.8542681573195
			59.764330727505	-42.8928756061099
			59.764330727505	-42.9314830549003
			59.8029381762954	-42.9700905036906
			59.8029381762954	-43.008697952481
			59.8029381762954	-43.0473054012714
			59.8415456250858	-43.0859128500618
			59.8415456250858	-43.1245202988521
			59.8415456250858	-43.1631277476425
			59.8801530738762	-43.1631277476425
			59.8801530738762	-43.2017351964329
			59.8801530738762	-43.2403426452233
			59.9187605226666	-43.2403426452233
			59.9187605226666	-43.2789500940137
			59.9573679714569	-43.2789500940137
			59.9573679714569	-43.317557542804
			59.9573679714569	-43.3561649915944
			59.9959754202473	-43.3561649915944
			59.9959754202473	-43.3947724403848
			60.0345828690377	-43.4333798891752
			60.0345828690377	-43.4719873379656
			60.0731903178281	-43.5105947867559
			60.0731903178281	-43.5492022355463
			60.1117977666184	-43.5878096843367
			60.1504052154088	-43.6264171331271
			60.1504052154088	-43.6650245819174
			60.1890126641992	-43.7036320307078
			60.1890126641992	-43.7422394794982
			60.2276201129896	-43.7808469282886
			60.2276201129896	-43.819454377079
			60.2662275617799	-43.8580618258693
			60.2662275617799	-43.8966692746597
			60.2662275617799	-43.9352767234501
			60.3048350105703	-43.9352767234501
			60.3048350105703	-43.9738841722405
			60.3434424593607	-44.0124916210308
			60.3434424593607	-44.0510990698212
			60.3820499081511	-44.0897065186116
			60.3820499081511	-44.128313967402
			60.4206573569415	-44.1669214161924
			60.4206573569415	-44.2055288649827
			60.4592648057318	-44.2441363137731
			60.4592648057318	-44.2827437625635
			60.4978722545222	-44.3213512113539
			60.4978722545222	-44.3599586601442
			60.5364797033126	-44.3985661089346
			60.5364797033126	-44.437173557725
			60.5364797033126	-44.4757810065154
			60.575087152103	-44.5143884553058
			60.575087152103	-44.5529959040961
			60.6136946008934	-44.5916033528865
			60.6136946008934	-44.6302108016769
			60.6136946008934	-44.6688182504673
			60.6523020496837	-44.7074256992576
			60.6523020496837	-44.746033148048
			60.6909094984741	-44.7846405968384
			60.6909094984741	-44.8232480456288
			60.6909094984741	-44.8618554944192
			60.7295169472645	-44.9004629432095
			60.7295169472645	-44.9390703919999
			60.7295169472645	-44.9776778407903
			60.7681243960549	-45.0162852895807
			60.7681243960549	-45.054892738371
			60.8067318448452	-45.0935001871614
			60.8067318448452	-45.1321076359518
			60.8067318448452	-45.1707150847422
			60.8453392936356	-45.2093225335326
			60.8453392936356	-45.2479299823229
			60.883946742426	-45.2865374311133
			60.883946742426	-45.3251448799037
			60.883946742426	-45.3637523286941
			60.883946742426	-45.4023597774844
			60.9225541912164	-45.4023597774844
			60.9225541912164	-45.4409672262748
			60.9225541912164	-45.4795746750652
			60.9225541912164	-45.5181821238556
			60.9611616400068	-45.5181821238556
			60.9611616400068	-45.556789572646
			60.9611616400068	-45.5953970214363
			60.9997690887971	-45.6340044702267
			60.9997690887971	-45.6726119190171
			60.9997690887971	-45.7112193678075
			61.0383765375875	-45.7498268165979
			61.0383765375875	-45.7884342653882
			61.0383765375875	-45.8270417141786
			61.0383765375875	-45.865649162969
			61.0769839863779	-45.865649162969
			61.0769839863779	-45.9042566117594
			61.0769839863779	-45.9428640605497
			61.0769839863779	-45.9814715093401
			61.1155914351683	-46.0200789581305
			61.1155914351683	-46.0586864069209
		</c1>
		<c2 type=matrix rownames=FALSE colnames=FALSE nrow=565 ncol=2 as.numeric=TRUE >
			61.1155914351683	-46.0586864069209
			61.0769839863779	-46.0586864069209
			61.0383765375875	-46.0586864069209
			60.9997690887971	-46.0586864069209
			60.9611616400068	-46.0586864069209
			60.9225541912164	-46.0586864069209
			60.883946742426	-46.0586864069209
			60.8453392936356	-46.0586864069209
			60.8067318448452	-46.0586864069209
			60.7681243960549	-46.0586864069209
			60.7295169472645	-46.0586864069209
			60.6909094984741	-46.0586864069209
			60.6523020496837	-46.0586864069209
			60.6136946008934	-46.0586864069209
			60.575087152103	-46.0586864069209
			60.5364797033126	-46.0586864069209
			60.4978722545222	-46.0586864069209
			60.4592648057318	-46.0586864069209
			60.4206573569415	-46.0586864069209
			60.3820499081511	-46.0972938557112
			60.3434424593607	-46.0972938557112
			60.3048350105703	-46.0972938557112
			60.2662275617799	-46.0972938557112
			60.2276201129896	-46.0972938557112
			60.1890126641992	-46.0972938557112
			60.1504052154088	-46.0972938557112
			60.1117977666184	-46.0972938557112
			60.0731903178281	-46.0972938557112
			60.0345828690377	-46.0972938557112
			59.9959754202473	-46.0972938557112
			59.9573679714569	-46.0972938557112
			59.9187605226666	-46.0972938557112
			59.8801530738762	-46.0972938557112
			59.8415456250858	-46.0972938557112
			59.8029381762954	-46.0972938557112
			59.764330727505	-46.0972938557112
			59.7257232787147	-46.0972938557112
			59.6871158299243	-46.0972938557112
			59.6485083811339	-46.0972938557112
			59.6099009323435	-46.0972938557112
			59.5712934835531	-46.0972938557112
			59.5326860347628	-46.0972938557112
			59.4940785859724	-46.0972938557112
			59.455471137182	-46.0972938557112
			59.4168636883916	-46.0972938557112
			59.3782562396013	-46.0972938557112
			59.3396487908109	-46.0972938557112
			59.3010413420205	-46.0972938557112
			59.2624338932301	-46.0972938557112
			59.2238264444398	-46.0972938557112
			59.1852189956494	-46.0972938557112
			59.146611546859	-46.0972938557112
			59.1080040980686	-46.0972938557112
			59.0693966492782	-46.0972938557112
			59.0307892004879	-46.0972938557112
			58.9921817516975	-46.0972938557112
			58.9535743029071	-46.0972938557112
			58.9149668541167	-46.0972938557112
			58.8763594053263	-46.0972938557112
			58.837751956536	-46.0972938557112
			58.7991445077456	-46.0972938557112
			58.7605370589552	-46.0972938557112
			58.7219296101648	-46.0972938557112
			58.6833221613745	-46.0972938557112
			58.6447147125841	-46.0972938557112
			58.6061072637937	-46.0972938557112
			58.5674998150033	-46.0972938557112
			58.5288923662129	-46.0972938557112
			58.4902849174226	-46.0972938557112
			58.4516774686322	-46.0972938557112
			58.4130700198418	-46.0972938557112
			58.3744625710514	-46.0972938557112
			58.3358551222611	-46.0972938557112
			58.2972476734707	-46.0972938557112
			58.2586402246803	-46.0972938557112
			58.2200327758899	-46.0972938557112
			58.1814253270995	-46.0972938557112
			58.1428178783092	-46.0972938557112
			58.1042104295188	-46.1359013045016
			58.0656029807284	-46.1359013045016
			58.026995531938	-46.1359013045016
			57.9883880831477	-46.1359013045016
			57.9497806343573	-46.1359013045016
			57.9111731855669	-46.1359013045016
			57.8725657367765	-46.1359013045016
			57.8339582879861	-46.1359013045016
			57.7953508391958	-46.1359013045016
			57.7567433904054	-46.1359013045016
			57.718135941615	-46.1359013045016
			57.6795284928246	-46.1359013045016
			57.6409210440343	-46.1359013045016
			57.6023135952439	-46.1359013045016
			57.5637061464535	-46.1359013045016
			57.5250986976631	-46.1359013045016
			57.4864912488727	-46.1359013045016
			57.4478838000824	-46.1359013045016
			57.409276351292	-46.1359013045016
			57.3706689025016	-46.1359013045016
			57.3320614537112	-46.1359013045016
			57.2934540049209	-46.1359013045016
			57.2548465561305	-46.1359013045016
			57.2162391073401	-46.1359013045016
			57.1776316585497	-46.1359013045016
			57.1390242097593	-46.1359013045016
			57.100416760969	-46.1359013045016
			57.0618093121786	-46.1359013045016
			57.0232018633882	-46.1359013045016
			56.9845944145978	-46.1359013045016
			56.9459869658074	-46.1359013045016
			56.9073795170171	-46.1359013045016
			56.8687720682267	-46.1359013045016
			56.8301646194363	-46.1359013045016
			56.7915571706459	-46.1359013045016
			56.7529497218556	-46.1359013045016
			56.7143422730652	-46.1359013045016
			56.6757348242748	-46.1359013045016
			56.6371273754844	-46.1359013045016
			56.598519926694	-46.1359013045016
			56.5599124779037	-46.1359013045016
			56.5213050291133	-46.1359013045016
			56.4826975803229	-46.1359013045016
			56.4440901315325	-46.1359013045016
			56.4054826827422	-46.1359013045016
			56.3668752339518	-46.1359013045016
			56.3282677851614	-46.1359013045016
			56.289660336371	-46.1359013045016
			56.2510528875806	-46.1359013045016
			56.2124454387903	-46.1359013045016
			56.1738379899999	-46.1359013045016
			56.1352305412095	-46.1359013045016
			56.0966230924191	-46.1359013045016
			56.0580156436288	-46.1359013045016
			56.0194081948384	-46.1359013045016
			55.980800746048	-46.1359013045016
			55.9421932972576	-46.1359013045016
			55.9035858484672	-46.1359013045016
			55.8649783996769	-46.1359013045016
			55.8263709508865	-46.1359013045016
			55.7877635020961	-46.1359013045016
			55.7491560533057	-46.1359013045016
			55.7105486045154	-46.0972938557112
			55.671941155725	-46.0972938557112
			55.6333337069346	-46.0972938557112
			55.5947262581442	-46.0972938557112
			55.5561188093538	-46.0972938557112
			55.5175113605635	-46.0972938557112
			55.4789039117731	-46.0972938557112
			55.4402964629827	-46.0972938557112
			55.4016890141923	-46.0972938557112
			55.363081565402	-46.0972938557112
			55.3244741166116	-46.0972938557112
			55.2858666678212	-46.0972938557112
			55.2472592190308	-46.0972938557112
			55.2086517702404	-46.0972938557112
			55.1700443214501	-46.0972938557112
			55.1314368726597	-46.0972938557112
			55.0928294238693	-46.0972938557112
			55.0542219750789	-46.0972938557112
			55.0156145262886	-46.0972938557112
			54.9770070774982	-46.0972938557112
			54.9383996287078	-46.0972938557112
			54.8997921799174	-46.0972938557112
			54.861184731127	-46.0972938557112
			54.8225772823367	-46.0972938557112
			54.7839698335463	-46.0972938557112
			54.7453623847559	-46.0972938557112
			54.7067549359655	-46.0972938557112
			54.6681474871752	-46.0972938557112
			54.6295400383848	-46.0972938557112
			54.5909325895944	-46.0972938557112
			54.552325140804	-46.0972938557112
			54.5137176920136	-46.0972938557112
			54.4751102432233	-46.0972938557112
			54.4365027944329	-46.0972938557112
			54.3978953456425	-46.0972938557112
			54.3592878968521	-46.0586864069209
			54.3206804480618	-46.0586864069209
			54.2820729992714	-46.0586864069209
			54.243465550481	-46.0586864069209
			54.2048581016906	-46.0586864069209
			54.1662506529002	-46.0586864069209
			54.1276432041099	-46.0586864069209
			54.0890357553195	-46.0586864069209
			54.0504283065291	-46.0586864069209
			54.0118208577387	-46.0586864069209
			53.9732134089483	-46.0586864069209
			53.934605960158	-46.0586864069209
			53.8959985113676	-46.0586864069209
			53.8573910625772	-46.0586864069209
			53.8187836137868	-46.0586864069209
			53.7801761649965	-46.0586864069209
			53.7415687162061	-46.0586864069209
			53.7029612674157	-46.0586864069209
			53.6643538186253	-46.0586864069209
			53.6257463698349	-46.0586864069209
			53.5871389210446	-46.0586864069209
			53.5485314722542	-46.0586864069209
			53.5099240234638	-46.0586864069209
			53.4713165746734	-46.0586864069209
			53.4327091258831	-46.0586864069209
			53.3941016770927	-46.0586864069209
			53.3554942283023	-46.0586864069209
			53.3168867795119	-46.0586864069209
			53.2782793307215	-46.0586864069209
			53.2396718819312	-46.0586864069209
			53.2010644331408	-46.0586864069209
			53.1624569843504	-46.0200789581305
			53.12384953556	-46.0200789581305
			53.0852420867697	-46.0200789581305
			53.0466346379793	-46.0200789581305
			53.0080271891889	-46.0200789581305
			52.9694197403985	-46.0200789581305
			52.9308122916081	-46.0200789581305
			52.8922048428178	-46.0200789581305
			52.8535973940274	-46.0200789581305
			52.814989945237	-46.0200789581305
			52.7763824964466	-46.0200789581305
			52.7377750476563	-46.0200789581305
			52.6991675988659	-46.0200789581305
			52.6605601500755	-46.0200789581305
			52.6219527012851	-46.0200789581305
			52.5833452524947	-46.0200789581305
			52.5447378037044	-46.0200789581305
			52.506130354914	-46.0200789581305
			52.4675229061236	-46.0200789581305
			52.4289154573332	-46.0200789581305
			52.3903080085429	-46.0200789581305
			52.3517005597525	-46.0200789581305
			52.3130931109621	-46.0200789581305
			52.2744856621717	-46.0200789581305
			52.2358782133813	-46.0200789581305
			52.197270764591	-46.0200789581305
			52.1586633158006	-46.0200789581305
			52.1200558670102	-46.0200789581305
			52.0814484182198	-46.0200789581305
			52.0428409694295	-45.9814715093401
			52.0042335206391	-45.9814715093401
			51.9656260718487	-45.9814715093401
			51.9270186230583	-45.9814715093401
			51.8884111742679	-45.9814715093401
			51.8498037254776	-45.9814715093401
			51.8111962766872	-45.9814715093401
			51.7725888278968	-45.9814715093401
			51.7339813791064	-45.9814715093401
			51.6953739303161	-45.9814715093401
			51.6567664815257	-45.9814715093401
			51.6181590327353	-45.9814715093401
			51.5795515839449	-45.9814715093401
			51.5409441351545	-45.9814715093401
			51.5023366863642	-45.9814715093401
			51.4637292375738	-45.9814715093401
			51.4251217887834	-45.9814715093401
			51.386514339993	-45.9814715093401
			51.3479068912026	-45.9814715093401
			51.3092994424123	-45.9814715093401
			51.2706919936219	-45.9814715093401
			51.2320845448315	-45.9814715093401
			51.1934770960411	-45.9814715093401
			51.1548696472508	-45.9814715093401
			51.1162621984604	-45.9814715093401
			51.07765474967	-45.9814715093401
			51.0390473008796	-45.9814715093401
			51.0004398520893	-45.9814715093401
			50.9618324032989	-45.9428640605497
			50.9232249545085	-45.9428640605497
			50.8846175057181	-45.9428640605497
			50.8460100569277	-45.9428640605497
			50.8074026081374	-45.9428640605497
			50.768795159347	-45.9428640605497
			50.7301877105566	-45.9428640605497
			50.6915802617662	-45.9428640605497
			50.6529728129758	-45.9428640605497
			50.6143653641855	-45.9428640605497
			50.5757579153951	-45.9428640605497
			50.5371504666047	-45.9428640605497
			50.4985430178143	-45.9428640605497
			50.459935569024	-45.9428640605497
			50.4213281202336	-45.9428640605497
			50.3827206714432	-45.9428640605497
			50.3441132226528	-45.9428640605497
			50.3055057738624	-45.9428640605497
			50.2668983250721	-45.9428640605497
			50.2282908762817	-45.9428640605497
			50.2282908762817	-45.9814715093401
			50.1896834274913	-45.9814715093401
			50.1510759787009	-45.9814715093401
			50.1124685299106	-45.9814715093401
			50.0738610811202	-45.9814715093401
			50.0352536323298	-45.9814715093401
			49.9966461835394	-45.9814715093401
			49.958038734749	-45.9814715093401
			49.9194312859587	-45.9814715093401
			49.8808238371683	-45.9814715093401
			49.8422163883779	-45.9814715093401
			49.8036089395875	-45.9814715093401
			49.7650014907972	-45.9814715093401
			49.7263940420068	-45.9814715093401
			49.6877865932164	-46.0200789581305
			49.649179144426	-46.0200789581305
			49.6105716956356	-46.0200789581305
			49.5719642468453	-46.0200789581305
			49.5333567980549	-46.0200789581305
			49.4947493492645	-46.0200789581305
			49.4561419004741	-46.0200789581305
			49.4175344516837	-46.0200789581305
			49.3789270028934	-46.0200789581305
			49.340319554103	-46.0200789581305
			49.3017121053126	-46.0200789581305
			49.2631046565222	-46.0200789581305
			49.2244972077319	-46.0200789581305
			49.1858897589415	-46.0200789581305
			49.1472823101511	-46.0200789581305
			49.1086748613607	-46.0200789581305
			49.0700674125704	-46.0200789581305
			49.03145996378	-46.0586864069209
			48.9928525149896	-46.0586864069209
			48.9542450661992	-46.0586864069209
			48.9156376174088	-46.0586864069209
			48.8770301686185	-46.0586864069209
			48.8384227198281	-46.0586864069209
			48.7998152710377	-46.0586864069209
			48.7612078222473	-46.0586864069209
			48.7226003734569	-46.0586864069209
			48.6839929246666	-46.0586864069209
			48.6453854758762	-46.0586864069209
			48.6067780270858	-46.0586864069209
			48.5681705782954	-46.0586864069209
			48.5295631295051	-46.0586864069209
			48.4909556807147	-46.0586864069209
			48.4523482319243	-46.0586864069209
			48.4137407831339	-46.0586864069209
			48.3751333343436	-46.0586864069209
			48.3365258855532	-46.0586864069209
			48.2979184367628	-46.0972938557112
			48.2593109879724	-46.0972938557112
			48.220703539182	-46.0972938557112
			48.1820960903917	-46.0972938557112
			48.1434886416013	-46.0972938557112
			48.1048811928109	-46.0972938557112
			48.0662737440205	-46.0972938557112
			48.0276662952301	-46.0972938557112
			47.9890588464398	-46.0972938557112
			47.9504513976494	-46.0972938557112
			47.911843948859	-46.0972938557112
			47.8732365000686	-46.0972938557112
			47.8346290512783	-46.0972938557112
			47.7960216024879	-46.0972938557112
			47.7574141536975	-46.0972938557112
			47.7188067049071	-46.0972938557112
			47.6801992561167	-46.0972938557112
			47.6415918073264	-46.0972938557112
			47.602984358536	-46.0972938557112
			47.5643769097456	-46.0972938557112
			47.5257694609552	-46.0972938557112
			47.4871620121649	-46.0972938557112
			47.4485545633745	-46.0972938557112
			47.4099471145841	-46.0972938557112
			47.3713396657937	-46.0972938557112
			47.3327322170033	-46.0972938557112
			47.294124768213	-46.1359013045016
			47.2555173194226	-46.1359013045016
			47.2169098706322	-46.1359013045016
			47.1783024218418	-46.1359013045016
			47.1396949730515	-46.1359013045016
			47.1010875242611	-46.1359013045016
			47.0624800754707	-46.1359013045016
			47.0238726266803	-46.1359013045016
			46.9852651778899	-46.1359013045016
			46.9466577290996	-46.1359013045016
			46.9080502803092	-46.1359013045016
			46.8694428315188	-46.1359013045016
			46.8308353827284	-46.1359013045016
			46.7922279339381	-46.1359013045016
			46.7536204851477	-46.1359013045016
			46.7150130363573	-46.1359013045016
			46.6764055875669	-46.1359013045016
			46.6377981387765	-46.1359013045016
			46.5991906899862	-46.1359013045016
			46.5605832411958	-46.1359013045016
			46.5219757924054	-46.1359013045016
			46.483368343615	-46.1359013045016
			46.4447608948247	-46.1359013045016
			46.4061534460343	-46.1359013045016
			46.3675459972439	-46.1359013045016
			46.3289385484535	-46.1359013045016
			46.2903310996631	-46.1359013045016
			46.2517236508728	-46.1359013045016
			46.2131162020824	-46.1359013045016
			46.174508753292	-46.1359013045016
			46.1359013045016	-46.1359013045016
			46.0972938557112	-46.1359013045016
			46.0586864069209	-46.1359013045016
			46.0200789581305	-46.1359013045016
			45.9814715093401	-46.1359013045016
			45.9428640605497	-46.1359013045016
			45.9042566117594	-46.1359013045016
			45.865649162969	-46.1359013045016
			45.8270417141786	-46.1359013045016
			45.7884342653882	-46.1359013045016
			45.7498268165979	-46.1359013045016
			45.7112193678075	-46.174508753292
			45.6726119190171	-46.174508753292
			45.6340044702267	-46.174508753292
			45.5953970214363	-46.174508753292
			45.556789572646	-46.174508753292
			45.5181821238556	-46.174508753292
			45.4795746750652	-46.174508753292
			45.4409672262748	-46.174508753292
			45.4023597774844	-46.174508753292
			45.3637523286941	-46.174508753292
			45.3251448799037	-46.174508753292
			45.2865374311133	-46.174508753292
			45.2479299823229	-46.174508753292
			45.2093225335326	-46.174508753292
			45.1707150847422	-46.174508753292
			45.1321076359518	-46.174508753292
			45.0935001871614	-46.174508753292
			45.054892738371	-46.174508753292
			45.0162852895807	-46.174508753292
			44.9776778407903	-46.174508753292
			44.9390703919999	-46.174508753292
			44.9004629432095	-46.174508753292
			44.8618554944192	-46.174508753292
			44.8232480456288	-46.174508753292
			44.7846405968384	-46.174508753292
			44.746033148048	-46.174508753292
			44.7074256992576	-46.174508753292
			44.6688182504673	-46.174508753292
			44.6302108016769	-46.174508753292
			44.5916033528865	-46.174508753292
			44.5529959040961	-46.174508753292
			44.5143884553058	-46.174508753292
			44.4757810065154	-46.174508753292
			44.437173557725	-46.174508753292
			44.3985661089346	-46.174508753292
			44.3599586601442	-46.174508753292
			44.3213512113539	-46.174508753292
			44.2827437625635	-46.174508753292
			44.2441363137731	-46.174508753292
			44.2055288649827	-46.174508753292
			44.1669214161924	-46.174508753292
			44.128313967402	-46.174508753292
			44.0897065186116	-46.174508753292
			44.0510990698212	-46.174508753292
			44.0124916210308	-46.174508753292
			43.9738841722405	-46.174508753292
			43.9352767234501	-46.174508753292
			43.8966692746597	-46.174508753292
			43.8580618258693	-46.174508753292
			43.819454377079	-46.174508753292
			43.7808469282886	-46.174508753292
			43.7422394794982	-46.174508753292
			43.7036320307078	-46.174508753292
			43.6650245819174	-46.174508753292
			43.6264171331271	-46.174508753292
			43.5878096843367	-46.174508753292
			43.5492022355463	-46.174508753292
			43.5105947867559	-46.174508753292
			43.4719873379656	-46.174508753292
			43.4333798891752	-46.174508753292
			43.3947724403848	-46.174508753292
			43.3561649915944	-46.174508753292
			43.317557542804	-46.174508753292
			43.2789500940137	-46.174508753292
			43.2403426452233	-46.174508753292
			43.2017351964329	-46.174508753292
			43.1631277476425	-46.174508753292
			43.1245202988521	-46.174508753292
			43.0859128500618	-46.174508753292
			43.0473054012714	-46.174508753292
			43.008697952481	-46.174508753292
			42.9700905036906	-46.174508753292
			42.9700905036906	-46.2131162020824
			42.9314830549003	-46.2131162020824
			42.8928756061099	-46.2131162020824
			42.8542681573195	-46.2131162020824
			42.8156607085291	-46.2131162020824
			42.7770532597388	-46.2131162020824
			42.7384458109484	-46.2131162020824
			42.699838362158	-46.2131162020824
			42.6612309133676	-46.2131162020824
			42.6226234645772	-46.2131162020824
			42.5840160157869	-46.2131162020824
			42.5454085669965	-46.2131162020824
			42.5068011182061	-46.2131162020824
			42.4681936694157	-46.2131162020824
			42.4295862206253	-46.2131162020824
			42.390978771835	-46.2131162020824
			42.3523713230446	-46.2131162020824
			42.3137638742542	-46.2131162020824
			42.2751564254638	-46.2131162020824
			42.2365489766735	-46.2131162020824
			42.1979415278831	-46.2131162020824
			42.1593340790927	-46.2131162020824
			42.1207266303023	-46.2131162020824
			42.0821191815119	-46.2131162020824
			42.0435117327216	-46.2131162020824
			42.0049042839312	-46.2131162020824
			41.9662968351408	-46.2131162020824
			41.9276893863504	-46.2131162020824
			41.8890819375601	-46.2131162020824
			41.8504744887697	-46.2131162020824
			41.8118670399793	-46.2131162020824
			41.7732595911889	-46.2131162020824
			41.7346521423985	-46.2131162020824
			41.6960446936082	-46.2131162020824
			41.6574372448178	-46.2131162020824
			41.6188297960274	-46.2131162020824
			41.580222347237	-46.2131162020824
			41.5416148984467	-46.2131162020824
			41.5030074496563	-46.2131162020824
			41.4644000008659	-46.2131162020824
			41.4257925520755	-46.2131162020824
			41.3871851032851	-46.2131162020824
			41.3485776544948	-46.2131162020824
			41.3099702057044	-46.2131162020824
			41.271362756914	-46.2131162020824
			41.2327553081236	-46.2131162020824
			41.1941478593333	-46.2131162020824
			41.1555404105429	-46.2131162020824
			41.1169329617525	-46.2131162020824
			41.0783255129621	-46.2131162020824
			41.0397180641717	-46.2131162020824
			41.0011106153814	-46.2131162020824
			40.962503166591	-46.2131162020824
			40.9238957178006	-46.2131162020824
			40.8852882690102	-46.2131162020824
			40.8466808202199	-46.2131162020824
			40.8080733714295	-46.2131162020824
			40.7694659226391	-46.2131162020824
			40.7308584738487	-46.2131162020824
			40.6922510250583	-46.2131162020824
			40.653643576268	-46.2131162020824
			40.6150361274776	-46.2131162020824
			40.5764286786872	-46.2131162020824
			40.5378212298968	-46.2131162020824
			40.4992137811064	-46.2131162020824
			40.4606063323161	-46.2131162020824
			40.4219988835257	-46.2131162020824
			40.3833914347353	-46.2131162020824
			40.3447839859449	-46.2131162020824
			40.3061765371546	-46.2131162020824
			40.2675690883642	-46.2131162020824
			40.2289616395738	-46.2131162020824
			40.1903541907834	-46.2131162020824
			40.1517467419931	-46.2131162020824
			40.1131392932027	-46.2131162020824
			40.0745318444123	-46.2131162020824
			40.0359243956219	-46.2131162020824
			39.9973169468315	-46.2131162020824
			39.9587094980412	-46.2131162020824
			39.9201020492508	-46.2131162020824
			39.8814946004604	-46.2131162020824
			39.84288715167	-46.2131162020824
			39.8042797028796	-46.174508753292
			39.7656722540893	-46.174508753292
			39.7270648052989	-46.174508753292
			39.6884573565085	-46.174508753292
			39.6498499077181	-46.174508753292
			39.6112424589278	-46.174508753292
			39.5726350101374	-46.174508753292
			39.534027561347	-46.174508753292
			39.4954201125566	-46.174508753292
			39.4568126637663	-46.174508753292
			39.4182052149759	-46.174508753292
		</c2>
	</curves.scaled>
	<ruler.points type=matrix rownames=TRUE colnames=FALSE nrow=2 ncol=2 as.numeric=TRUE >
		Ruler point 1	2161	269
		Ruler point 2	2420	272
	</ruler.points>
</shapes>

