<shapes type=list>
	<ruler.pixel type=vector names=FALSE length=1 as.numeric=TRUE >259.017373934646</ruler.pixel>
	<ruler.interval type=vector names=FALSE length=1 as.numeric=TRUE >10</ruler.interval>
	<scaling.units type=vector names=FALSE length=1 as.numeric=FALSE >undefined</scaling.units>
	<scaling type=vector names=FALSE length=1 as.numeric=TRUE >0.0386074487903779</scaling>
	<landmarks.pixel type=matrix rownames=TRUE colnames=FALSE nrow=2 ncol=2 as.numeric=TRUE >
		LM1	1005	1146
		LM2	1520	1142
	</landmarks.pixel>
	<landmarks.scaled type=matrix rownames=TRUE colnames=FALSE nrow=2 ncol=2 as.numeric=TRUE >
		LM1	38.8004860343298	-44.2441363137731
		LM2	58.6833221613745	-44.0897065186116
	</landmarks.scaled>
	<curves.control type=list>
		<c1 type=matrix rownames=FALSE colnames=FALSE nrow=13 ncol=2 as.numeric=TRUE >
			1005	1146
			1028	1116
			1079	1067
			1128	1034
			1209	1011
			1294	964
			1404	1000
			1435	1005
			1465	1019
			1489	1017
			1495	1052
			1528	1103
			1520	1142
		</c1>
		<c2 type=matrix rownames=FALSE colnames=FALSE nrow=9 ncol=2 as.numeric=TRUE >
			1520	1142
			1484	1139
			1416	1139
			1372	1136
			1298	1132
			1228	1135
			1137	1138
			1068	1140
			1005	1146
		</c2>
	</curves.control>
	<curves.pixel type=list>
		<c1 type=matrix rownames=FALSE colnames=FALSE nrow=630 ncol=2 as.numeric=TRUE >
			1005	1146
			1005	1145
			1006	1145
			1006	1144
			1007	1144
			1007	1143
			1008	1143
			1008	1142
			1009	1141
			1010	1140
			1011	1139
			1011	1138
			1012	1137
			1013	1137
			1013	1136
			1014	1135
			1014	1134
			1015	1134
			1016	1133
			1016	1132
			1017	1131
			1018	1131
			1018	1130
			1019	1129
			1019	1128
			1020	1128
			1021	1127
			1022	1126
			1022	1125
			1023	1125
			1024	1124
			1024	1123
			1025	1122
			1026	1121
			1027	1120
			1028	1119
			1029	1118
			1030	1117
			1031	1116
			1032	1115
			1033	1114
			1034	1113
			1035	1112
			1036	1111
			1037	1110
			1038	1109
			1039	1108
			1039	1107
			1040	1106
			1041	1105
			1042	1104
			1043	1103
			1044	1102
			1044	1101
			1045	1101
			1046	1100
			1047	1099
			1048	1098
			1048	1097
			1049	1097
			1050	1096
			1051	1095
			1052	1094
			1052	1093
			1053	1092
			1054	1092
			1055	1091
			1056	1090
			1056	1089
			1057	1088
			1058	1087
			1059	1087
			1060	1086
			1061	1085
			1062	1084
			1062	1083
			1063	1082
			1064	1081
			1065	1081
			1066	1080
			1067	1079
			1068	1078
			1069	1077
			1070	1076
			1070	1075
			1071	1074
			1072	1074
			1073	1073
			1074	1072
			1075	1071
			1076	1070
			1077	1069
			1078	1068
			1079	1067
			1080	1066
			1081	1066
			1082	1065
			1083	1065
			1084	1064
			1084	1063
			1085	1063
			1086	1062
			1087	1062
			1088	1061
			1089	1060
			1090	1060
			1091	1059
			1092	1059
			1093	1058
			1094	1057
			1095	1057
			1096	1056
			1097	1056
			1098	1055
			1099	1054
			1100	1054
			1101	1054
			1102	1053
			1103	1052
			1104	1052
			1105	1051
			1106	1051
			1107	1051
			1107	1050
			1108	1050
			1109	1049
			1110	1049
			1111	1048
			1112	1048
			1113	1047
			1114	1047
			1115	1046
			1116	1046
			1117	1045
			1118	1045
			1119	1044
			1120	1044
			1121	1043
			1122	1043
			1123	1042
			1124	1042
			1125	1041
			1126	1041
			1127	1041
			1128	1040
			1129	1040
			1130	1039
			1131	1039
			1132	1038
			1133	1038
			1134	1037
			1135	1037
			1136	1036
			1137	1036
			1138	1035
			1139	1035
			1140	1035
			1141	1034
			1142	1034
			1143	1033
			1144	1033
			1145	1033
			1146	1032
			1147	1032
			1148	1031
			1149	1031
			1150	1031
			1151	1030
			1152	1030
			1153	1030
			1154	1029
			1155	1029
			1156	1028
			1157	1028
			1158	1028
			1159	1027
			1160	1027
			1161	1027
			1162	1026
			1163	1026
			1164	1025
			1165	1025
			1166	1025
			1167	1024
			1168	1024
			1169	1024
			1170	1023
			1171	1023
			1172	1023
			1173	1022
			1174	1022
			1175	1022
			1176	1021
			1177	1021
			1178	1020
			1179	1020
			1180	1020
			1181	1019
			1182	1019
			1183	1019
			1184	1019
			1185	1018
			1186	1018
			1187	1018
			1188	1017
			1189	1017
			1190	1017
			1191	1016
			1192	1016
			1193	1016
			1194	1015
			1195	1015
			1196	1015
			1197	1015
			1198	1014
			1199	1014
			1200	1014
			1201	1013
			1202	1013
			1203	1013
			1204	1012
			1205	1012
			1206	1012
			1207	1011
			1208	1011
			1209	1011
			1210	1010
			1211	1010
			1212	1010
			1213	1009
			1214	1009
			1214	1008
			1215	1008
			1216	1007
			1217	1007
			1218	1006
			1219	1006
			1220	1005
			1221	1005
			1222	1005
			1223	1004
			1224	1003
			1225	1003
			1226	1003
			1226	1002
			1227	1002
			1228	1002
			1229	1001
			1230	1001
			1231	1000
			1232	1000
			1233	1000
			1234	999
			1235	999
			1236	998
			1237	998
			1238	998
			1239	997
			1240	997
			1241	997
			1242	996
			1243	996
			1244	996
			1245	995
			1246	995
			1247	995
			1248	994
			1249	994
			1250	994
			1251	993
			1252	993
			1253	993
			1254	992
			1255	992
			1256	992
			1257	992
			1258	991
			1259	991
			1260	991
			1261	991
			1262	990
			1263	990
			1264	990
			1265	990
			1266	989
			1267	989
			1268	989
			1269	989
			1270	989
			1271	988
			1272	988
			1273	988
			1274	988
			1275	988
			1276	987
			1277	987
			1278	987
			1279	987
			1280	987
			1281	987
			1282	987
			1283	986
			1284	986
			1285	986
			1286	986
			1287	986
			1288	986
			1289	986
			1290	986
			1291	985
			1292	985
			1293	985
			1294	985
			1295	985
			1296	985
			1297	985
			1298	985
			1299	985
			1300	985
			1301	985
			1302	985
			1303	985
			1304	985
			1305	985
			1306	984
			1307	984
			1308	984
			1309	984
			1310	984
			1311	984
			1312	984
			1313	984
			1314	984
			1315	984
			1316	984
			1317	984
			1318	984
			1319	984
			1320	984
			1321	985
			1322	985
			1323	985
			1324	985
			1325	985
			1326	985
			1327	985
			1328	985
			1329	985
			1330	985
			1331	985
			1332	985
			1333	985
			1334	985
			1335	985
			1336	985
			1337	986
			1338	986
			1339	986
			1340	986
			1341	986
			1342	986
			1343	986
			1344	986
			1345	986
			1346	987
			1347	987
			1348	987
			1349	987
			1350	987
			1351	987
			1352	987
			1353	988
			1354	988
			1355	988
			1356	988
			1357	988
			1358	988
			1359	989
			1360	989
			1361	989
			1362	989
			1363	989
			1364	990
			1365	990
			1366	990
			1367	990
			1368	990
			1369	991
			1370	991
			1371	991
			1372	991
			1373	991
			1374	992
			1375	992
			1376	992
			1377	992
			1378	993
			1379	993
			1380	993
			1381	993
			1382	993
			1382	994
			1383	994
			1384	994
			1385	994
			1386	994
			1386	995
			1387	995
			1388	995
			1389	995
			1389	996
			1390	996
			1391	996
			1392	996
			1393	997
			1394	997
			1395	997
			1396	997
			1397	998
			1398	998
			1399	998
			1400	999
			1401	999
			1402	1000
			1403	1000
			1404	1000
			1405	1000
			1406	1000
			1407	1001
			1408	1001
			1409	1001
			1410	1001
			1411	1001
			1412	1001
			1412	1002
			1413	1002
			1414	1002
			1415	1002
			1416	1002
			1417	1002
			1418	1003
			1419	1003
			1420	1003
			1421	1003
			1421	1004
			1422	1004
			1423	1004
			1424	1004
			1425	1004
			1426	1005
			1427	1005
			1428	1005
			1429	1005
			1429	1006
			1430	1006
			1431	1006
			1432	1006
			1433	1007
			1434	1007
			1435	1007
			1436	1008
			1437	1008
			1438	1008
			1439	1009
			1440	1009
			1441	1009
			1442	1010
			1443	1010
			1444	1010
			1445	1011
			1446	1011
			1447	1011
			1447	1012
			1448	1012
			1449	1012
			1450	1012
			1450	1013
			1451	1013
			1452	1013
			1453	1014
			1454	1014
			1455	1015
			1456	1015
			1457	1015
			1458	1016
			1459	1016
			1460	1017
			1461	1017
			1462	1018
			1463	1018
			1464	1019
			1465	1019
			1466	1019
			1467	1019
			1468	1019
			1469	1019
			1470	1019
			1471	1019
			1472	1019
			1473	1019
			1474	1020
			1475	1020
			1476	1020
			1477	1021
			1478	1021
			1479	1022
			1480	1022
			1481	1023
			1482	1024
			1483	1024
			1483	1025
			1484	1026
			1485	1027
			1486	1028
			1487	1029
			1487	1030
			1488	1031
			1489	1032
			1489	1033
			1490	1034
			1490	1035
			1490	1036
			1491	1037
			1491	1038
			1492	1039
			1492	1040
			1493	1041
			1493	1042
			1493	1043
			1493	1044
			1494	1045
			1494	1046
			1494	1047
			1494	1048
			1495	1049
			1495	1050
			1495	1051
			1495	1052
			1495	1053
			1496	1054
			1497	1055
			1497	1056
			1498	1057
			1499	1058
			1499	1059
			1500	1060
			1500	1061
			1501	1061
			1501	1062
			1502	1063
			1503	1064
			1503	1065
			1504	1066
			1504	1067
			1505	1068
			1505	1069
			1506	1070
			1506	1071
			1507	1072
			1507	1073
			1508	1074
			1508	1075
			1508	1076
			1509	1077
			1509	1078
			1510	1079
			1511	1080
			1511	1081
			1511	1082
			1512	1083
			1512	1084
			1513	1085
			1513	1086
			1513	1087
			1514	1088
			1514	1089
			1515	1090
			1515	1091
			1515	1092
			1516	1093
			1516	1094
			1516	1095
			1516	1096
			1517	1097
			1517	1098
			1518	1099
			1518	1100
			1518	1101
			1518	1102
			1519	1103
			1519	1104
			1519	1105
			1519	1106
			1520	1107
			1520	1108
			1520	1109
			1520	1110
			1520	1111
			1520	1112
			1520	1113
			1521	1114
			1521	1115
			1521	1116
			1521	1117
			1521	1118
			1521	1119
			1521	1120
			1521	1121
			1521	1122
			1521	1123
			1522	1123
			1522	1124
			1522	1125
			1522	1126
			1522	1127
			1522	1128
			1522	1129
			1521	1130
			1521	1131
			1521	1132
			1521	1133
			1521	1134
			1521	1135
			1521	1136
			1521	1137
			1521	1138
			1520	1139
			1520	1140
			1520	1141
			1520	1142
		</c1>
		<c2 type=matrix rownames=FALSE colnames=FALSE nrow=518 ncol=2 as.numeric=TRUE >
			1520	1142
			1519	1142
			1518	1142
			1517	1142
			1516	1142
			1515	1142
			1514	1142
			1513	1141
			1512	1141
			1511	1141
			1510	1141
			1509	1141
			1508	1141
			1507	1141
			1506	1141
			1505	1141
			1504	1141
			1503	1141
			1502	1141
			1501	1141
			1500	1141
			1499	1141
			1498	1141
			1497	1141
			1496	1140
			1495	1140
			1494	1140
			1493	1140
			1492	1140
			1491	1140
			1490	1140
			1489	1140
			1488	1140
			1487	1140
			1486	1140
			1485	1140
			1484	1140
			1483	1140
			1482	1140
			1481	1140
			1480	1140
			1479	1140
			1478	1140
			1477	1140
			1476	1140
			1475	1140
			1474	1140
			1473	1140
			1472	1140
			1471	1140
			1470	1140
			1469	1140
			1468	1140
			1467	1140
			1466	1139
			1465	1139
			1464	1139
			1463	1139
			1462	1139
			1461	1139
			1460	1139
			1459	1139
			1458	1139
			1457	1139
			1456	1139
			1455	1139
			1454	1139
			1453	1139
			1452	1139
			1451	1139
			1450	1139
			1449	1139
			1448	1139
			1447	1139
			1446	1139
			1445	1139
			1444	1139
			1443	1139
			1442	1139
			1441	1139
			1440	1139
			1439	1139
			1438	1139
			1437	1139
			1436	1139
			1435	1139
			1434	1139
			1433	1139
			1432	1139
			1431	1139
			1430	1139
			1429	1139
			1428	1139
			1427	1139
			1426	1139
			1425	1139
			1424	1139
			1423	1139
			1422	1139
			1421	1139
			1420	1139
			1419	1139
			1418	1139
			1417	1139
			1416	1139
			1415	1139
			1414	1139
			1413	1139
			1412	1139
			1411	1139
			1410	1139
			1409	1139
			1409	1138
			1408	1138
			1407	1138
			1406	1138
			1405	1138
			1404	1138
			1403	1138
			1402	1138
			1401	1138
			1400	1138
			1399	1138
			1398	1138
			1397	1138
			1396	1138
			1395	1138
			1394	1138
			1393	1137
			1392	1137
			1391	1137
			1390	1137
			1389	1137
			1388	1137
			1387	1137
			1386	1137
			1385	1137
			1384	1137
			1383	1137
			1382	1137
			1381	1137
			1380	1137
			1379	1137
			1378	1137
			1377	1136
			1376	1136
			1375	1136
			1374	1136
			1373	1136
			1372	1136
			1371	1136
			1370	1136
			1369	1136
			1368	1136
			1367	1136
			1366	1136
			1365	1136
			1364	1136
			1363	1136
			1362	1136
			1361	1136
			1360	1135
			1359	1135
			1358	1135
			1357	1135
			1356	1135
			1355	1135
			1354	1135
			1353	1135
			1352	1135
			1351	1135
			1350	1135
			1349	1135
			1348	1135
			1347	1135
			1346	1135
			1345	1135
			1344	1135
			1343	1135
			1342	1134
			1341	1134
			1340	1134
			1339	1134
			1338	1134
			1337	1134
			1336	1134
			1335	1134
			1334	1134
			1333	1134
			1332	1134
			1331	1134
			1330	1134
			1329	1134
			1328	1134
			1327	1134
			1326	1134
			1325	1133
			1324	1133
			1323	1133
			1322	1133
			1321	1133
			1320	1133
			1319	1133
			1318	1133
			1317	1133
			1316	1133
			1315	1133
			1314	1133
			1313	1133
			1312	1133
			1311	1133
			1310	1133
			1309	1133
			1308	1133
			1307	1132
			1306	1132
			1305	1132
			1304	1132
			1303	1132
			1302	1132
			1301	1132
			1300	1132
			1299	1132
			1298	1132
			1297	1132
			1296	1132
			1295	1132
			1294	1132
			1293	1132
			1292	1132
			1291	1132
			1290	1132
			1289	1132
			1288	1132
			1287	1132
			1286	1132
			1285	1133
			1284	1133
			1283	1133
			1282	1133
			1281	1133
			1280	1133
			1279	1133
			1278	1133
			1277	1133
			1276	1133
			1275	1133
			1274	1133
			1273	1133
			1272	1133
			1271	1133
			1270	1133
			1269	1133
			1268	1133
			1267	1133
			1266	1133
			1265	1133
			1264	1133
			1263	1133
			1262	1133
			1261	1134
			1260	1134
			1259	1134
			1258	1134
			1257	1134
			1256	1134
			1255	1134
			1254	1134
			1253	1134
			1252	1134
			1251	1134
			1250	1134
			1249	1134
			1248	1134
			1247	1134
			1246	1134
			1245	1134
			1244	1134
			1243	1134
			1242	1134
			1241	1134
			1240	1134
			1239	1134
			1238	1134
			1237	1134
			1236	1135
			1235	1135
			1234	1135
			1233	1135
			1232	1135
			1231	1135
			1230	1135
			1229	1135
			1228	1135
			1227	1135
			1226	1135
			1225	1135
			1224	1135
			1223	1135
			1222	1135
			1221	1135
			1220	1135
			1219	1135
			1218	1135
			1217	1135
			1216	1135
			1215	1135
			1214	1135
			1213	1135
			1212	1135
			1211	1135
			1210	1135
			1209	1136
			1208	1136
			1207	1136
			1206	1136
			1205	1136
			1204	1136
			1203	1136
			1202	1136
			1201	1136
			1200	1136
			1199	1136
			1198	1136
			1197	1136
			1196	1136
			1195	1136
			1194	1136
			1193	1136
			1192	1136
			1191	1136
			1190	1136
			1189	1136
			1188	1136
			1187	1136
			1186	1136
			1185	1136
			1184	1136
			1183	1136
			1182	1136
			1181	1137
			1180	1137
			1179	1137
			1178	1137
			1177	1137
			1176	1137
			1175	1137
			1174	1137
			1173	1137
			1172	1137
			1171	1137
			1170	1137
			1169	1137
			1168	1137
			1167	1137
			1166	1137
			1165	1137
			1164	1137
			1163	1137
			1162	1137
			1161	1137
			1160	1137
			1159	1137
			1158	1137
			1157	1137
			1156	1137
			1155	1137
			1154	1137
			1153	1137
			1152	1137
			1151	1138
			1150	1138
			1149	1138
			1148	1138
			1147	1138
			1146	1138
			1145	1138
			1144	1138
			1143	1138
			1142	1138
			1141	1138
			1140	1138
			1139	1138
			1138	1138
			1137	1138
			1136	1138
			1135	1138
			1134	1138
			1133	1138
			1132	1138
			1131	1138
			1130	1138
			1129	1138
			1128	1138
			1127	1138
			1126	1138
			1125	1138
			1124	1138
			1123	1138
			1122	1138
			1121	1139
			1120	1139
			1119	1139
			1118	1139
			1117	1139
			1116	1139
			1115	1139
			1114	1139
			1113	1139
			1112	1139
			1111	1139
			1110	1139
			1109	1139
			1108	1139
			1107	1139
			1106	1139
			1105	1139
			1104	1139
			1103	1139
			1102	1139
			1101	1139
			1100	1139
			1099	1139
			1098	1139
			1097	1140
			1096	1140
			1095	1140
			1094	1140
			1093	1140
			1092	1140
			1091	1140
			1090	1140
			1089	1140
			1088	1140
			1087	1140
			1086	1140
			1085	1140
			1084	1140
			1083	1140
			1082	1140
			1081	1140
			1080	1140
			1079	1140
			1078	1140
			1078	1141
			1077	1141
			1076	1141
			1075	1141
			1074	1141
			1073	1141
			1072	1141
			1071	1141
			1070	1141
			1069	1141
			1068	1141
			1067	1141
			1066	1141
			1065	1141
			1064	1141
			1063	1141
			1062	1141
			1061	1142
			1060	1142
			1059	1142
			1058	1142
			1057	1142
			1056	1142
			1055	1142
			1054	1142
			1053	1142
			1052	1142
			1051	1142
			1050	1142
			1049	1142
			1048	1142
			1047	1142
			1046	1143
			1045	1143
			1044	1143
			1043	1143
			1042	1143
			1041	1143
			1040	1143
			1039	1143
			1038	1143
			1037	1143
			1036	1143
			1035	1143
			1034	1143
			1033	1144
			1032	1144
			1031	1144
			1030	1144
			1029	1144
			1028	1144
			1027	1144
			1026	1144
			1025	1144
			1024	1144
			1023	1144
			1022	1144
			1021	1145
			1020	1145
			1019	1145
			1018	1145
			1017	1145
			1016	1145
			1015	1145
			1014	1145
			1013	1145
			1012	1145
			1011	1145
			1010	1146
			1009	1146
			1008	1146
			1007	1146
			1006	1146
			1005	1146
		</c2>
	</curves.pixel>
	<curves.scaled type=list>
		<c1 type=matrix rownames=FALSE colnames=FALSE nrow=630 ncol=2 as.numeric=TRUE >
			38.8004860343298	-44.2441363137731
			38.8004860343298	-44.2055288649827
			38.8390934831202	-44.2055288649827
			38.8390934831202	-44.1669214161924
			38.8777009319106	-44.1669214161924
			38.8777009319106	-44.128313967402
			38.916308380701	-44.128313967402
			38.916308380701	-44.0897065186116
			38.9549158294913	-44.0510990698212
			38.9935232782817	-44.0124916210308
			39.0321307270721	-43.9738841722405
			39.0321307270721	-43.9352767234501
			39.0707381758625	-43.8966692746597
			39.1093456246528	-43.8966692746597
			39.1093456246528	-43.8580618258693
			39.1479530734432	-43.819454377079
			39.1479530734432	-43.7808469282886
			39.1865605222336	-43.7808469282886
			39.225167971024	-43.7422394794982
			39.225167971024	-43.7036320307078
			39.2637754198144	-43.6650245819174
			39.3023828686047	-43.6650245819174
			39.3023828686047	-43.6264171331271
			39.3409903173951	-43.5878096843367
			39.3409903173951	-43.5492022355463
			39.3795977661855	-43.5492022355463
			39.4182052149759	-43.5105947867559
			39.4568126637663	-43.4719873379656
			39.4568126637663	-43.4333798891752
			39.4954201125566	-43.4333798891752
			39.534027561347	-43.3947724403848
			39.534027561347	-43.3561649915944
			39.5726350101374	-43.317557542804
			39.6112424589278	-43.2789500940137
			39.6498499077181	-43.2403426452233
			39.6884573565085	-43.2017351964329
			39.7270648052989	-43.1631277476425
			39.7656722540893	-43.1245202988521
			39.8042797028796	-43.0859128500618
			39.84288715167	-43.0473054012714
			39.8814946004604	-43.008697952481
			39.9201020492508	-42.9700905036906
			39.9587094980412	-42.9314830549003
			39.9973169468315	-42.8928756061099
			40.0359243956219	-42.8542681573195
			40.0745318444123	-42.8156607085291
			40.1131392932027	-42.7770532597388
			40.1131392932027	-42.7384458109484
			40.1517467419931	-42.699838362158
			40.1903541907834	-42.6612309133676
			40.2289616395738	-42.6226234645772
			40.2675690883642	-42.5840160157869
			40.3061765371546	-42.5454085669965
			40.3061765371546	-42.5068011182061
			40.3447839859449	-42.5068011182061
			40.3833914347353	-42.4681936694157
			40.4219988835257	-42.4295862206253
			40.4606063323161	-42.390978771835
			40.4606063323161	-42.3523713230446
			40.4992137811064	-42.3523713230446
			40.5378212298968	-42.3137638742542
			40.5764286786872	-42.2751564254638
			40.6150361274776	-42.2365489766735
			40.6150361274776	-42.1979415278831
			40.653643576268	-42.1593340790927
			40.6922510250583	-42.1593340790927
			40.7308584738487	-42.1207266303023
			40.7694659226391	-42.0821191815119
			40.7694659226391	-42.0435117327216
			40.8080733714295	-42.0049042839312
			40.8466808202199	-41.9662968351408
			40.8852882690102	-41.9662968351408
			40.9238957178006	-41.9276893863504
			40.962503166591	-41.8890819375601
			41.0011106153814	-41.8504744887697
			41.0011106153814	-41.8118670399793
			41.0397180641717	-41.7732595911889
			41.0783255129621	-41.7346521423985
			41.1169329617525	-41.7346521423985
			41.1555404105429	-41.6960446936082
			41.1941478593333	-41.6574372448178
			41.2327553081236	-41.6188297960274
			41.271362756914	-41.580222347237
			41.3099702057044	-41.5416148984467
			41.3099702057044	-41.5030074496563
			41.3485776544948	-41.4644000008659
			41.3871851032851	-41.4644000008659
			41.4257925520755	-41.4257925520755
			41.4644000008659	-41.3871851032851
			41.5030074496563	-41.3485776544948
			41.5416148984467	-41.3099702057044
			41.580222347237	-41.271362756914
			41.6188297960274	-41.2327553081236
			41.6574372448178	-41.1941478593333
			41.6960446936082	-41.1555404105429
			41.7346521423985	-41.1555404105429
			41.7732595911889	-41.1169329617525
			41.8118670399793	-41.1169329617525
			41.8504744887697	-41.0783255129621
			41.8504744887697	-41.0397180641717
			41.8890819375601	-41.0397180641717
			41.9276893863504	-41.0011106153814
			41.9662968351408	-41.0011106153814
			42.0049042839312	-40.962503166591
			42.0435117327216	-40.9238957178006
			42.0821191815119	-40.9238957178006
			42.1207266303023	-40.8852882690102
			42.1593340790927	-40.8852882690102
			42.1979415278831	-40.8466808202199
			42.2365489766735	-40.8080733714295
			42.2751564254638	-40.8080733714295
			42.3137638742542	-40.7694659226391
			42.3523713230446	-40.7694659226391
			42.390978771835	-40.7308584738487
			42.4295862206253	-40.6922510250583
			42.4681936694157	-40.6922510250583
			42.5068011182061	-40.6922510250583
			42.5454085669965	-40.653643576268
			42.5840160157869	-40.6150361274776
			42.6226234645772	-40.6150361274776
			42.6612309133676	-40.5764286786872
			42.699838362158	-40.5764286786872
			42.7384458109484	-40.5764286786872
			42.7384458109484	-40.5378212298968
			42.7770532597388	-40.5378212298968
			42.8156607085291	-40.4992137811064
			42.8542681573195	-40.4992137811064
			42.8928756061099	-40.4606063323161
			42.9314830549003	-40.4606063323161
			42.9700905036906	-40.4219988835257
			43.008697952481	-40.4219988835257
			43.0473054012714	-40.3833914347353
			43.0859128500618	-40.3833914347353
			43.1245202988521	-40.3447839859449
			43.1631277476425	-40.3447839859449
			43.2017351964329	-40.3061765371546
			43.2403426452233	-40.3061765371546
			43.2789500940137	-40.2675690883642
			43.317557542804	-40.2675690883642
			43.3561649915944	-40.2289616395738
			43.3947724403848	-40.2289616395738
			43.4333798891752	-40.1903541907834
			43.4719873379656	-40.1903541907834
			43.5105947867559	-40.1903541907834
			43.5492022355463	-40.1517467419931
			43.5878096843367	-40.1517467419931
			43.6264171331271	-40.1131392932027
			43.6650245819174	-40.1131392932027
			43.7036320307078	-40.0745318444123
			43.7422394794982	-40.0745318444123
			43.7808469282886	-40.0359243956219
			43.819454377079	-40.0359243956219
			43.8580618258693	-39.9973169468315
			43.8966692746597	-39.9973169468315
			43.9352767234501	-39.9587094980412
			43.9738841722405	-39.9587094980412
			44.0124916210308	-39.9587094980412
			44.0510990698212	-39.9201020492508
			44.0897065186116	-39.9201020492508
			44.128313967402	-39.8814946004604
			44.1669214161924	-39.8814946004604
			44.2055288649827	-39.8814946004604
			44.2441363137731	-39.84288715167
			44.2827437625635	-39.84288715167
			44.3213512113539	-39.8042797028796
			44.3599586601442	-39.8042797028796
			44.3985661089346	-39.8042797028796
			44.437173557725	-39.7656722540893
			44.4757810065154	-39.7656722540893
			44.5143884553058	-39.7656722540893
			44.5529959040961	-39.7270648052989
			44.5916033528865	-39.7270648052989
			44.6302108016769	-39.6884573565085
			44.6688182504673	-39.6884573565085
			44.7074256992576	-39.6884573565085
			44.746033148048	-39.6498499077181
			44.7846405968384	-39.6498499077181
			44.8232480456288	-39.6498499077181
			44.8618554944192	-39.6112424589278
			44.9004629432095	-39.6112424589278
			44.9390703919999	-39.5726350101374
			44.9776778407903	-39.5726350101374
			45.0162852895807	-39.5726350101374
			45.054892738371	-39.534027561347
			45.0935001871614	-39.534027561347
			45.1321076359518	-39.534027561347
			45.1707150847422	-39.4954201125566
			45.2093225335326	-39.4954201125566
			45.2479299823229	-39.4954201125566
			45.2865374311133	-39.4568126637663
			45.3251448799037	-39.4568126637663
			45.3637523286941	-39.4568126637663
			45.4023597774844	-39.4182052149759
			45.4409672262748	-39.4182052149759
			45.4795746750652	-39.3795977661855
			45.5181821238556	-39.3795977661855
			45.556789572646	-39.3795977661855
			45.5953970214363	-39.3409903173951
			45.6340044702267	-39.3409903173951
			45.6726119190171	-39.3409903173951
			45.7112193678075	-39.3409903173951
			45.7498268165979	-39.3023828686047
			45.7884342653882	-39.3023828686047
			45.8270417141786	-39.3023828686047
			45.865649162969	-39.2637754198144
			45.9042566117594	-39.2637754198144
			45.9428640605497	-39.2637754198144
			45.9814715093401	-39.225167971024
			46.0200789581305	-39.225167971024
			46.0586864069209	-39.225167971024
			46.0972938557112	-39.1865605222336
			46.1359013045016	-39.1865605222336
			46.174508753292	-39.1865605222336
			46.2131162020824	-39.1865605222336
			46.2517236508728	-39.1479530734432
			46.2903310996631	-39.1479530734432
			46.3289385484535	-39.1479530734432
			46.3675459972439	-39.1093456246528
			46.4061534460343	-39.1093456246528
			46.4447608948247	-39.1093456246528
			46.483368343615	-39.0707381758625
			46.5219757924054	-39.0707381758625
			46.5605832411958	-39.0707381758625
			46.5991906899862	-39.0321307270721
			46.6377981387765	-39.0321307270721
			46.6764055875669	-39.0321307270721
			46.7150130363573	-38.9935232782817
			46.7536204851477	-38.9935232782817
			46.7922279339381	-38.9935232782817
			46.8308353827284	-38.9549158294913
			46.8694428315188	-38.9549158294913
			46.8694428315188	-38.916308380701
			46.9080502803092	-38.916308380701
			46.9466577290996	-38.8777009319106
			46.9852651778899	-38.8777009319106
			47.0238726266803	-38.8390934831202
			47.0624800754707	-38.8390934831202
			47.1010875242611	-38.8004860343298
			47.1396949730515	-38.8004860343298
			47.1783024218418	-38.8004860343298
			47.2169098706322	-38.7618785855394
			47.2555173194226	-38.7232711367491
			47.294124768213	-38.7232711367491
			47.3327322170033	-38.7232711367491
			47.3327322170033	-38.6846636879587
			47.3713396657937	-38.6846636879587
			47.4099471145841	-38.6846636879587
			47.4485545633745	-38.6460562391683
			47.4871620121649	-38.6460562391683
			47.5257694609552	-38.6074487903779
			47.5643769097456	-38.6074487903779
			47.602984358536	-38.6074487903779
			47.6415918073264	-38.5688413415876
			47.6801992561167	-38.5688413415876
			47.7188067049071	-38.5302338927972
			47.7574141536975	-38.5302338927972
			47.7960216024879	-38.5302338927972
			47.8346290512783	-38.4916264440068
			47.8732365000686	-38.4916264440068
			47.911843948859	-38.4916264440068
			47.9504513976494	-38.4530189952164
			47.9890588464398	-38.4530189952164
			48.0276662952301	-38.4530189952164
			48.0662737440205	-38.414411546426
			48.1048811928109	-38.414411546426
			48.1434886416013	-38.414411546426
			48.1820960903917	-38.3758040976357
			48.220703539182	-38.3758040976357
			48.2593109879724	-38.3758040976357
			48.2979184367628	-38.3371966488453
			48.3365258855532	-38.3371966488453
			48.3751333343436	-38.3371966488453
			48.4137407831339	-38.2985892000549
			48.4523482319243	-38.2985892000549
			48.4909556807147	-38.2985892000549
			48.5295631295051	-38.2985892000549
			48.5681705782954	-38.2599817512645
			48.6067780270858	-38.2599817512645
			48.6453854758762	-38.2599817512645
			48.6839929246666	-38.2599817512645
			48.7226003734569	-38.2213743024742
			48.7612078222473	-38.2213743024742
			48.7998152710377	-38.2213743024742
			48.8384227198281	-38.2213743024742
			48.8770301686185	-38.1827668536838
			48.9156376174088	-38.1827668536838
			48.9542450661992	-38.1827668536838
			48.9928525149896	-38.1827668536838
			49.03145996378	-38.1827668536838
			49.0700674125704	-38.1441594048934
			49.1086748613607	-38.1441594048934
			49.1472823101511	-38.1441594048934
			49.1858897589415	-38.1441594048934
			49.2244972077319	-38.1441594048934
			49.2631046565222	-38.105551956103
			49.3017121053126	-38.105551956103
			49.340319554103	-38.105551956103
			49.3789270028934	-38.105551956103
			49.4175344516837	-38.105551956103
			49.4561419004741	-38.105551956103
			49.4947493492645	-38.105551956103
			49.5333567980549	-38.0669445073126
			49.5719642468453	-38.0669445073126
			49.6105716956356	-38.0669445073126
			49.649179144426	-38.0669445073126
			49.6877865932164	-38.0669445073126
			49.7263940420068	-38.0669445073126
			49.7650014907972	-38.0669445073126
			49.8036089395875	-38.0669445073126
			49.8422163883779	-38.0283370585223
			49.8808238371683	-38.0283370585223
			49.9194312859587	-38.0283370585223
			49.958038734749	-38.0283370585223
			49.9966461835394	-38.0283370585223
			50.0352536323298	-38.0283370585223
			50.0738610811202	-38.0283370585223
			50.1124685299106	-38.0283370585223
			50.1510759787009	-38.0283370585223
			50.1896834274913	-38.0283370585223
			50.2282908762817	-38.0283370585223
			50.2668983250721	-38.0283370585223
			50.3055057738624	-38.0283370585223
			50.3441132226528	-38.0283370585223
			50.3827206714432	-38.0283370585223
			50.4213281202336	-37.9897296097319
			50.459935569024	-37.9897296097319
			50.4985430178143	-37.9897296097319
			50.5371504666047	-37.9897296097319
			50.5757579153951	-37.9897296097319
			50.6143653641855	-37.9897296097319
			50.6529728129758	-37.9897296097319
			50.6915802617662	-37.9897296097319
			50.7301877105566	-37.9897296097319
			50.768795159347	-37.9897296097319
			50.8074026081374	-37.9897296097319
			50.8460100569277	-37.9897296097319
			50.8846175057181	-37.9897296097319
			50.9232249545085	-37.9897296097319
			50.9618324032989	-37.9897296097319
			51.0004398520893	-38.0283370585223
			51.0390473008796	-38.0283370585223
			51.07765474967	-38.0283370585223
			51.1162621984604	-38.0283370585223
			51.1548696472508	-38.0283370585223
			51.1934770960411	-38.0283370585223
			51.2320845448315	-38.0283370585223
			51.2706919936219	-38.0283370585223
			51.3092994424123	-38.0283370585223
			51.3479068912026	-38.0283370585223
			51.386514339993	-38.0283370585223
			51.4251217887834	-38.0283370585223
			51.4637292375738	-38.0283370585223
			51.5023366863642	-38.0283370585223
			51.5409441351545	-38.0283370585223
			51.5795515839449	-38.0283370585223
			51.6181590327353	-38.0669445073126
			51.6567664815257	-38.0669445073126
			51.6953739303161	-38.0669445073126
			51.7339813791064	-38.0669445073126
			51.7725888278968	-38.0669445073126
			51.8111962766872	-38.0669445073126
			51.8498037254776	-38.0669445073126
			51.8884111742679	-38.0669445073126
			51.9270186230583	-38.0669445073126
			51.9656260718487	-38.105551956103
			52.0042335206391	-38.105551956103
			52.0428409694295	-38.105551956103
			52.0814484182198	-38.105551956103
			52.1200558670102	-38.105551956103
			52.1586633158006	-38.105551956103
			52.197270764591	-38.105551956103
			52.2358782133813	-38.1441594048934
			52.2744856621717	-38.1441594048934
			52.3130931109621	-38.1441594048934
			52.3517005597525	-38.1441594048934
			52.3903080085429	-38.1441594048934
			52.4289154573332	-38.1441594048934
			52.4675229061236	-38.1827668536838
			52.506130354914	-38.1827668536838
			52.5447378037044	-38.1827668536838
			52.5833452524947	-38.1827668536838
			52.6219527012851	-38.1827668536838
			52.6605601500755	-38.2213743024742
			52.6991675988659	-38.2213743024742
			52.7377750476563	-38.2213743024742
			52.7763824964466	-38.2213743024742
			52.814989945237	-38.2213743024742
			52.8535973940274	-38.2599817512645
			52.8922048428178	-38.2599817512645
			52.9308122916081	-38.2599817512645
			52.9694197403985	-38.2599817512645
			53.0080271891889	-38.2599817512645
			53.0466346379793	-38.2985892000549
			53.0852420867697	-38.2985892000549
			53.12384953556	-38.2985892000549
			53.1624569843504	-38.2985892000549
			53.2010644331408	-38.3371966488453
			53.2396718819312	-38.3371966488453
			53.2782793307215	-38.3371966488453
			53.3168867795119	-38.3371966488453
			53.3554942283023	-38.3371966488453
			53.3554942283023	-38.3758040976357
			53.3941016770927	-38.3758040976357
			53.4327091258831	-38.3758040976357
			53.4713165746734	-38.3758040976357
			53.5099240234638	-38.3758040976357
			53.5099240234638	-38.414411546426
			53.5485314722542	-38.414411546426
			53.5871389210446	-38.414411546426
			53.6257463698349	-38.414411546426
			53.6257463698349	-38.4530189952164
			53.6643538186253	-38.4530189952164
			53.7029612674157	-38.4530189952164
			53.7415687162061	-38.4530189952164
			53.7801761649965	-38.4916264440068
			53.8187836137868	-38.4916264440068
			53.8573910625772	-38.4916264440068
			53.8959985113676	-38.4916264440068
			53.934605960158	-38.5302338927972
			53.9732134089483	-38.5302338927972
			54.0118208577387	-38.5302338927972
			54.0504283065291	-38.5688413415876
			54.0890357553195	-38.5688413415876
			54.1276432041099	-38.6074487903779
			54.1662506529002	-38.6074487903779
			54.2048581016906	-38.6074487903779
			54.243465550481	-38.6074487903779
			54.2820729992714	-38.6074487903779
			54.3206804480618	-38.6460562391683
			54.3592878968521	-38.6460562391683
			54.3978953456425	-38.6460562391683
			54.4365027944329	-38.6460562391683
			54.4751102432233	-38.6460562391683
			54.5137176920136	-38.6460562391683
			54.5137176920136	-38.6846636879587
			54.552325140804	-38.6846636879587
			54.5909325895944	-38.6846636879587
			54.6295400383848	-38.6846636879587
			54.6681474871752	-38.6846636879587
			54.7067549359655	-38.6846636879587
			54.7453623847559	-38.7232711367491
			54.7839698335463	-38.7232711367491
			54.8225772823367	-38.7232711367491
			54.861184731127	-38.7232711367491
			54.861184731127	-38.7618785855394
			54.8997921799174	-38.7618785855394
			54.9383996287078	-38.7618785855394
			54.9770070774982	-38.7618785855394
			55.0156145262886	-38.7618785855394
			55.0542219750789	-38.8004860343298
			55.0928294238693	-38.8004860343298
			55.1314368726597	-38.8004860343298
			55.1700443214501	-38.8004860343298
			55.1700443214501	-38.8390934831202
			55.2086517702404	-38.8390934831202
			55.2472592190308	-38.8390934831202
			55.2858666678212	-38.8390934831202
			55.3244741166116	-38.8777009319106
			55.363081565402	-38.8777009319106
			55.4016890141923	-38.8777009319106
			55.4402964629827	-38.916308380701
			55.4789039117731	-38.916308380701
			55.5175113605635	-38.916308380701
			55.5561188093538	-38.9549158294913
			55.5947262581442	-38.9549158294913
			55.6333337069346	-38.9549158294913
			55.671941155725	-38.9935232782817
			55.7105486045154	-38.9935232782817
			55.7491560533057	-38.9935232782817
			55.7877635020961	-39.0321307270721
			55.8263709508865	-39.0321307270721
			55.8649783996769	-39.0321307270721
			55.8649783996769	-39.0707381758625
			55.9035858484672	-39.0707381758625
			55.9421932972576	-39.0707381758625
			55.980800746048	-39.0707381758625
			55.980800746048	-39.1093456246528
			56.0194081948384	-39.1093456246528
			56.0580156436288	-39.1093456246528
			56.0966230924191	-39.1479530734432
			56.1352305412095	-39.1479530734432
			56.1738379899999	-39.1865605222336
			56.2124454387903	-39.1865605222336
			56.2510528875806	-39.1865605222336
			56.289660336371	-39.225167971024
			56.3282677851614	-39.225167971024
			56.3668752339518	-39.2637754198144
			56.4054826827422	-39.2637754198144
			56.4440901315325	-39.3023828686047
			56.4826975803229	-39.3023828686047
			56.5213050291133	-39.3409903173951
			56.5599124779037	-39.3409903173951
			56.598519926694	-39.3409903173951
			56.6371273754844	-39.3409903173951
			56.6757348242748	-39.3409903173951
			56.7143422730652	-39.3409903173951
			56.7529497218556	-39.3409903173951
			56.7915571706459	-39.3409903173951
			56.8301646194363	-39.3409903173951
			56.8687720682267	-39.3409903173951
			56.9073795170171	-39.3795977661855
			56.9459869658074	-39.3795977661855
			56.9845944145978	-39.3795977661855
			57.0232018633882	-39.4182052149759
			57.0618093121786	-39.4182052149759
			57.100416760969	-39.4568126637663
			57.1390242097593	-39.4568126637663
			57.1776316585497	-39.4954201125566
			57.2162391073401	-39.534027561347
			57.2548465561305	-39.534027561347
			57.2548465561305	-39.5726350101374
			57.2934540049209	-39.6112424589278
			57.3320614537112	-39.6498499077181
			57.3706689025016	-39.6884573565085
			57.409276351292	-39.7270648052989
			57.409276351292	-39.7656722540893
			57.4478838000824	-39.8042797028796
			57.4864912488727	-39.84288715167
			57.4864912488727	-39.8814946004604
			57.5250986976631	-39.9201020492508
			57.5250986976631	-39.9587094980412
			57.5250986976631	-39.9973169468315
			57.5637061464535	-40.0359243956219
			57.5637061464535	-40.0745318444123
			57.6023135952439	-40.1131392932027
			57.6023135952439	-40.1517467419931
			57.6409210440343	-40.1903541907834
			57.6409210440343	-40.2289616395738
			57.6409210440343	-40.2675690883642
			57.6409210440343	-40.3061765371546
			57.6795284928246	-40.3447839859449
			57.6795284928246	-40.3833914347353
			57.6795284928246	-40.4219988835257
			57.6795284928246	-40.4606063323161
			57.718135941615	-40.4992137811064
			57.718135941615	-40.5378212298968
			57.718135941615	-40.5764286786872
			57.718135941615	-40.6150361274776
			57.718135941615	-40.653643576268
			57.7567433904054	-40.6922510250583
			57.7953508391958	-40.7308584738487
			57.7953508391958	-40.7694659226391
			57.8339582879861	-40.8080733714295
			57.8725657367765	-40.8466808202199
			57.8725657367765	-40.8852882690102
			57.9111731855669	-40.9238957178006
			57.9111731855669	-40.962503166591
			57.9497806343573	-40.962503166591
			57.9497806343573	-41.0011106153814
			57.9883880831477	-41.0397180641717
			58.026995531938	-41.0783255129621
			58.026995531938	-41.1169329617525
			58.0656029807284	-41.1555404105429
			58.0656029807284	-41.1941478593333
			58.1042104295188	-41.2327553081236
			58.1042104295188	-41.271362756914
			58.1428178783092	-41.3099702057044
			58.1428178783092	-41.3485776544948
			58.1814253270995	-41.3871851032851
			58.1814253270995	-41.4257925520755
			58.2200327758899	-41.4644000008659
			58.2200327758899	-41.5030074496563
			58.2200327758899	-41.5416148984467
			58.2586402246803	-41.580222347237
			58.2586402246803	-41.6188297960274
			58.2972476734707	-41.6574372448178
			58.3358551222611	-41.6960446936082
			58.3358551222611	-41.7346521423985
			58.3358551222611	-41.7732595911889
			58.3744625710514	-41.8118670399793
			58.3744625710514	-41.8504744887697
			58.4130700198418	-41.8890819375601
			58.4130700198418	-41.9276893863504
			58.4130700198418	-41.9662968351408
			58.4516774686322	-42.0049042839312
			58.4516774686322	-42.0435117327216
			58.4902849174226	-42.0821191815119
			58.4902849174226	-42.1207266303023
			58.4902849174226	-42.1593340790927
			58.5288923662129	-42.1979415278831
			58.5288923662129	-42.2365489766735
			58.5288923662129	-42.2751564254638
			58.5288923662129	-42.3137638742542
			58.5674998150033	-42.3523713230446
			58.5674998150033	-42.390978771835
			58.6061072637937	-42.4295862206253
			58.6061072637937	-42.4681936694157
			58.6061072637937	-42.5068011182061
			58.6061072637937	-42.5454085669965
			58.6447147125841	-42.5840160157869
			58.6447147125841	-42.6226234645772
			58.6447147125841	-42.6612309133676
			58.6447147125841	-42.699838362158
			58.6833221613745	-42.7384458109484
			58.6833221613745	-42.7770532597388
			58.6833221613745	-42.8156607085291
			58.6833221613745	-42.8542681573195
			58.6833221613745	-42.8928756061099
			58.6833221613745	-42.9314830549003
			58.6833221613745	-42.9700905036906
			58.7219296101648	-43.008697952481
			58.7219296101648	-43.0473054012714
			58.7219296101648	-43.0859128500618
			58.7219296101648	-43.1245202988521
			58.7219296101648	-43.1631277476425
			58.7219296101648	-43.2017351964329
			58.7219296101648	-43.2403426452233
			58.7219296101648	-43.2789500940137
			58.7219296101648	-43.317557542804
			58.7219296101648	-43.3561649915944
			58.7605370589552	-43.3561649915944
			58.7605370589552	-43.3947724403848
			58.7605370589552	-43.4333798891752
			58.7605370589552	-43.4719873379656
			58.7605370589552	-43.5105947867559
			58.7605370589552	-43.5492022355463
			58.7605370589552	-43.5878096843367
			58.7219296101648	-43.6264171331271
			58.7219296101648	-43.6650245819174
			58.7219296101648	-43.7036320307078
			58.7219296101648	-43.7422394794982
			58.7219296101648	-43.7808469282886
			58.7219296101648	-43.819454377079
			58.7219296101648	-43.8580618258693
			58.7219296101648	-43.8966692746597
			58.7219296101648	-43.9352767234501
			58.6833221613745	-43.9738841722405
			58.6833221613745	-44.0124916210308
			58.6833221613745	-44.0510990698212
			58.6833221613745	-44.0897065186116
		</c1>
		<c2 type=matrix rownames=FALSE colnames=FALSE nrow=518 ncol=2 as.numeric=TRUE >
			58.6833221613745	-44.0897065186116
			58.6447147125841	-44.0897065186116
			58.6061072637937	-44.0897065186116
			58.5674998150033	-44.0897065186116
			58.5288923662129	-44.0897065186116
			58.4902849174226	-44.0897065186116
			58.4516774686322	-44.0897065186116
			58.4130700198418	-44.0510990698212
			58.3744625710514	-44.0510990698212
			58.3358551222611	-44.0510990698212
			58.2972476734707	-44.0510990698212
			58.2586402246803	-44.0510990698212
			58.2200327758899	-44.0510990698212
			58.1814253270995	-44.0510990698212
			58.1428178783092	-44.0510990698212
			58.1042104295188	-44.0510990698212
			58.0656029807284	-44.0510990698212
			58.026995531938	-44.0510990698212
			57.9883880831477	-44.0510990698212
			57.9497806343573	-44.0510990698212
			57.9111731855669	-44.0510990698212
			57.8725657367765	-44.0510990698212
			57.8339582879861	-44.0510990698212
			57.7953508391958	-44.0510990698212
			57.7567433904054	-44.0124916210308
			57.718135941615	-44.0124916210308
			57.6795284928246	-44.0124916210308
			57.6409210440343	-44.0124916210308
			57.6023135952439	-44.0124916210308
			57.5637061464535	-44.0124916210308
			57.5250986976631	-44.0124916210308
			57.4864912488727	-44.0124916210308
			57.4478838000824	-44.0124916210308
			57.409276351292	-44.0124916210308
			57.3706689025016	-44.0124916210308
			57.3320614537112	-44.0124916210308
			57.2934540049209	-44.0124916210308
			57.2548465561305	-44.0124916210308
			57.2162391073401	-44.0124916210308
			57.1776316585497	-44.0124916210308
			57.1390242097593	-44.0124916210308
			57.100416760969	-44.0124916210308
			57.0618093121786	-44.0124916210308
			57.0232018633882	-44.0124916210308
			56.9845944145978	-44.0124916210308
			56.9459869658074	-44.0124916210308
			56.9073795170171	-44.0124916210308
			56.8687720682267	-44.0124916210308
			56.8301646194363	-44.0124916210308
			56.7915571706459	-44.0124916210308
			56.7529497218556	-44.0124916210308
			56.7143422730652	-44.0124916210308
			56.6757348242748	-44.0124916210308
			56.6371273754844	-44.0124916210308
			56.598519926694	-43.9738841722405
			56.5599124779037	-43.9738841722405
			56.5213050291133	-43.9738841722405
			56.4826975803229	-43.9738841722405
			56.4440901315325	-43.9738841722405
			56.4054826827422	-43.9738841722405
			56.3668752339518	-43.9738841722405
			56.3282677851614	-43.9738841722405
			56.289660336371	-43.9738841722405
			56.2510528875806	-43.9738841722405
			56.2124454387903	-43.9738841722405
			56.1738379899999	-43.9738841722405
			56.1352305412095	-43.9738841722405
			56.0966230924191	-43.9738841722405
			56.0580156436288	-43.9738841722405
			56.0194081948384	-43.9738841722405
			55.980800746048	-43.9738841722405
			55.9421932972576	-43.9738841722405
			55.9035858484672	-43.9738841722405
			55.8649783996769	-43.9738841722405
			55.8263709508865	-43.9738841722405
			55.7877635020961	-43.9738841722405
			55.7491560533057	-43.9738841722405
			55.7105486045154	-43.9738841722405
			55.671941155725	-43.9738841722405
			55.6333337069346	-43.9738841722405
			55.5947262581442	-43.9738841722405
			55.5561188093538	-43.9738841722405
			55.5175113605635	-43.9738841722405
			55.4789039117731	-43.9738841722405
			55.4402964629827	-43.9738841722405
			55.4016890141923	-43.9738841722405
			55.363081565402	-43.9738841722405
			55.3244741166116	-43.9738841722405
			55.2858666678212	-43.9738841722405
			55.2472592190308	-43.9738841722405
			55.2086517702404	-43.9738841722405
			55.1700443214501	-43.9738841722405
			55.1314368726597	-43.9738841722405
			55.0928294238693	-43.9738841722405
			55.0542219750789	-43.9738841722405
			55.0156145262886	-43.9738841722405
			54.9770070774982	-43.9738841722405
			54.9383996287078	-43.9738841722405
			54.8997921799174	-43.9738841722405
			54.861184731127	-43.9738841722405
			54.8225772823367	-43.9738841722405
			54.7839698335463	-43.9738841722405
			54.7453623847559	-43.9738841722405
			54.7067549359655	-43.9738841722405
			54.6681474871752	-43.9738841722405
			54.6295400383848	-43.9738841722405
			54.5909325895944	-43.9738841722405
			54.552325140804	-43.9738841722405
			54.5137176920136	-43.9738841722405
			54.4751102432233	-43.9738841722405
			54.4365027944329	-43.9738841722405
			54.3978953456425	-43.9738841722405
			54.3978953456425	-43.9352767234501
			54.3592878968521	-43.9352767234501
			54.3206804480618	-43.9352767234501
			54.2820729992714	-43.9352767234501
			54.243465550481	-43.9352767234501
			54.2048581016906	-43.9352767234501
			54.1662506529002	-43.9352767234501
			54.1276432041099	-43.9352767234501
			54.0890357553195	-43.9352767234501
			54.0504283065291	-43.9352767234501
			54.0118208577387	-43.9352767234501
			53.9732134089483	-43.9352767234501
			53.934605960158	-43.9352767234501
			53.8959985113676	-43.9352767234501
			53.8573910625772	-43.9352767234501
			53.8187836137868	-43.9352767234501
			53.7801761649965	-43.8966692746597
			53.7415687162061	-43.8966692746597
			53.7029612674157	-43.8966692746597
			53.6643538186253	-43.8966692746597
			53.6257463698349	-43.8966692746597
			53.5871389210446	-43.8966692746597
			53.5485314722542	-43.8966692746597
			53.5099240234638	-43.8966692746597
			53.4713165746734	-43.8966692746597
			53.4327091258831	-43.8966692746597
			53.3941016770927	-43.8966692746597
			53.3554942283023	-43.8966692746597
			53.3168867795119	-43.8966692746597
			53.2782793307215	-43.8966692746597
			53.2396718819312	-43.8966692746597
			53.2010644331408	-43.8966692746597
			53.1624569843504	-43.8580618258693
			53.12384953556	-43.8580618258693
			53.0852420867697	-43.8580618258693
			53.0466346379793	-43.8580618258693
			53.0080271891889	-43.8580618258693
			52.9694197403985	-43.8580618258693
			52.9308122916081	-43.8580618258693
			52.8922048428178	-43.8580618258693
			52.8535973940274	-43.8580618258693
			52.814989945237	-43.8580618258693
			52.7763824964466	-43.8580618258693
			52.7377750476563	-43.8580618258693
			52.6991675988659	-43.8580618258693
			52.6605601500755	-43.8580618258693
			52.6219527012851	-43.8580618258693
			52.5833452524947	-43.8580618258693
			52.5447378037044	-43.8580618258693
			52.506130354914	-43.819454377079
			52.4675229061236	-43.819454377079
			52.4289154573332	-43.819454377079
			52.3903080085429	-43.819454377079
			52.3517005597525	-43.819454377079
			52.3130931109621	-43.819454377079
			52.2744856621717	-43.819454377079
			52.2358782133813	-43.819454377079
			52.197270764591	-43.819454377079
			52.1586633158006	-43.819454377079
			52.1200558670102	-43.819454377079
			52.0814484182198	-43.819454377079
			52.0428409694295	-43.819454377079
			52.0042335206391	-43.819454377079
			51.9656260718487	-43.819454377079
			51.9270186230583	-43.819454377079
			51.8884111742679	-43.819454377079
			51.8498037254776	-43.819454377079
			51.8111962766872	-43.7808469282886
			51.7725888278968	-43.7808469282886
			51.7339813791064	-43.7808469282886
			51.6953739303161	-43.7808469282886
			51.6567664815257	-43.7808469282886
			51.6181590327353	-43.7808469282886
			51.5795515839449	-43.7808469282886
			51.5409441351545	-43.7808469282886
			51.5023366863642	-43.7808469282886
			51.4637292375738	-43.7808469282886
			51.4251217887834	-43.7808469282886
			51.386514339993	-43.7808469282886
			51.3479068912026	-43.7808469282886
			51.3092994424123	-43.7808469282886
			51.2706919936219	-43.7808469282886
			51.2320845448315	-43.7808469282886
			51.1934770960411	-43.7808469282886
			51.1548696472508	-43.7422394794982
			51.1162621984604	-43.7422394794982
			51.07765474967	-43.7422394794982
			51.0390473008796	-43.7422394794982
			51.0004398520893	-43.7422394794982
			50.9618324032989	-43.7422394794982
			50.9232249545085	-43.7422394794982
			50.8846175057181	-43.7422394794982
			50.8460100569277	-43.7422394794982
			50.8074026081374	-43.7422394794982
			50.768795159347	-43.7422394794982
			50.7301877105566	-43.7422394794982
			50.6915802617662	-43.7422394794982
			50.6529728129758	-43.7422394794982
			50.6143653641855	-43.7422394794982
			50.5757579153951	-43.7422394794982
			50.5371504666047	-43.7422394794982
			50.4985430178143	-43.7422394794982
			50.459935569024	-43.7036320307078
			50.4213281202336	-43.7036320307078
			50.3827206714432	-43.7036320307078
			50.3441132226528	-43.7036320307078
			50.3055057738624	-43.7036320307078
			50.2668983250721	-43.7036320307078
			50.2282908762817	-43.7036320307078
			50.1896834274913	-43.7036320307078
			50.1510759787009	-43.7036320307078
			50.1124685299106	-43.7036320307078
			50.0738610811202	-43.7036320307078
			50.0352536323298	-43.7036320307078
			49.9966461835394	-43.7036320307078
			49.958038734749	-43.7036320307078
			49.9194312859587	-43.7036320307078
			49.8808238371683	-43.7036320307078
			49.8422163883779	-43.7036320307078
			49.8036089395875	-43.7036320307078
			49.7650014907972	-43.7036320307078
			49.7263940420068	-43.7036320307078
			49.6877865932164	-43.7036320307078
			49.649179144426	-43.7036320307078
			49.6105716956356	-43.7422394794982
			49.5719642468453	-43.7422394794982
			49.5333567980549	-43.7422394794982
			49.4947493492645	-43.7422394794982
			49.4561419004741	-43.7422394794982
			49.4175344516837	-43.7422394794982
			49.3789270028934	-43.7422394794982
			49.340319554103	-43.7422394794982
			49.3017121053126	-43.7422394794982
			49.2631046565222	-43.7422394794982
			49.2244972077319	-43.7422394794982
			49.1858897589415	-43.7422394794982
			49.1472823101511	-43.7422394794982
			49.1086748613607	-43.7422394794982
			49.0700674125704	-43.7422394794982
			49.03145996378	-43.7422394794982
			48.9928525149896	-43.7422394794982
			48.9542450661992	-43.7422394794982
			48.9156376174088	-43.7422394794982
			48.8770301686185	-43.7422394794982
			48.8384227198281	-43.7422394794982
			48.7998152710377	-43.7422394794982
			48.7612078222473	-43.7422394794982
			48.7226003734569	-43.7422394794982
			48.6839929246666	-43.7808469282886
			48.6453854758762	-43.7808469282886
			48.6067780270858	-43.7808469282886
			48.5681705782954	-43.7808469282886
			48.5295631295051	-43.7808469282886
			48.4909556807147	-43.7808469282886
			48.4523482319243	-43.7808469282886
			48.4137407831339	-43.7808469282886
			48.3751333343436	-43.7808469282886
			48.3365258855532	-43.7808469282886
			48.2979184367628	-43.7808469282886
			48.2593109879724	-43.7808469282886
			48.220703539182	-43.7808469282886
			48.1820960903917	-43.7808469282886
			48.1434886416013	-43.7808469282886
			48.1048811928109	-43.7808469282886
			48.0662737440205	-43.7808469282886
			48.0276662952301	-43.7808469282886
			47.9890588464398	-43.7808469282886
			47.9504513976494	-43.7808469282886
			47.911843948859	-43.7808469282886
			47.8732365000686	-43.7808469282886
			47.8346290512783	-43.7808469282886
			47.7960216024879	-43.7808469282886
			47.7574141536975	-43.7808469282886
			47.7188067049071	-43.819454377079
			47.6801992561167	-43.819454377079
			47.6415918073264	-43.819454377079
			47.602984358536	-43.819454377079
			47.5643769097456	-43.819454377079
			47.5257694609552	-43.819454377079
			47.4871620121649	-43.819454377079
			47.4485545633745	-43.819454377079
			47.4099471145841	-43.819454377079
			47.3713396657937	-43.819454377079
			47.3327322170033	-43.819454377079
			47.294124768213	-43.819454377079
			47.2555173194226	-43.819454377079
			47.2169098706322	-43.819454377079
			47.1783024218418	-43.819454377079
			47.1396949730515	-43.819454377079
			47.1010875242611	-43.819454377079
			47.0624800754707	-43.819454377079
			47.0238726266803	-43.819454377079
			46.9852651778899	-43.819454377079
			46.9466577290996	-43.819454377079
			46.9080502803092	-43.819454377079
			46.8694428315188	-43.819454377079
			46.8308353827284	-43.819454377079
			46.7922279339381	-43.819454377079
			46.7536204851477	-43.819454377079
			46.7150130363573	-43.819454377079
			46.6764055875669	-43.8580618258693
			46.6377981387765	-43.8580618258693
			46.5991906899862	-43.8580618258693
			46.5605832411958	-43.8580618258693
			46.5219757924054	-43.8580618258693
			46.483368343615	-43.8580618258693
			46.4447608948247	-43.8580618258693
			46.4061534460343	-43.8580618258693
			46.3675459972439	-43.8580618258693
			46.3289385484535	-43.8580618258693
			46.2903310996631	-43.8580618258693
			46.2517236508728	-43.8580618258693
			46.2131162020824	-43.8580618258693
			46.174508753292	-43.8580618258693
			46.1359013045016	-43.8580618258693
			46.0972938557112	-43.8580618258693
			46.0586864069209	-43.8580618258693
			46.0200789581305	-43.8580618258693
			45.9814715093401	-43.8580618258693
			45.9428640605497	-43.8580618258693
			45.9042566117594	-43.8580618258693
			45.865649162969	-43.8580618258693
			45.8270417141786	-43.8580618258693
			45.7884342653882	-43.8580618258693
			45.7498268165979	-43.8580618258693
			45.7112193678075	-43.8580618258693
			45.6726119190171	-43.8580618258693
			45.6340044702267	-43.8580618258693
			45.5953970214363	-43.8966692746597
			45.556789572646	-43.8966692746597
			45.5181821238556	-43.8966692746597
			45.4795746750652	-43.8966692746597
			45.4409672262748	-43.8966692746597
			45.4023597774844	-43.8966692746597
			45.3637523286941	-43.8966692746597
			45.3251448799037	-43.8966692746597
			45.2865374311133	-43.8966692746597
			45.2479299823229	-43.8966692746597
			45.2093225335326	-43.8966692746597
			45.1707150847422	-43.8966692746597
			45.1321076359518	-43.8966692746597
			45.0935001871614	-43.8966692746597
			45.054892738371	-43.8966692746597
			45.0162852895807	-43.8966692746597
			44.9776778407903	-43.8966692746597
			44.9390703919999	-43.8966692746597
			44.9004629432095	-43.8966692746597
			44.8618554944192	-43.8966692746597
			44.8232480456288	-43.8966692746597
			44.7846405968384	-43.8966692746597
			44.746033148048	-43.8966692746597
			44.7074256992576	-43.8966692746597
			44.6688182504673	-43.8966692746597
			44.6302108016769	-43.8966692746597
			44.5916033528865	-43.8966692746597
			44.5529959040961	-43.8966692746597
			44.5143884553058	-43.8966692746597
			44.4757810065154	-43.8966692746597
			44.437173557725	-43.9352767234501
			44.3985661089346	-43.9352767234501
			44.3599586601442	-43.9352767234501
			44.3213512113539	-43.9352767234501
			44.2827437625635	-43.9352767234501
			44.2441363137731	-43.9352767234501
			44.2055288649827	-43.9352767234501
			44.1669214161924	-43.9352767234501
			44.128313967402	-43.9352767234501
			44.0897065186116	-43.9352767234501
			44.0510990698212	-43.9352767234501
			44.0124916210308	-43.9352767234501
			43.9738841722405	-43.9352767234501
			43.9352767234501	-43.9352767234501
			43.8966692746597	-43.9352767234501
			43.8580618258693	-43.9352767234501
			43.819454377079	-43.9352767234501
			43.7808469282886	-43.9352767234501
			43.7422394794982	-43.9352767234501
			43.7036320307078	-43.9352767234501
			43.6650245819174	-43.9352767234501
			43.6264171331271	-43.9352767234501
			43.5878096843367	-43.9352767234501
			43.5492022355463	-43.9352767234501
			43.5105947867559	-43.9352767234501
			43.4719873379656	-43.9352767234501
			43.4333798891752	-43.9352767234501
			43.3947724403848	-43.9352767234501
			43.3561649915944	-43.9352767234501
			43.317557542804	-43.9352767234501
			43.2789500940137	-43.9738841722405
			43.2403426452233	-43.9738841722405
			43.2017351964329	-43.9738841722405
			43.1631277476425	-43.9738841722405
			43.1245202988521	-43.9738841722405
			43.0859128500618	-43.9738841722405
			43.0473054012714	-43.9738841722405
			43.008697952481	-43.9738841722405
			42.9700905036906	-43.9738841722405
			42.9314830549003	-43.9738841722405
			42.8928756061099	-43.9738841722405
			42.8542681573195	-43.9738841722405
			42.8156607085291	-43.9738841722405
			42.7770532597388	-43.9738841722405
			42.7384458109484	-43.9738841722405
			42.699838362158	-43.9738841722405
			42.6612309133676	-43.9738841722405
			42.6226234645772	-43.9738841722405
			42.5840160157869	-43.9738841722405
			42.5454085669965	-43.9738841722405
			42.5068011182061	-43.9738841722405
			42.4681936694157	-43.9738841722405
			42.4295862206253	-43.9738841722405
			42.390978771835	-43.9738841722405
			42.3523713230446	-44.0124916210308
			42.3137638742542	-44.0124916210308
			42.2751564254638	-44.0124916210308
			42.2365489766735	-44.0124916210308
			42.1979415278831	-44.0124916210308
			42.1593340790927	-44.0124916210308
			42.1207266303023	-44.0124916210308
			42.0821191815119	-44.0124916210308
			42.0435117327216	-44.0124916210308
			42.0049042839312	-44.0124916210308
			41.9662968351408	-44.0124916210308
			41.9276893863504	-44.0124916210308
			41.8890819375601	-44.0124916210308
			41.8504744887697	-44.0124916210308
			41.8118670399793	-44.0124916210308
			41.7732595911889	-44.0124916210308
			41.7346521423985	-44.0124916210308
			41.6960446936082	-44.0124916210308
			41.6574372448178	-44.0124916210308
			41.6188297960274	-44.0124916210308
			41.6188297960274	-44.0510990698212
			41.580222347237	-44.0510990698212
			41.5416148984467	-44.0510990698212
			41.5030074496563	-44.0510990698212
			41.4644000008659	-44.0510990698212
			41.4257925520755	-44.0510990698212
			41.3871851032851	-44.0510990698212
			41.3485776544948	-44.0510990698212
			41.3099702057044	-44.0510990698212
			41.271362756914	-44.0510990698212
			41.2327553081236	-44.0510990698212
			41.1941478593333	-44.0510990698212
			41.1555404105429	-44.0510990698212
			41.1169329617525	-44.0510990698212
			41.0783255129621	-44.0510990698212
			41.0397180641717	-44.0510990698212
			41.0011106153814	-44.0510990698212
			40.962503166591	-44.0897065186116
			40.9238957178006	-44.0897065186116
			40.8852882690102	-44.0897065186116
			40.8466808202199	-44.0897065186116
			40.8080733714295	-44.0897065186116
			40.7694659226391	-44.0897065186116
			40.7308584738487	-44.0897065186116
			40.6922510250583	-44.0897065186116
			40.653643576268	-44.0897065186116
			40.6150361274776	-44.0897065186116
			40.5764286786872	-44.0897065186116
			40.5378212298968	-44.0897065186116
			40.4992137811064	-44.0897065186116
			40.4606063323161	-44.0897065186116
			40.4219988835257	-44.0897065186116
			40.3833914347353	-44.128313967402
			40.3447839859449	-44.128313967402
			40.3061765371546	-44.128313967402
			40.2675690883642	-44.128313967402
			40.2289616395738	-44.128313967402
			40.1903541907834	-44.128313967402
			40.1517467419931	-44.128313967402
			40.1131392932027	-44.128313967402
			40.0745318444123	-44.128313967402
			40.0359243956219	-44.128313967402
			39.9973169468315	-44.128313967402
			39.9587094980412	-44.128313967402
			39.9201020492508	-44.128313967402
			39.8814946004604	-44.1669214161924
			39.84288715167	-44.1669214161924
			39.8042797028796	-44.1669214161924
			39.7656722540893	-44.1669214161924
			39.7270648052989	-44.1669214161924
			39.6884573565085	-44.1669214161924
			39.6498499077181	-44.1669214161924
			39.6112424589278	-44.1669214161924
			39.5726350101374	-44.1669214161924
			39.534027561347	-44.1669214161924
			39.4954201125566	-44.1669214161924
			39.4568126637663	-44.1669214161924
			39.4182052149759	-44.2055288649827
			39.3795977661855	-44.2055288649827
			39.3409903173951	-44.2055288649827
			39.3023828686047	-44.2055288649827
			39.2637754198144	-44.2055288649827
			39.225167971024	-44.2055288649827
			39.1865605222336	-44.2055288649827
			39.1479530734432	-44.2055288649827
			39.1093456246528	-44.2055288649827
			39.0707381758625	-44.2055288649827
			39.0321307270721	-44.2055288649827
			38.9935232782817	-44.2441363137731
			38.9549158294913	-44.2441363137731
			38.916308380701	-44.2441363137731
			38.8777009319106	-44.2441363137731
			38.8390934831202	-44.2441363137731
			38.8004860343298	-44.2441363137731
		</c2>
	</curves.scaled>
	<ruler.points type=matrix rownames=TRUE colnames=FALSE nrow=2 ncol=2 as.numeric=TRUE >
		Ruler point 1	2161	269
		Ruler point 2	2420	272
	</ruler.points>
</shapes>

