<shapes type=list>
	<ruler.pixel type=vector names=FALSE length=1 as.numeric=TRUE >253.007905014843</ruler.pixel>
	<ruler.interval type=vector names=FALSE length=1 as.numeric=TRUE >10</ruler.interval>
	<scaling.units type=vector names=FALSE length=1 as.numeric=FALSE >undefined</scaling.units>
	<scaling type=vector names=FALSE length=1 as.numeric=TRUE >0.0395244567532913</scaling>
	<landmarks.pixel type=matrix rownames=TRUE colnames=FALSE nrow=2 ncol=2 as.numeric=TRUE >
		LM1	1005	1212
		LM2	1509	1200
	</landmarks.pixel>
	<landmarks.scaled type=matrix rownames=TRUE colnames=FALSE nrow=2 ncol=2 as.numeric=TRUE >
		LM1	39.7220790370577	-47.903641584989
		LM2	59.6424052407165	-47.4293481039495
	</landmarks.scaled>
	<curves.control type=list>
		<c1 type=matrix rownames=FALSE colnames=FALSE nrow=13 ncol=2 as.numeric=TRUE >
			1005	1212
			1077	1110
			1155	1081
			1176	1064
			1199	1062
			1254	1032
			1276	1043
			1383	1030
			1434	1094
			1454	1119
			1475	1132
			1487	1155
			1509	1200
		</c1>
		<c2 type=matrix rownames=FALSE colnames=FALSE nrow=9 ncol=2 as.numeric=TRUE >
			1509	1200
			1497	1204
			1468	1201
			1408	1206
			1310	1199
			1234	1203
			1096	1213
			1052	1215
			1005	1212
		</c2>
	</curves.control>
	<curves.pixel type=list>
		<c1 type=matrix rownames=FALSE colnames=FALSE nrow=586 ncol=2 as.numeric=TRUE >
			1005	1212
			1006	1211
			1007	1210
			1007	1209
			1008	1208
			1008	1207
			1009	1207
			1009	1206
			1010	1205
			1011	1204
			1012	1203
			1012	1202
			1013	1201
			1014	1200
			1014	1199
			1015	1199
			1015	1198
			1016	1197
			1017	1196
			1017	1195
			1018	1195
			1018	1194
			1019	1193
			1019	1192
			1020	1192
			1021	1191
			1021	1190
			1022	1189
			1022	1188
			1023	1188
			1024	1187
			1024	1186
			1025	1185
			1026	1184
			1027	1183
			1028	1182
			1029	1181
			1029	1180
			1030	1179
			1031	1178
			1031	1177
			1032	1176
			1033	1176
			1034	1175
			1034	1174
			1035	1173
			1036	1172
			1036	1171
			1037	1170
			1038	1170
			1039	1169
			1039	1168
			1040	1167
			1041	1166
			1042	1165
			1043	1164
			1044	1163
			1045	1162
			1046	1161
			1046	1160
			1047	1159
			1048	1158
			1049	1157
			1050	1156
			1051	1155
			1052	1154
			1052	1153
			1053	1152
			1054	1152
			1055	1151
			1056	1150
			1057	1149
			1058	1148
			1059	1147
			1059	1146
			1060	1145
			1061	1144
			1062	1144
			1063	1143
			1064	1142
			1065	1141
			1065	1140
			1066	1139
			1067	1139
			1068	1138
			1069	1137
			1070	1136
			1071	1135
			1072	1134
			1073	1133
			1074	1132
			1075	1131
			1076	1130
			1077	1129
			1078	1129
			1078	1128
			1079	1128
			1080	1127
			1081	1126
			1082	1125
			1083	1124
			1084	1123
			1085	1123
			1086	1122
			1087	1121
			1088	1120
			1089	1119
			1090	1119
			1091	1118
			1092	1117
			1093	1117
			1094	1116
			1095	1115
			1095	1114
			1096	1114
			1097	1113
			1098	1112
			1099	1112
			1100	1111
			1101	1110
			1102	1110
			1103	1109
			1104	1108
			1105	1108
			1106	1107
			1107	1106
			1108	1105
			1109	1104
			1110	1104
			1111	1104
			1111	1103
			1112	1103
			1113	1102
			1114	1101
			1115	1101
			1116	1100
			1117	1100
			1118	1099
			1119	1099
			1119	1098
			1120	1098
			1121	1097
			1122	1097
			1123	1096
			1124	1095
			1125	1095
			1126	1094
			1127	1094
			1128	1093
			1129	1093
			1130	1092
			1131	1092
			1132	1091
			1133	1091
			1134	1090
			1135	1090
			1136	1089
			1137	1089
			1138	1088
			1139	1088
			1140	1087
			1141	1087
			1142	1086
			1143	1086
			1144	1086
			1145	1085
			1146	1085
			1147	1084
			1148	1084
			1149	1084
			1150	1083
			1151	1083
			1151	1082
			1152	1082
			1153	1082
			1154	1081
			1155	1081
			1156	1080
			1157	1080
			1158	1079
			1159	1078
			1160	1077
			1161	1077
			1162	1076
			1163	1075
			1164	1074
			1165	1074
			1166	1073
			1167	1072
			1168	1072
			1169	1072
			1169	1071
			1170	1071
			1171	1071
			1171	1070
			1172	1070
			1173	1070
			1173	1069
			1174	1069
			1175	1069
			1175	1068
			1176	1068
			1177	1068
			1177	1067
			1178	1067
			1179	1067
			1180	1066
			1181	1066
			1182	1066
			1183	1065
			1184	1065
			1185	1065
			1186	1064
			1187	1064
			1188	1064
			1189	1064
			1190	1063
			1191	1063
			1192	1063
			1193	1063
			1194	1063
			1195	1062
			1196	1062
			1197	1062
			1198	1062
			1199	1062
			1200	1061
			1201	1061
			1202	1060
			1203	1060
			1204	1059
			1205	1059
			1206	1058
			1207	1058
			1208	1057
			1209	1057
			1210	1056
			1211	1056
			1212	1055
			1213	1055
			1214	1054
			1215	1054
			1216	1053
			1217	1053
			1218	1053
			1219	1052
			1220	1051
			1221	1051
			1222	1051
			1223	1050
			1224	1050
			1225	1049
			1226	1049
			1227	1049
			1228	1048
			1229	1048
			1230	1047
			1231	1047
			1232	1046
			1233	1046
			1234	1046
			1235	1046
			1236	1045
			1237	1045
			1238	1044
			1239	1044
			1240	1044
			1241	1044
			1242	1043
			1243	1043
			1244	1043
			1245	1043
			1246	1042
			1247	1042
			1248	1042
			1249	1041
			1250	1041
			1251	1041
			1252	1041
			1253	1041
			1254	1041
			1255	1040
			1256	1040
			1257	1040
			1258	1040
			1259	1040
			1260	1040
			1261	1040
			1262	1040
			1263	1040
			1264	1040
			1265	1040
			1266	1040
			1267	1040
			1268	1041
			1269	1041
			1270	1041
			1271	1041
			1272	1041
			1272	1042
			1273	1042
			1274	1042
			1275	1042
			1276	1043
			1277	1043
			1278	1043
			1279	1043
			1280	1043
			1281	1042
			1282	1042
			1283	1042
			1284	1042
			1285	1042
			1286	1042
			1287	1042
			1288	1042
			1289	1042
			1290	1042
			1291	1042
			1292	1041
			1293	1041
			1294	1041
			1295	1041
			1296	1041
			1297	1041
			1298	1041
			1299	1041
			1300	1041
			1301	1041
			1302	1041
			1303	1041
			1304	1041
			1305	1041
			1306	1041
			1307	1041
			1308	1041
			1309	1041
			1310	1041
			1311	1041
			1312	1041
			1313	1041
			1314	1041
			1315	1041
			1316	1041
			1317	1041
			1318	1041
			1319	1041
			1320	1041
			1321	1041
			1322	1041
			1323	1041
			1324	1041
			1325	1041
			1326	1041
			1327	1041
			1328	1041
			1329	1041
			1329	1042
			1330	1042
			1331	1042
			1332	1042
			1333	1042
			1334	1042
			1335	1042
			1336	1042
			1337	1042
			1338	1043
			1339	1043
			1340	1043
			1341	1043
			1342	1043
			1343	1043
			1344	1043
			1345	1043
			1346	1044
			1347	1044
			1348	1044
			1349	1044
			1350	1044
			1351	1045
			1352	1045
			1353	1045
			1354	1045
			1355	1045
			1356	1046
			1357	1046
			1358	1046
			1359	1046
			1360	1047
			1361	1047
			1362	1047
			1363	1048
			1364	1048
			1365	1048
			1366	1048
			1367	1049
			1368	1049
			1369	1049
			1370	1050
			1371	1050
			1372	1050
			1373	1051
			1374	1051
			1375	1051
			1376	1052
			1377	1052
			1378	1053
			1379	1053
			1380	1053
			1381	1054
			1382	1054
			1383	1055
			1384	1055
			1385	1055
			1386	1056
			1387	1056
			1388	1057
			1389	1057
			1390	1058
			1391	1058
			1392	1059
			1393	1060
			1394	1060
			1395	1061
			1396	1061
			1397	1062
			1398	1062
			1398	1063
			1399	1063
			1400	1063
			1400	1064
			1401	1064
			1402	1065
			1403	1066
			1404	1066
			1405	1067
			1406	1067
			1406	1068
			1407	1068
			1408	1069
			1409	1069
			1409	1070
			1410	1070
			1411	1071
			1412	1072
			1413	1073
			1414	1074
			1415	1074
			1416	1075
			1416	1076
			1417	1076
			1418	1077
			1419	1078
			1420	1079
			1421	1080
			1422	1081
			1423	1082
			1424	1083
			1425	1083
			1426	1084
			1426	1085
			1427	1086
			1428	1087
			1429	1088
			1430	1089
			1431	1090
			1431	1091
			1432	1092
			1433	1093
			1434	1094
			1435	1095
			1436	1096
			1437	1097
			1437	1098
			1438	1099
			1439	1100
			1440	1101
			1440	1102
			1441	1102
			1442	1103
			1443	1104
			1443	1105
			1444	1106
			1445	1107
			1446	1107
			1446	1108
			1447	1109
			1448	1110
			1449	1111
			1450	1112
			1451	1113
			1452	1114
			1453	1115
			1454	1116
			1455	1116
			1456	1117
			1457	1118
			1458	1119
			1458	1120
			1459	1121
			1460	1121
			1461	1122
			1462	1123
			1463	1124
			1464	1124
			1465	1125
			1466	1126
			1467	1126
			1468	1127
			1469	1128
			1470	1128
			1471	1129
			1471	1130
			1472	1130
			1473	1131
			1474	1132
			1475	1132
			1476	1133
			1476	1134
			1477	1135
			1477	1136
			1478	1137
			1478	1138
			1479	1139
			1479	1140
			1480	1141
			1480	1142
			1481	1143
			1481	1144
			1482	1145
			1482	1146
			1483	1147
			1483	1148
			1483	1149
			1484	1150
			1484	1151
			1485	1152
			1485	1153
			1486	1154
			1487	1155
			1487	1156
			1488	1157
			1488	1158
			1489	1159
			1489	1160
			1490	1161
			1490	1162
			1491	1163
			1491	1164
			1492	1165
			1492	1166
			1493	1167
			1493	1168
			1494	1169
			1494	1170
			1495	1171
			1495	1172
			1496	1173
			1496	1174
			1497	1175
			1497	1176
			1497	1177
			1498	1177
			1498	1178
			1499	1179
			1499	1180
			1500	1181
			1500	1182
			1501	1183
			1501	1184
			1502	1185
			1502	1186
			1503	1187
			1503	1188
			1504	1189
			1504	1190
			1505	1191
			1505	1192
			1505	1193
			1506	1194
			1506	1195
			1507	1196
			1507	1197
			1508	1198
			1508	1199
			1509	1200
		</c1>
		<c2 type=matrix rownames=FALSE colnames=FALSE nrow=509 ncol=2 as.numeric=TRUE >
			1509	1200
			1508	1200
			1507	1200
			1507	1201
			1506	1201
			1505	1201
			1504	1201
			1503	1201
			1502	1202
			1501	1202
			1500	1202
			1499	1202
			1498	1202
			1497	1202
			1496	1202
			1495	1202
			1494	1202
			1493	1202
			1492	1202
			1491	1202
			1490	1202
			1489	1202
			1488	1202
			1487	1202
			1486	1202
			1485	1202
			1484	1202
			1483	1202
			1482	1202
			1481	1202
			1480	1202
			1479	1202
			1478	1202
			1477	1202
			1476	1202
			1475	1202
			1474	1202
			1473	1202
			1472	1201
			1471	1201
			1470	1201
			1469	1201
			1468	1201
			1467	1201
			1466	1201
			1465	1201
			1464	1201
			1463	1201
			1462	1201
			1461	1202
			1460	1202
			1459	1202
			1458	1202
			1457	1202
			1456	1202
			1455	1202
			1454	1202
			1453	1202
			1452	1202
			1451	1202
			1450	1202
			1449	1202
			1448	1202
			1447	1202
			1446	1202
			1445	1202
			1444	1202
			1443	1203
			1442	1203
			1441	1203
			1440	1203
			1439	1203
			1438	1203
			1437	1203
			1436	1203
			1435	1203
			1434	1203
			1433	1203
			1432	1203
			1431	1203
			1430	1203
			1429	1203
			1428	1203
			1427	1203
			1426	1203
			1425	1203
			1424	1203
			1423	1203
			1422	1203
			1421	1203
			1420	1203
			1419	1203
			1418	1203
			1417	1203
			1416	1203
			1415	1203
			1414	1203
			1413	1203
			1412	1203
			1411	1203
			1410	1203
			1409	1203
			1408	1203
			1407	1203
			1406	1203
			1405	1203
			1404	1203
			1403	1203
			1402	1203
			1401	1203
			1400	1203
			1399	1203
			1398	1203
			1397	1203
			1396	1203
			1395	1203
			1394	1203
			1393	1203
			1392	1203
			1391	1203
			1390	1203
			1389	1203
			1388	1203
			1387	1203
			1386	1203
			1385	1203
			1384	1203
			1383	1203
			1382	1203
			1381	1203
			1380	1203
			1379	1203
			1378	1203
			1377	1203
			1376	1203
			1376	1202
			1375	1202
			1374	1202
			1373	1202
			1372	1202
			1371	1202
			1370	1202
			1369	1202
			1368	1202
			1367	1202
			1366	1202
			1365	1202
			1364	1202
			1363	1202
			1362	1202
			1361	1202
			1360	1202
			1359	1202
			1358	1202
			1357	1202
			1356	1202
			1355	1202
			1354	1202
			1353	1202
			1352	1202
			1351	1202
			1350	1201
			1349	1201
			1348	1201
			1347	1201
			1346	1201
			1345	1201
			1344	1201
			1343	1201
			1342	1201
			1341	1201
			1340	1201
			1339	1201
			1338	1201
			1337	1201
			1336	1201
			1335	1201
			1334	1201
			1333	1201
			1332	1200
			1331	1200
			1330	1200
			1329	1200
			1328	1200
			1327	1200
			1326	1200
			1325	1200
			1324	1200
			1323	1200
			1322	1200
			1321	1200
			1320	1200
			1319	1200
			1318	1200
			1317	1199
			1316	1199
			1315	1199
			1314	1199
			1313	1199
			1312	1199
			1311	1199
			1310	1199
			1309	1199
			1308	1199
			1307	1199
			1306	1199
			1305	1199
			1304	1199
			1303	1199
			1302	1199
			1301	1199
			1301	1200
			1300	1200
			1299	1200
			1298	1200
			1297	1200
			1296	1200
			1295	1200
			1294	1200
			1293	1200
			1292	1200
			1291	1200
			1290	1200
			1289	1200
			1288	1200
			1287	1200
			1286	1200
			1285	1200
			1284	1200
			1283	1200
			1282	1201
			1281	1201
			1280	1201
			1279	1201
			1278	1201
			1277	1201
			1276	1201
			1275	1201
			1274	1201
			1273	1201
			1272	1201
			1271	1201
			1270	1201
			1269	1201
			1268	1201
			1267	1201
			1266	1201
			1265	1202
			1264	1202
			1263	1202
			1262	1202
			1261	1202
			1260	1202
			1259	1202
			1258	1202
			1257	1202
			1256	1202
			1255	1202
			1254	1202
			1253	1202
			1252	1202
			1251	1202
			1250	1202
			1249	1203
			1248	1203
			1247	1203
			1246	1203
			1245	1203
			1244	1203
			1243	1203
			1242	1203
			1241	1203
			1240	1203
			1239	1203
			1238	1203
			1237	1203
			1236	1203
			1235	1203
			1234	1203
			1233	1204
			1232	1204
			1231	1204
			1230	1204
			1229	1204
			1228	1204
			1227	1204
			1226	1204
			1225	1204
			1224	1204
			1223	1204
			1222	1204
			1221	1204
			1220	1204
			1219	1204
			1218	1205
			1217	1205
			1216	1205
			1215	1205
			1214	1205
			1213	1205
			1212	1205
			1211	1205
			1210	1205
			1209	1205
			1208	1205
			1207	1205
			1206	1205
			1205	1205
			1204	1205
			1203	1206
			1202	1206
			1201	1206
			1200	1206
			1199	1206
			1198	1206
			1197	1206
			1196	1206
			1195	1206
			1194	1206
			1193	1206
			1192	1206
			1191	1206
			1190	1206
			1189	1206
			1188	1207
			1187	1207
			1186	1207
			1185	1207
			1184	1207
			1183	1207
			1182	1207
			1181	1207
			1180	1207
			1179	1207
			1178	1207
			1177	1207
			1176	1207
			1175	1207
			1174	1208
			1173	1208
			1172	1208
			1171	1208
			1170	1208
			1169	1208
			1168	1208
			1167	1208
			1166	1208
			1165	1208
			1164	1208
			1163	1208
			1162	1208
			1161	1208
			1160	1208
			1159	1209
			1158	1209
			1157	1209
			1156	1209
			1155	1209
			1154	1209
			1153	1209
			1152	1209
			1151	1209
			1150	1209
			1149	1209
			1148	1209
			1147	1209
			1146	1209
			1145	1210
			1144	1210
			1143	1210
			1142	1210
			1141	1210
			1140	1210
			1139	1210
			1138	1210
			1137	1210
			1136	1210
			1135	1210
			1134	1210
			1133	1210
			1132	1210
			1131	1211
			1130	1211
			1129	1211
			1128	1211
			1127	1211
			1126	1211
			1125	1211
			1124	1211
			1123	1211
			1122	1211
			1121	1211
			1120	1211
			1119	1211
			1118	1211
			1117	1211
			1117	1212
			1116	1212
			1115	1212
			1114	1212
			1113	1212
			1112	1212
			1111	1212
			1110	1212
			1109	1212
			1108	1212
			1107	1212
			1106	1212
			1105	1212
			1104	1212
			1103	1213
			1102	1213
			1101	1213
			1100	1213
			1099	1213
			1098	1213
			1097	1213
			1096	1213
			1095	1213
			1094	1213
			1093	1213
			1092	1213
			1091	1213
			1090	1213
			1089	1213
			1088	1213
			1087	1213
			1086	1213
			1085	1213
			1084	1213
			1083	1213
			1082	1214
			1081	1214
			1080	1214
			1079	1214
			1078	1214
			1077	1214
			1076	1214
			1075	1214
			1074	1214
			1073	1214
			1072	1214
			1071	1214
			1070	1214
			1069	1214
			1068	1214
			1067	1214
			1066	1214
			1065	1214
			1064	1214
			1063	1214
			1062	1214
			1061	1214
			1060	1214
			1059	1214
			1058	1214
			1057	1214
			1056	1214
			1055	1214
			1054	1214
			1053	1214
			1052	1214
			1051	1214
			1050	1214
			1049	1214
			1048	1214
			1047	1214
			1046	1214
			1045	1214
			1044	1214
			1043	1214
			1042	1214
			1041	1214
			1040	1214
			1039	1214
			1038	1214
			1037	1213
			1036	1213
			1035	1213
			1034	1213
			1033	1213
			1032	1213
			1031	1213
			1030	1213
			1029	1213
			1028	1213
			1027	1213
			1026	1213
			1025	1213
			1024	1213
			1023	1213
			1022	1213
			1021	1213
			1020	1213
			1019	1213
			1018	1213
			1017	1213
			1016	1213
			1015	1213
			1014	1213
			1013	1212
			1012	1212
			1011	1212
			1010	1212
			1009	1212
			1008	1212
			1007	1212
			1006	1212
			1005	1212
		</c2>
	</curves.pixel>
	<curves.scaled type=list>
		<c1 type=matrix rownames=FALSE colnames=FALSE nrow=586 ncol=2 as.numeric=TRUE >
			39.7220790370577	-47.903641584989
			39.761603493811	-47.8641171282357
			39.8011279505643	-47.8245926714824
			39.8011279505643	-47.7850682147291
			39.8406524073176	-47.7455437579758
			39.8406524073176	-47.7060193012226
			39.8801768640709	-47.7060193012226
			39.8801768640709	-47.6664948444693
			39.9197013208242	-47.626970387716
			39.9592257775775	-47.5874459309627
			39.9987502343308	-47.5479214742094
			39.9987502343308	-47.5083970174561
			40.038274691084	-47.4688725607028
			40.0777991478373	-47.4293481039495
			40.0777991478373	-47.3898236471962
			40.1173236045906	-47.3898236471962
			40.1173236045906	-47.3502991904429
			40.1568480613439	-47.3107747336896
			40.1963725180972	-47.2712502769363
			40.1963725180972	-47.2317258201831
			40.2358969748505	-47.2317258201831
			40.2358969748505	-47.1922013634298
			40.2754214316038	-47.1526769066765
			40.2754214316038	-47.1131524499232
			40.3149458883571	-47.1131524499232
			40.3544703451104	-47.0736279931699
			40.3544703451104	-47.0341035364166
			40.3939948018637	-46.9945790796633
			40.3939948018637	-46.95505462291
			40.433519258617	-46.95505462291
			40.4730437153703	-46.9155301661567
			40.4730437153703	-46.8760057094034
			40.5125681721235	-46.8364812526501
			40.5520926288768	-46.7969567958969
			40.5916170856301	-46.7574323391436
			40.6311415423834	-46.7179078823903
			40.6706659991367	-46.678383425637
			40.6706659991367	-46.6388589688837
			40.71019045589	-46.5993345121304
			40.7497149126433	-46.5598100553771
			40.7497149126433	-46.5202855986238
			40.7892393693966	-46.4807611418705
			40.8287638261499	-46.4807611418705
			40.8682882829032	-46.4412366851172
			40.8682882829032	-46.4017122283639
			40.9078127396565	-46.3621877716106
			40.9473371964097	-46.3226633148574
			40.9473371964097	-46.2831388581041
			40.986861653163	-46.2436144013508
			41.0263861099163	-46.2436144013508
			41.0659105666696	-46.2040899445975
			41.0659105666696	-46.1645654878442
			41.1054350234229	-46.1250410310909
			41.1449594801762	-46.0855165743376
			41.1844839369295	-46.0459921175843
			41.2240083936828	-46.006467660831
			41.2635328504361	-45.9669432040777
			41.3030573071894	-45.9274187473244
			41.3425817639427	-45.8878942905712
			41.3425817639427	-45.8483698338179
			41.382106220696	-45.8088453770646
			41.4216306774492	-45.7693209203113
			41.4611551342025	-45.729796463558
			41.5006795909558	-45.6902720068047
			41.5402040477091	-45.6507475500514
			41.5797285044624	-45.6112230932981
			41.5797285044624	-45.5716986365448
			41.6192529612157	-45.5321741797915
			41.658777417969	-45.5321741797915
			41.6983018747223	-45.4926497230382
			41.7378263314756	-45.4531252662849
			41.7773507882289	-45.4136008095317
			41.8168752449822	-45.3740763527784
			41.8563997017354	-45.3345518960251
			41.8563997017354	-45.2950274392718
			41.8959241584887	-45.2555029825185
			41.935448615242	-45.2159785257652
			41.9749730719953	-45.2159785257652
			42.0144975287486	-45.1764540690119
			42.0540219855019	-45.1369296122586
			42.0935464422552	-45.0974051555053
			42.0935464422552	-45.057880698752
			42.1330708990085	-45.0183562419987
			42.1725953557618	-45.0183562419987
			42.2121198125151	-44.9788317852455
			42.2516442692684	-44.9393073284922
			42.2911687260217	-44.8997828717389
			42.3306931827749	-44.8602584149856
			42.3702176395282	-44.8207339582323
			42.4097420962815	-44.781209501479
			42.4492665530348	-44.7416850447257
			42.4887910097881	-44.7021605879724
			42.5283154665414	-44.6626361312191
			42.5678399232947	-44.6231116744658
			42.607364380048	-44.6231116744658
			42.607364380048	-44.5835872177125
			42.6468888368013	-44.5835872177125
			42.6864132935546	-44.5440627609592
			42.7259377503079	-44.504538304206
			42.7654622070611	-44.4650138474527
			42.8049866638144	-44.4254893906994
			42.8445111205677	-44.3859649339461
			42.884035577321	-44.3859649339461
			42.9235600340743	-44.3464404771928
			42.9630844908276	-44.3069160204395
			43.0026089475809	-44.2673915636862
			43.0421334043342	-44.2278671069329
			43.0816578610875	-44.2278671069329
			43.1211823178408	-44.1883426501796
			43.1607067745941	-44.1488181934263
			43.2002312313474	-44.1488181934263
			43.2397556881006	-44.109293736673
			43.2792801448539	-44.0697692799198
			43.2792801448539	-44.0302448231665
			43.3188046016072	-44.0302448231665
			43.3583290583605	-43.9907203664132
			43.3978535151138	-43.9511959096599
			43.4373779718671	-43.9511959096599
			43.4769024286204	-43.9116714529066
			43.5164268853737	-43.8721469961533
			43.555951342127	-43.8721469961533
			43.5954757988803	-43.8326225394
			43.6350002556336	-43.7930980826467
			43.6745247123868	-43.7930980826467
			43.7140491691401	-43.7535736258934
			43.7535736258934	-43.7140491691401
			43.7930980826467	-43.6745247123868
			43.8326225394	-43.6350002556336
			43.8721469961533	-43.6350002556336
			43.9116714529066	-43.6350002556336
			43.9116714529066	-43.5954757988803
			43.9511959096599	-43.5954757988803
			43.9907203664132	-43.555951342127
			44.0302448231665	-43.5164268853737
			44.0697692799198	-43.5164268853737
			44.109293736673	-43.4769024286204
			44.1488181934263	-43.4769024286204
			44.1883426501796	-43.4373779718671
			44.2278671069329	-43.4373779718671
			44.2278671069329	-43.3978535151138
			44.2673915636862	-43.3978535151138
			44.3069160204395	-43.3583290583605
			44.3464404771928	-43.3583290583605
			44.3859649339461	-43.3188046016072
			44.4254893906994	-43.2792801448539
			44.4650138474527	-43.2792801448539
			44.504538304206	-43.2397556881006
			44.5440627609592	-43.2397556881006
			44.5835872177125	-43.2002312313474
			44.6231116744658	-43.2002312313474
			44.6626361312191	-43.1607067745941
			44.7021605879724	-43.1607067745941
			44.7416850447257	-43.1211823178408
			44.781209501479	-43.1211823178408
			44.8207339582323	-43.0816578610875
			44.8602584149856	-43.0816578610875
			44.8997828717389	-43.0421334043342
			44.9393073284922	-43.0421334043342
			44.9788317852455	-43.0026089475809
			45.0183562419987	-43.0026089475809
			45.057880698752	-42.9630844908276
			45.0974051555053	-42.9630844908276
			45.1369296122586	-42.9235600340743
			45.1764540690119	-42.9235600340743
			45.2159785257652	-42.9235600340743
			45.2555029825185	-42.884035577321
			45.2950274392718	-42.884035577321
			45.3345518960251	-42.8445111205677
			45.3740763527784	-42.8445111205677
			45.4136008095317	-42.8445111205677
			45.4531252662849	-42.8049866638144
			45.4926497230382	-42.8049866638144
			45.4926497230382	-42.7654622070611
			45.5321741797915	-42.7654622070611
			45.5716986365448	-42.7654622070611
			45.6112230932981	-42.7259377503079
			45.6507475500514	-42.7259377503079
			45.6902720068047	-42.6864132935546
			45.729796463558	-42.6864132935546
			45.7693209203113	-42.6468888368013
			45.8088453770646	-42.607364380048
			45.8483698338179	-42.5678399232947
			45.8878942905712	-42.5678399232947
			45.9274187473244	-42.5283154665414
			45.9669432040777	-42.4887910097881
			46.006467660831	-42.4492665530348
			46.0459921175843	-42.4492665530348
			46.0855165743376	-42.4097420962815
			46.1250410310909	-42.3702176395282
			46.1645654878442	-42.3702176395282
			46.2040899445975	-42.3702176395282
			46.2040899445975	-42.3306931827749
			46.2436144013508	-42.3306931827749
			46.2831388581041	-42.3306931827749
			46.2831388581041	-42.2911687260217
			46.3226633148574	-42.2911687260217
			46.3621877716106	-42.2911687260217
			46.3621877716106	-42.2516442692684
			46.4017122283639	-42.2516442692684
			46.4412366851172	-42.2516442692684
			46.4412366851172	-42.2121198125151
			46.4807611418705	-42.2121198125151
			46.5202855986238	-42.2121198125151
			46.5202855986238	-42.1725953557618
			46.5598100553771	-42.1725953557618
			46.5993345121304	-42.1725953557618
			46.6388589688837	-42.1330708990085
			46.678383425637	-42.1330708990085
			46.7179078823903	-42.1330708990085
			46.7574323391436	-42.0935464422552
			46.7969567958969	-42.0935464422552
			46.8364812526501	-42.0935464422552
			46.8760057094034	-42.0540219855019
			46.9155301661567	-42.0540219855019
			46.95505462291	-42.0540219855019
			46.9945790796633	-42.0540219855019
			47.0341035364166	-42.0144975287486
			47.0736279931699	-42.0144975287486
			47.1131524499232	-42.0144975287486
			47.1526769066765	-42.0144975287486
			47.1922013634298	-42.0144975287486
			47.2317258201831	-41.9749730719953
			47.2712502769363	-41.9749730719953
			47.3107747336896	-41.9749730719953
			47.3502991904429	-41.9749730719953
			47.3898236471962	-41.9749730719953
			47.4293481039495	-41.935448615242
			47.4688725607028	-41.935448615242
			47.5083970174561	-41.8959241584887
			47.5479214742094	-41.8959241584887
			47.5874459309627	-41.8563997017354
			47.626970387716	-41.8563997017354
			47.6664948444693	-41.8168752449822
			47.7060193012226	-41.8168752449822
			47.7455437579758	-41.7773507882289
			47.7850682147291	-41.7773507882289
			47.8245926714824	-41.7378263314756
			47.8641171282357	-41.7378263314756
			47.903641584989	-41.6983018747223
			47.9431660417423	-41.6983018747223
			47.9826904984956	-41.658777417969
			48.0222149552489	-41.658777417969
			48.0617394120022	-41.6192529612157
			48.1012638687555	-41.6192529612157
			48.1407883255088	-41.6192529612157
			48.180312782262	-41.5797285044624
			48.2198372390153	-41.5402040477091
			48.2593616957686	-41.5402040477091
			48.2988861525219	-41.5402040477091
			48.3384106092752	-41.5006795909558
			48.3779350660285	-41.5006795909558
			48.4174595227818	-41.4611551342025
			48.4569839795351	-41.4611551342025
			48.4965084362884	-41.4611551342025
			48.5360328930417	-41.4216306774492
			48.575557349795	-41.4216306774492
			48.6150818065483	-41.382106220696
			48.6546062633015	-41.382106220696
			48.6941307200548	-41.3425817639427
			48.7336551768081	-41.3425817639427
			48.7731796335614	-41.3425817639427
			48.8127040903147	-41.3425817639427
			48.852228547068	-41.3030573071894
			48.8917530038213	-41.3030573071894
			48.9312774605746	-41.2635328504361
			48.9708019173279	-41.2635328504361
			49.0103263740812	-41.2635328504361
			49.0498508308345	-41.2635328504361
			49.0893752875877	-41.2240083936828
			49.128899744341	-41.2240083936828
			49.1684242010943	-41.2240083936828
			49.2079486578476	-41.2240083936828
			49.2474731146009	-41.1844839369295
			49.2869975713542	-41.1844839369295
			49.3265220281075	-41.1844839369295
			49.3660464848608	-41.1449594801762
			49.4055709416141	-41.1449594801762
			49.4450953983674	-41.1449594801762
			49.4846198551207	-41.1449594801762
			49.524144311874	-41.1449594801762
			49.5636687686272	-41.1449594801762
			49.6031932253805	-41.1054350234229
			49.6427176821338	-41.1054350234229
			49.6822421388871	-41.1054350234229
			49.7217665956404	-41.1054350234229
			49.7612910523937	-41.1054350234229
			49.800815509147	-41.1054350234229
			49.8403399659003	-41.1054350234229
			49.8798644226536	-41.1054350234229
			49.9193888794069	-41.1054350234229
			49.9589133361602	-41.1054350234229
			49.9984377929134	-41.1054350234229
			50.0379622496667	-41.1054350234229
			50.07748670642	-41.1054350234229
			50.1170111631733	-41.1449594801762
			50.1565356199266	-41.1449594801762
			50.1960600766799	-41.1449594801762
			50.2355845334332	-41.1449594801762
			50.2751089901865	-41.1449594801762
			50.2751089901865	-41.1844839369295
			50.3146334469398	-41.1844839369295
			50.3541579036931	-41.1844839369295
			50.3936823604464	-41.1844839369295
			50.4332068171997	-41.2240083936828
			50.4727312739529	-41.2240083936828
			50.5122557307062	-41.2240083936828
			50.5517801874595	-41.2240083936828
			50.5913046442128	-41.2240083936828
			50.6308291009661	-41.1844839369295
			50.6703535577194	-41.1844839369295
			50.7098780144727	-41.1844839369295
			50.749402471226	-41.1844839369295
			50.7889269279793	-41.1844839369295
			50.8284513847326	-41.1844839369295
			50.8679758414859	-41.1844839369295
			50.9075002982391	-41.1844839369295
			50.9470247549924	-41.1844839369295
			50.9865492117457	-41.1844839369295
			51.026073668499	-41.1844839369295
			51.0655981252523	-41.1449594801762
			51.1051225820056	-41.1449594801762
			51.1446470387589	-41.1449594801762
			51.1841714955122	-41.1449594801762
			51.2236959522655	-41.1449594801762
			51.2632204090188	-41.1449594801762
			51.3027448657721	-41.1449594801762
			51.3422693225253	-41.1449594801762
			51.3817937792786	-41.1449594801762
			51.4213182360319	-41.1449594801762
			51.4608426927852	-41.1449594801762
			51.5003671495385	-41.1449594801762
			51.5398916062918	-41.1449594801762
			51.5794160630451	-41.1449594801762
			51.6189405197984	-41.1449594801762
			51.6584649765517	-41.1449594801762
			51.697989433305	-41.1449594801762
			51.7375138900583	-41.1449594801762
			51.7770383468116	-41.1449594801762
			51.8165628035648	-41.1449594801762
			51.8560872603181	-41.1449594801762
			51.8956117170714	-41.1449594801762
			51.9351361738247	-41.1449594801762
			51.974660630578	-41.1449594801762
			52.0141850873313	-41.1449594801762
			52.0537095440846	-41.1449594801762
			52.0932340008379	-41.1449594801762
			52.1327584575912	-41.1449594801762
			52.1722829143445	-41.1449594801762
			52.2118073710978	-41.1449594801762
			52.251331827851	-41.1449594801762
			52.2908562846043	-41.1449594801762
			52.3303807413576	-41.1449594801762
			52.3699051981109	-41.1449594801762
			52.4094296548642	-41.1449594801762
			52.4489541116175	-41.1449594801762
			52.4884785683708	-41.1449594801762
			52.5280030251241	-41.1449594801762
			52.5280030251241	-41.1844839369295
			52.5675274818774	-41.1844839369295
			52.6070519386307	-41.1844839369295
			52.646576395384	-41.1844839369295
			52.6861008521373	-41.1844839369295
			52.7256253088905	-41.1844839369295
			52.7651497656438	-41.1844839369295
			52.8046742223971	-41.1844839369295
			52.8441986791504	-41.1844839369295
			52.8837231359037	-41.2240083936828
			52.923247592657	-41.2240083936828
			52.9627720494103	-41.2240083936828
			53.0022965061636	-41.2240083936828
			53.0418209629169	-41.2240083936828
			53.0813454196702	-41.2240083936828
			53.1208698764235	-41.2240083936828
			53.1603943331767	-41.2240083936828
			53.19991878993	-41.2635328504361
			53.2394432466833	-41.2635328504361
			53.2789677034366	-41.2635328504361
			53.3184921601899	-41.2635328504361
			53.3580166169432	-41.2635328504361
			53.3975410736965	-41.3030573071894
			53.4370655304498	-41.3030573071894
			53.4765899872031	-41.3030573071894
			53.5161144439564	-41.3030573071894
			53.5556389007097	-41.3030573071894
			53.595163357463	-41.3425817639427
			53.6346878142162	-41.3425817639427
			53.6742122709695	-41.3425817639427
			53.7137367277228	-41.3425817639427
			53.7532611844761	-41.382106220696
			53.7927856412294	-41.382106220696
			53.8323100979827	-41.382106220696
			53.871834554736	-41.4216306774492
			53.9113590114893	-41.4216306774492
			53.9508834682426	-41.4216306774492
			53.9904079249959	-41.4216306774492
			54.0299323817492	-41.4611551342025
			54.0694568385024	-41.4611551342025
			54.1089812952557	-41.4611551342025
			54.148505752009	-41.5006795909558
			54.1880302087623	-41.5006795909558
			54.2275546655156	-41.5006795909558
			54.2670791222689	-41.5402040477091
			54.3066035790222	-41.5402040477091
			54.3461280357755	-41.5402040477091
			54.3856524925288	-41.5797285044624
			54.4251769492821	-41.5797285044624
			54.4647014060354	-41.6192529612157
			54.5042258627887	-41.6192529612157
			54.5437503195419	-41.6192529612157
			54.5832747762952	-41.658777417969
			54.6227992330485	-41.658777417969
			54.6623236898018	-41.6983018747223
			54.7018481465551	-41.6983018747223
			54.7413726033084	-41.6983018747223
			54.7808970600617	-41.7378263314756
			54.820421516815	-41.7378263314756
			54.8599459735683	-41.7773507882289
			54.8994704303216	-41.7773507882289
			54.9389948870749	-41.8168752449822
			54.9785193438281	-41.8168752449822
			55.0180438005814	-41.8563997017354
			55.0575682573347	-41.8959241584887
			55.097092714088	-41.8959241584887
			55.1366171708413	-41.935448615242
			55.1761416275946	-41.935448615242
			55.2156660843479	-41.9749730719953
			55.2551905411012	-41.9749730719953
			55.2551905411012	-42.0144975287486
			55.2947149978545	-42.0144975287486
			55.3342394546078	-42.0144975287486
			55.3342394546078	-42.0540219855019
			55.3737639113611	-42.0540219855019
			55.4132883681144	-42.0935464422552
			55.4528128248676	-42.1330708990085
			55.4923372816209	-42.1330708990085
			55.5318617383742	-42.1725953557618
			55.5713861951275	-42.1725953557618
			55.5713861951275	-42.2121198125151
			55.6109106518808	-42.2121198125151
			55.6504351086341	-42.2516442692684
			55.6899595653874	-42.2516442692684
			55.6899595653874	-42.2911687260217
			55.7294840221407	-42.2911687260217
			55.769008478894	-42.3306931827749
			55.8085329356473	-42.3702176395282
			55.8480573924006	-42.4097420962815
			55.8875818491538	-42.4492665530348
			55.9271063059071	-42.4492665530348
			55.9666307626604	-42.4887910097881
			55.9666307626604	-42.5283154665414
			56.0061552194137	-42.5283154665414
			56.045679676167	-42.5678399232947
			56.0852041329203	-42.607364380048
			56.1247285896736	-42.6468888368013
			56.1642530464269	-42.6864132935546
			56.2037775031802	-42.7259377503079
			56.2433019599335	-42.7654622070611
			56.2828264166868	-42.8049866638144
			56.3223508734401	-42.8049866638144
			56.3618753301933	-42.8445111205677
			56.3618753301933	-42.884035577321
			56.4013997869466	-42.9235600340743
			56.4409242436999	-42.9630844908276
			56.4804487004532	-43.0026089475809
			56.5199731572065	-43.0421334043342
			56.5594976139598	-43.0816578610875
			56.5594976139598	-43.1211823178408
			56.5990220707131	-43.1607067745941
			56.6385465274664	-43.2002312313474
			56.6780709842197	-43.2397556881006
			56.717595440973	-43.2792801448539
			56.7571198977263	-43.3188046016072
			56.7966443544795	-43.3583290583605
			56.7966443544795	-43.3978535151138
			56.8361688112328	-43.4373779718671
			56.8756932679861	-43.4769024286204
			56.9152177247394	-43.5164268853737
			56.9152177247394	-43.555951342127
			56.9547421814927	-43.555951342127
			56.994266638246	-43.5954757988803
			57.0337910949993	-43.6350002556336
			57.0337910949993	-43.6745247123868
			57.0733155517526	-43.7140491691401
			57.1128400085059	-43.7535736258934
			57.1523644652592	-43.7535736258934
			57.1523644652592	-43.7930980826467
			57.1918889220125	-43.8326225394
			57.2314133787658	-43.8721469961533
			57.270937835519	-43.9116714529066
			57.3104622922723	-43.9511959096599
			57.3499867490256	-43.9907203664132
			57.3895112057789	-44.0302448231665
			57.4290356625322	-44.0697692799198
			57.4685601192855	-44.109293736673
			57.5080845760388	-44.109293736673
			57.5476090327921	-44.1488181934263
			57.5871334895454	-44.1883426501796
			57.6266579462987	-44.2278671069329
			57.6266579462987	-44.2673915636862
			57.6661824030519	-44.3069160204395
			57.7057068598052	-44.3069160204395
			57.7452313165585	-44.3464404771928
			57.7847557733118	-44.3859649339461
			57.8242802300651	-44.4254893906994
			57.8638046868184	-44.4254893906994
			57.9033291435717	-44.4650138474527
			57.942853600325	-44.504538304206
			57.9823780570783	-44.504538304206
			58.0219025138316	-44.5440627609592
			58.0614269705849	-44.5835872177125
			58.1009514273382	-44.5835872177125
			58.1404758840914	-44.6231116744658
			58.1404758840914	-44.6626361312191
			58.1800003408447	-44.6626361312191
			58.219524797598	-44.7021605879724
			58.2590492543513	-44.7416850447257
			58.2985737111046	-44.7416850447257
			58.3380981678579	-44.781209501479
			58.3380981678579	-44.8207339582323
			58.3776226246112	-44.8602584149856
			58.3776226246112	-44.8997828717389
			58.4171470813645	-44.9393073284922
			58.4171470813645	-44.9788317852455
			58.4566715381178	-45.0183562419987
			58.4566715381178	-45.057880698752
			58.4961959948711	-45.0974051555053
			58.4961959948711	-45.1369296122586
			58.5357204516244	-45.1764540690119
			58.5357204516244	-45.2159785257652
			58.5752449083776	-45.2555029825185
			58.5752449083776	-45.2950274392718
			58.6147693651309	-45.3345518960251
			58.6147693651309	-45.3740763527784
			58.6147693651309	-45.4136008095317
			58.6542938218842	-45.4531252662849
			58.6542938218842	-45.4926497230382
			58.6938182786375	-45.5321741797915
			58.6938182786375	-45.5716986365448
			58.7333427353908	-45.6112230932981
			58.7728671921441	-45.6507475500514
			58.7728671921441	-45.6902720068047
			58.8123916488974	-45.729796463558
			58.8123916488974	-45.7693209203113
			58.8519161056507	-45.8088453770646
			58.8519161056507	-45.8483698338179
			58.891440562404	-45.8878942905712
			58.891440562404	-45.9274187473244
			58.9309650191573	-45.9669432040777
			58.9309650191573	-46.006467660831
			58.9704894759106	-46.0459921175843
			58.9704894759106	-46.0855165743376
			59.0100139326639	-46.1250410310909
			59.0100139326639	-46.1645654878442
			59.0495383894171	-46.2040899445975
			59.0495383894171	-46.2436144013508
			59.0890628461704	-46.2831388581041
			59.0890628461704	-46.3226633148574
			59.1285873029237	-46.3621877716106
			59.1285873029237	-46.4017122283639
			59.168111759677	-46.4412366851172
			59.168111759677	-46.4807611418705
			59.168111759677	-46.5202855986238
			59.2076362164303	-46.5202855986238
			59.2076362164303	-46.5598100553771
			59.2471606731836	-46.5993345121304
			59.2471606731836	-46.6388589688837
			59.2866851299369	-46.678383425637
			59.2866851299369	-46.7179078823903
			59.3262095866902	-46.7574323391436
			59.3262095866902	-46.7969567958969
			59.3657340434435	-46.8364812526501
			59.3657340434435	-46.8760057094034
			59.4052585001968	-46.9155301661567
			59.4052585001968	-46.95505462291
			59.4447829569501	-46.9945790796633
			59.4447829569501	-47.0341035364166
			59.4843074137033	-47.0736279931699
			59.4843074137033	-47.1131524499232
			59.4843074137033	-47.1526769066765
			59.5238318704566	-47.1922013634298
			59.5238318704566	-47.2317258201831
			59.5633563272099	-47.2712502769363
			59.5633563272099	-47.3107747336896
			59.6028807839632	-47.3502991904429
			59.6028807839632	-47.3898236471962
			59.6424052407165	-47.4293481039495
		</c1>
		<c2 type=matrix rownames=FALSE colnames=FALSE nrow=509 ncol=2 as.numeric=TRUE >
			59.6424052407165	-47.4293481039495
			59.6028807839632	-47.4293481039495
			59.5633563272099	-47.4293481039495
			59.5633563272099	-47.4688725607028
			59.5238318704566	-47.4688725607028
			59.4843074137033	-47.4688725607028
			59.4447829569501	-47.4688725607028
			59.4052585001968	-47.4688725607028
			59.3657340434435	-47.5083970174561
			59.3262095866902	-47.5083970174561
			59.2866851299369	-47.5083970174561
			59.2471606731836	-47.5083970174561
			59.2076362164303	-47.5083970174561
			59.168111759677	-47.5083970174561
			59.1285873029237	-47.5083970174561
			59.0890628461704	-47.5083970174561
			59.0495383894171	-47.5083970174561
			59.0100139326639	-47.5083970174561
			58.9704894759106	-47.5083970174561
			58.9309650191573	-47.5083970174561
			58.891440562404	-47.5083970174561
			58.8519161056507	-47.5083970174561
			58.8123916488974	-47.5083970174561
			58.7728671921441	-47.5083970174561
			58.7333427353908	-47.5083970174561
			58.6938182786375	-47.5083970174561
			58.6542938218842	-47.5083970174561
			58.6147693651309	-47.5083970174561
			58.5752449083776	-47.5083970174561
			58.5357204516244	-47.5083970174561
			58.4961959948711	-47.5083970174561
			58.4566715381178	-47.5083970174561
			58.4171470813645	-47.5083970174561
			58.3776226246112	-47.5083970174561
			58.3380981678579	-47.5083970174561
			58.2985737111046	-47.5083970174561
			58.2590492543513	-47.5083970174561
			58.219524797598	-47.5083970174561
			58.1800003408447	-47.4688725607028
			58.1404758840914	-47.4688725607028
			58.1009514273382	-47.4688725607028
			58.0614269705849	-47.4688725607028
			58.0219025138316	-47.4688725607028
			57.9823780570783	-47.4688725607028
			57.942853600325	-47.4688725607028
			57.9033291435717	-47.4688725607028
			57.8638046868184	-47.4688725607028
			57.8242802300651	-47.4688725607028
			57.7847557733118	-47.4688725607028
			57.7452313165585	-47.5083970174561
			57.7057068598052	-47.5083970174561
			57.6661824030519	-47.5083970174561
			57.6266579462987	-47.5083970174561
			57.5871334895454	-47.5083970174561
			57.5476090327921	-47.5083970174561
			57.5080845760388	-47.5083970174561
			57.4685601192855	-47.5083970174561
			57.4290356625322	-47.5083970174561
			57.3895112057789	-47.5083970174561
			57.3499867490256	-47.5083970174561
			57.3104622922723	-47.5083970174561
			57.270937835519	-47.5083970174561
			57.2314133787658	-47.5083970174561
			57.1918889220125	-47.5083970174561
			57.1523644652592	-47.5083970174561
			57.1128400085059	-47.5083970174561
			57.0733155517526	-47.5083970174561
			57.0337910949993	-47.5479214742094
			56.994266638246	-47.5479214742094
			56.9547421814927	-47.5479214742094
			56.9152177247394	-47.5479214742094
			56.8756932679861	-47.5479214742094
			56.8361688112328	-47.5479214742094
			56.7966443544795	-47.5479214742094
			56.7571198977263	-47.5479214742094
			56.717595440973	-47.5479214742094
			56.6780709842197	-47.5479214742094
			56.6385465274664	-47.5479214742094
			56.5990220707131	-47.5479214742094
			56.5594976139598	-47.5479214742094
			56.5199731572065	-47.5479214742094
			56.4804487004532	-47.5479214742094
			56.4409242436999	-47.5479214742094
			56.4013997869466	-47.5479214742094
			56.3618753301933	-47.5479214742094
			56.3223508734401	-47.5479214742094
			56.2828264166868	-47.5479214742094
			56.2433019599335	-47.5479214742094
			56.2037775031802	-47.5479214742094
			56.1642530464269	-47.5479214742094
			56.1247285896736	-47.5479214742094
			56.0852041329203	-47.5479214742094
			56.045679676167	-47.5479214742094
			56.0061552194137	-47.5479214742094
			55.9666307626604	-47.5479214742094
			55.9271063059071	-47.5479214742094
			55.8875818491538	-47.5479214742094
			55.8480573924006	-47.5479214742094
			55.8085329356473	-47.5479214742094
			55.769008478894	-47.5479214742094
			55.7294840221407	-47.5479214742094
			55.6899595653874	-47.5479214742094
			55.6504351086341	-47.5479214742094
			55.6109106518808	-47.5479214742094
			55.5713861951275	-47.5479214742094
			55.5318617383742	-47.5479214742094
			55.4923372816209	-47.5479214742094
			55.4528128248676	-47.5479214742094
			55.4132883681144	-47.5479214742094
			55.3737639113611	-47.5479214742094
			55.3342394546078	-47.5479214742094
			55.2947149978545	-47.5479214742094
			55.2551905411012	-47.5479214742094
			55.2156660843479	-47.5479214742094
			55.1761416275946	-47.5479214742094
			55.1366171708413	-47.5479214742094
			55.097092714088	-47.5479214742094
			55.0575682573347	-47.5479214742094
			55.0180438005814	-47.5479214742094
			54.9785193438281	-47.5479214742094
			54.9389948870749	-47.5479214742094
			54.8994704303216	-47.5479214742094
			54.8599459735683	-47.5479214742094
			54.820421516815	-47.5479214742094
			54.7808970600617	-47.5479214742094
			54.7413726033084	-47.5479214742094
			54.7018481465551	-47.5479214742094
			54.6623236898018	-47.5479214742094
			54.6227992330485	-47.5479214742094
			54.5832747762952	-47.5479214742094
			54.5437503195419	-47.5479214742094
			54.5042258627887	-47.5479214742094
			54.4647014060354	-47.5479214742094
			54.4251769492821	-47.5479214742094
			54.3856524925288	-47.5479214742094
			54.3856524925288	-47.5083970174561
			54.3461280357755	-47.5083970174561
			54.3066035790222	-47.5083970174561
			54.2670791222689	-47.5083970174561
			54.2275546655156	-47.5083970174561
			54.1880302087623	-47.5083970174561
			54.148505752009	-47.5083970174561
			54.1089812952557	-47.5083970174561
			54.0694568385024	-47.5083970174561
			54.0299323817492	-47.5083970174561
			53.9904079249959	-47.5083970174561
			53.9508834682426	-47.5083970174561
			53.9113590114893	-47.5083970174561
			53.871834554736	-47.5083970174561
			53.8323100979827	-47.5083970174561
			53.7927856412294	-47.5083970174561
			53.7532611844761	-47.5083970174561
			53.7137367277228	-47.5083970174561
			53.6742122709695	-47.5083970174561
			53.6346878142162	-47.5083970174561
			53.595163357463	-47.5083970174561
			53.5556389007097	-47.5083970174561
			53.5161144439564	-47.5083970174561
			53.4765899872031	-47.5083970174561
			53.4370655304498	-47.5083970174561
			53.3975410736965	-47.5083970174561
			53.3580166169432	-47.4688725607028
			53.3184921601899	-47.4688725607028
			53.2789677034366	-47.4688725607028
			53.2394432466833	-47.4688725607028
			53.19991878993	-47.4688725607028
			53.1603943331767	-47.4688725607028
			53.1208698764235	-47.4688725607028
			53.0813454196702	-47.4688725607028
			53.0418209629169	-47.4688725607028
			53.0022965061636	-47.4688725607028
			52.9627720494103	-47.4688725607028
			52.923247592657	-47.4688725607028
			52.8837231359037	-47.4688725607028
			52.8441986791504	-47.4688725607028
			52.8046742223971	-47.4688725607028
			52.7651497656438	-47.4688725607028
			52.7256253088905	-47.4688725607028
			52.6861008521373	-47.4688725607028
			52.646576395384	-47.4293481039495
			52.6070519386307	-47.4293481039495
			52.5675274818774	-47.4293481039495
			52.5280030251241	-47.4293481039495
			52.4884785683708	-47.4293481039495
			52.4489541116175	-47.4293481039495
			52.4094296548642	-47.4293481039495
			52.3699051981109	-47.4293481039495
			52.3303807413576	-47.4293481039495
			52.2908562846043	-47.4293481039495
			52.251331827851	-47.4293481039495
			52.2118073710978	-47.4293481039495
			52.1722829143445	-47.4293481039495
			52.1327584575912	-47.4293481039495
			52.0932340008379	-47.4293481039495
			52.0537095440846	-47.3898236471962
			52.0141850873313	-47.3898236471962
			51.974660630578	-47.3898236471962
			51.9351361738247	-47.3898236471962
			51.8956117170714	-47.3898236471962
			51.8560872603181	-47.3898236471962
			51.8165628035648	-47.3898236471962
			51.7770383468116	-47.3898236471962
			51.7375138900583	-47.3898236471962
			51.697989433305	-47.3898236471962
			51.6584649765517	-47.3898236471962
			51.6189405197984	-47.3898236471962
			51.5794160630451	-47.3898236471962
			51.5398916062918	-47.3898236471962
			51.5003671495385	-47.3898236471962
			51.4608426927852	-47.3898236471962
			51.4213182360319	-47.3898236471962
			51.4213182360319	-47.4293481039495
			51.3817937792786	-47.4293481039495
			51.3422693225253	-47.4293481039495
			51.3027448657721	-47.4293481039495
			51.2632204090188	-47.4293481039495
			51.2236959522655	-47.4293481039495
			51.1841714955122	-47.4293481039495
			51.1446470387589	-47.4293481039495
			51.1051225820056	-47.4293481039495
			51.0655981252523	-47.4293481039495
			51.026073668499	-47.4293481039495
			50.9865492117457	-47.4293481039495
			50.9470247549924	-47.4293481039495
			50.9075002982391	-47.4293481039495
			50.8679758414859	-47.4293481039495
			50.8284513847326	-47.4293481039495
			50.7889269279793	-47.4293481039495
			50.749402471226	-47.4293481039495
			50.7098780144727	-47.4293481039495
			50.6703535577194	-47.4688725607028
			50.6308291009661	-47.4688725607028
			50.5913046442128	-47.4688725607028
			50.5517801874595	-47.4688725607028
			50.5122557307062	-47.4688725607028
			50.4727312739529	-47.4688725607028
			50.4332068171997	-47.4688725607028
			50.3936823604464	-47.4688725607028
			50.3541579036931	-47.4688725607028
			50.3146334469398	-47.4688725607028
			50.2751089901865	-47.4688725607028
			50.2355845334332	-47.4688725607028
			50.1960600766799	-47.4688725607028
			50.1565356199266	-47.4688725607028
			50.1170111631733	-47.4688725607028
			50.07748670642	-47.4688725607028
			50.0379622496667	-47.4688725607028
			49.9984377929134	-47.5083970174561
			49.9589133361602	-47.5083970174561
			49.9193888794069	-47.5083970174561
			49.8798644226536	-47.5083970174561
			49.8403399659003	-47.5083970174561
			49.800815509147	-47.5083970174561
			49.7612910523937	-47.5083970174561
			49.7217665956404	-47.5083970174561
			49.6822421388871	-47.5083970174561
			49.6427176821338	-47.5083970174561
			49.6031932253805	-47.5083970174561
			49.5636687686272	-47.5083970174561
			49.524144311874	-47.5083970174561
			49.4846198551207	-47.5083970174561
			49.4450953983674	-47.5083970174561
			49.4055709416141	-47.5083970174561
			49.3660464848608	-47.5479214742094
			49.3265220281075	-47.5479214742094
			49.2869975713542	-47.5479214742094
			49.2474731146009	-47.5479214742094
			49.2079486578476	-47.5479214742094
			49.1684242010943	-47.5479214742094
			49.128899744341	-47.5479214742094
			49.0893752875877	-47.5479214742094
			49.0498508308345	-47.5479214742094
			49.0103263740812	-47.5479214742094
			48.9708019173279	-47.5479214742094
			48.9312774605746	-47.5479214742094
			48.8917530038213	-47.5479214742094
			48.852228547068	-47.5479214742094
			48.8127040903147	-47.5479214742094
			48.7731796335614	-47.5479214742094
			48.7336551768081	-47.5874459309627
			48.6941307200548	-47.5874459309627
			48.6546062633015	-47.5874459309627
			48.6150818065483	-47.5874459309627
			48.575557349795	-47.5874459309627
			48.5360328930417	-47.5874459309627
			48.4965084362884	-47.5874459309627
			48.4569839795351	-47.5874459309627
			48.4174595227818	-47.5874459309627
			48.3779350660285	-47.5874459309627
			48.3384106092752	-47.5874459309627
			48.2988861525219	-47.5874459309627
			48.2593616957686	-47.5874459309627
			48.2198372390153	-47.5874459309627
			48.180312782262	-47.5874459309627
			48.1407883255088	-47.626970387716
			48.1012638687555	-47.626970387716
			48.0617394120022	-47.626970387716
			48.0222149552489	-47.626970387716
			47.9826904984956	-47.626970387716
			47.9431660417423	-47.626970387716
			47.903641584989	-47.626970387716
			47.8641171282357	-47.626970387716
			47.8245926714824	-47.626970387716
			47.7850682147291	-47.626970387716
			47.7455437579758	-47.626970387716
			47.7060193012226	-47.626970387716
			47.6664948444693	-47.626970387716
			47.626970387716	-47.626970387716
			47.5874459309627	-47.626970387716
			47.5479214742094	-47.6664948444693
			47.5083970174561	-47.6664948444693
			47.4688725607028	-47.6664948444693
			47.4293481039495	-47.6664948444693
			47.3898236471962	-47.6664948444693
			47.3502991904429	-47.6664948444693
			47.3107747336896	-47.6664948444693
			47.2712502769363	-47.6664948444693
			47.2317258201831	-47.6664948444693
			47.1922013634298	-47.6664948444693
			47.1526769066765	-47.6664948444693
			47.1131524499232	-47.6664948444693
			47.0736279931699	-47.6664948444693
			47.0341035364166	-47.6664948444693
			46.9945790796633	-47.6664948444693
			46.95505462291	-47.7060193012226
			46.9155301661567	-47.7060193012226
			46.8760057094034	-47.7060193012226
			46.8364812526501	-47.7060193012226
			46.7969567958969	-47.7060193012226
			46.7574323391436	-47.7060193012226
			46.7179078823903	-47.7060193012226
			46.678383425637	-47.7060193012226
			46.6388589688837	-47.7060193012226
			46.5993345121304	-47.7060193012226
			46.5598100553771	-47.7060193012226
			46.5202855986238	-47.7060193012226
			46.4807611418705	-47.7060193012226
			46.4412366851172	-47.7060193012226
			46.4017122283639	-47.7455437579758
			46.3621877716106	-47.7455437579758
			46.3226633148574	-47.7455437579758
			46.2831388581041	-47.7455437579758
			46.2436144013508	-47.7455437579758
			46.2040899445975	-47.7455437579758
			46.1645654878442	-47.7455437579758
			46.1250410310909	-47.7455437579758
			46.0855165743376	-47.7455437579758
			46.0459921175843	-47.7455437579758
			46.006467660831	-47.7455437579758
			45.9669432040777	-47.7455437579758
			45.9274187473244	-47.7455437579758
			45.8878942905712	-47.7455437579758
			45.8483698338179	-47.7455437579758
			45.8088453770646	-47.7850682147291
			45.7693209203113	-47.7850682147291
			45.729796463558	-47.7850682147291
			45.6902720068047	-47.7850682147291
			45.6507475500514	-47.7850682147291
			45.6112230932981	-47.7850682147291
			45.5716986365448	-47.7850682147291
			45.5321741797915	-47.7850682147291
			45.4926497230382	-47.7850682147291
			45.4531252662849	-47.7850682147291
			45.4136008095317	-47.7850682147291
			45.3740763527784	-47.7850682147291
			45.3345518960251	-47.7850682147291
			45.2950274392718	-47.7850682147291
			45.2555029825185	-47.8245926714824
			45.2159785257652	-47.8245926714824
			45.1764540690119	-47.8245926714824
			45.1369296122586	-47.8245926714824
			45.0974051555053	-47.8245926714824
			45.057880698752	-47.8245926714824
			45.0183562419987	-47.8245926714824
			44.9788317852455	-47.8245926714824
			44.9393073284922	-47.8245926714824
			44.8997828717389	-47.8245926714824
			44.8602584149856	-47.8245926714824
			44.8207339582323	-47.8245926714824
			44.781209501479	-47.8245926714824
			44.7416850447257	-47.8245926714824
			44.7021605879724	-47.8641171282357
			44.6626361312191	-47.8641171282357
			44.6231116744658	-47.8641171282357
			44.5835872177125	-47.8641171282357
			44.5440627609592	-47.8641171282357
			44.504538304206	-47.8641171282357
			44.4650138474527	-47.8641171282357
			44.4254893906994	-47.8641171282357
			44.3859649339461	-47.8641171282357
			44.3464404771928	-47.8641171282357
			44.3069160204395	-47.8641171282357
			44.2673915636862	-47.8641171282357
			44.2278671069329	-47.8641171282357
			44.1883426501796	-47.8641171282357
			44.1488181934263	-47.8641171282357
			44.1488181934263	-47.903641584989
			44.109293736673	-47.903641584989
			44.0697692799198	-47.903641584989
			44.0302448231665	-47.903641584989
			43.9907203664132	-47.903641584989
			43.9511959096599	-47.903641584989
			43.9116714529066	-47.903641584989
			43.8721469961533	-47.903641584989
			43.8326225394	-47.903641584989
			43.7930980826467	-47.903641584989
			43.7535736258934	-47.903641584989
			43.7140491691401	-47.903641584989
			43.6745247123868	-47.903641584989
			43.6350002556336	-47.903641584989
			43.5954757988803	-47.9431660417423
			43.555951342127	-47.9431660417423
			43.5164268853737	-47.9431660417423
			43.4769024286204	-47.9431660417423
			43.4373779718671	-47.9431660417423
			43.3978535151138	-47.9431660417423
			43.3583290583605	-47.9431660417423
			43.3188046016072	-47.9431660417423
			43.2792801448539	-47.9431660417423
			43.2397556881006	-47.9431660417423
			43.2002312313474	-47.9431660417423
			43.1607067745941	-47.9431660417423
			43.1211823178408	-47.9431660417423
			43.0816578610875	-47.9431660417423
			43.0421334043342	-47.9431660417423
			43.0026089475809	-47.9431660417423
			42.9630844908276	-47.9431660417423
			42.9235600340743	-47.9431660417423
			42.884035577321	-47.9431660417423
			42.8445111205677	-47.9431660417423
			42.8049866638144	-47.9431660417423
			42.7654622070611	-47.9826904984956
			42.7259377503079	-47.9826904984956
			42.6864132935546	-47.9826904984956
			42.6468888368013	-47.9826904984956
			42.607364380048	-47.9826904984956
			42.5678399232947	-47.9826904984956
			42.5283154665414	-47.9826904984956
			42.4887910097881	-47.9826904984956
			42.4492665530348	-47.9826904984956
			42.4097420962815	-47.9826904984956
			42.3702176395282	-47.9826904984956
			42.3306931827749	-47.9826904984956
			42.2911687260217	-47.9826904984956
			42.2516442692684	-47.9826904984956
			42.2121198125151	-47.9826904984956
			42.1725953557618	-47.9826904984956
			42.1330708990085	-47.9826904984956
			42.0935464422552	-47.9826904984956
			42.0540219855019	-47.9826904984956
			42.0144975287486	-47.9826904984956
			41.9749730719953	-47.9826904984956
			41.935448615242	-47.9826904984956
			41.8959241584887	-47.9826904984956
			41.8563997017354	-47.9826904984956
			41.8168752449822	-47.9826904984956
			41.7773507882289	-47.9826904984956
			41.7378263314756	-47.9826904984956
			41.6983018747223	-47.9826904984956
			41.658777417969	-47.9826904984956
			41.6192529612157	-47.9826904984956
			41.5797285044624	-47.9826904984956
			41.5402040477091	-47.9826904984956
			41.5006795909558	-47.9826904984956
			41.4611551342025	-47.9826904984956
			41.4216306774492	-47.9826904984956
			41.382106220696	-47.9826904984956
			41.3425817639427	-47.9826904984956
			41.3030573071894	-47.9826904984956
			41.2635328504361	-47.9826904984956
			41.2240083936828	-47.9826904984956
			41.1844839369295	-47.9826904984956
			41.1449594801762	-47.9826904984956
			41.1054350234229	-47.9826904984956
			41.0659105666696	-47.9826904984956
			41.0263861099163	-47.9826904984956
			40.986861653163	-47.9431660417423
			40.9473371964097	-47.9431660417423
			40.9078127396565	-47.9431660417423
			40.8682882829032	-47.9431660417423
			40.8287638261499	-47.9431660417423
			40.7892393693966	-47.9431660417423
			40.7497149126433	-47.9431660417423
			40.71019045589	-47.9431660417423
			40.6706659991367	-47.9431660417423
			40.6311415423834	-47.9431660417423
			40.5916170856301	-47.9431660417423
			40.5520926288768	-47.9431660417423
			40.5125681721235	-47.9431660417423
			40.4730437153703	-47.9431660417423
			40.433519258617	-47.9431660417423
			40.3939948018637	-47.9431660417423
			40.3544703451104	-47.9431660417423
			40.3149458883571	-47.9431660417423
			40.2754214316038	-47.9431660417423
			40.2358969748505	-47.9431660417423
			40.1963725180972	-47.9431660417423
			40.1568480613439	-47.9431660417423
			40.1173236045906	-47.9431660417423
			40.0777991478373	-47.9431660417423
			40.038274691084	-47.903641584989
			39.9987502343308	-47.903641584989
			39.9592257775775	-47.903641584989
			39.9197013208242	-47.903641584989
			39.8801768640709	-47.903641584989
			39.8406524073176	-47.903641584989
			39.8011279505643	-47.903641584989
			39.761603493811	-47.903641584989
			39.7220790370577	-47.903641584989
		</c2>
	</curves.scaled>
	<ruler.points type=matrix rownames=TRUE colnames=FALSE nrow=2 ncol=2 as.numeric=TRUE >
		Ruler point 1	2161	273
		Ruler point 2	2414	271
	</ruler.points>
</shapes>

