<shapes type=list>
	<ruler.pixel type=vector names=FALSE length=1 as.numeric=TRUE >253.007905014843</ruler.pixel>
	<ruler.interval type=vector names=FALSE length=1 as.numeric=TRUE >10</ruler.interval>
	<scaling.units type=vector names=FALSE length=1 as.numeric=FALSE >undefined</scaling.units>
	<scaling type=vector names=FALSE length=1 as.numeric=TRUE >0.0395244567532913</scaling>
	<landmarks.pixel type=matrix rownames=TRUE colnames=FALSE nrow=2 ncol=2 as.numeric=TRUE >
		LM1	977	1220
		LM2	1486	1219
	</landmarks.pixel>
	<landmarks.scaled type=matrix rownames=TRUE colnames=FALSE nrow=2 ncol=2 as.numeric=TRUE >
		LM1	38.6153942479656	-48.2198372390153
		LM2	58.7333427353908	-48.180312782262
	</landmarks.scaled>
	<curves.control type=list>
		<c1 type=matrix rownames=FALSE colnames=FALSE nrow=13 ncol=2 as.numeric=TRUE >
			977	1220
			1021	1170
			1045	1162
			1114	1092
			1186	1077
			1253	1057
			1267	1061
			1314	1041
			1371	1081
			1401	1087
			1438	1136
			1459	1165
			1486	1219
		</c1>
		<c2 type=matrix rownames=FALSE colnames=FALSE nrow=11 ncol=2 as.numeric=TRUE >
			1486	1219
			1467	1224
			1445	1218
			1395	1220
			1318	1210
			1290	1217
			1255	1207
			1179	1214
			1157	1209
			1063	1215
			977	1220
		</c2>
	</curves.control>
	<curves.pixel type=list>
		<c1 type=matrix rownames=FALSE colnames=FALSE nrow=580 ncol=2 as.numeric=TRUE >
			977	1220
			978	1219
			979	1218
			979	1217
			980	1216
			981	1215
			982	1214
			983	1214
			984	1213
			984	1212
			985	1211
			986	1210
			987	1209
			988	1208
			989	1207
			990	1206
			991	1205
			992	1204
			993	1203
			994	1202
			995	1201
			995	1200
			996	1199
			997	1198
			998	1197
			999	1196
			1000	1195
			1001	1195
			1002	1194
			1002	1193
			1003	1192
			1004	1191
			1005	1190
			1006	1190
			1007	1189
			1008	1188
			1008	1187
			1009	1187
			1010	1186
			1011	1185
			1012	1184
			1013	1183
			1014	1182
			1015	1181
			1016	1181
			1017	1180
			1018	1179
			1019	1178
			1020	1177
			1021	1177
			1021	1176
			1022	1175
			1023	1175
			1024	1174
			1025	1173
			1026	1173
			1027	1172
			1028	1171
			1029	1170
			1030	1170
			1031	1169
			1032	1168
			1033	1168
			1034	1167
			1035	1167
			1036	1166
			1037	1166
			1038	1165
			1039	1164
			1040	1164
			1041	1163
			1042	1163
			1043	1163
			1044	1162
			1045	1162
			1046	1161
			1047	1160
			1048	1159
			1049	1158
			1050	1157
			1051	1156
			1052	1155
			1053	1154
			1054	1153
			1055	1152
			1056	1151
			1057	1150
			1058	1149
			1059	1148
			1060	1147
			1061	1146
			1062	1146
			1063	1145
			1064	1144
			1065	1143
			1066	1142
			1067	1141
			1068	1140
			1069	1139
			1070	1139
			1071	1138
			1072	1137
			1073	1136
			1074	1135
			1075	1134
			1076	1134
			1077	1133
			1078	1132
			1079	1131
			1080	1130
			1081	1130
			1082	1129
			1083	1128
			1084	1127
			1085	1127
			1086	1126
			1087	1125
			1088	1124
			1089	1124
			1090	1123
			1091	1122
			1092	1121
			1093	1120
			1094	1119
			1095	1119
			1096	1118
			1097	1117
			1098	1116
			1099	1116
			1100	1115
			1101	1115
			1102	1114
			1103	1113
			1104	1113
			1104	1112
			1105	1112
			1106	1111
			1107	1111
			1108	1110
			1109	1109
			1110	1109
			1110	1108
			1111	1108
			1112	1107
			1113	1107
			1114	1106
			1115	1106
			1116	1105
			1117	1104
			1118	1104
			1119	1103
			1120	1102
			1121	1102
			1122	1101
			1123	1101
			1124	1101
			1124	1100
			1125	1100
			1126	1100
			1126	1099
			1127	1099
			1128	1098
			1129	1098
			1130	1097
			1131	1097
			1132	1096
			1133	1096
			1134	1095
			1135	1095
			1136	1094
			1137	1094
			1138	1093
			1139	1093
			1140	1092
			1141	1092
			1142	1091
			1143	1091
			1144	1090
			1145	1090
			1146	1090
			1146	1089
			1147	1089
			1148	1089
			1149	1089
			1150	1088
			1151	1088
			1152	1087
			1153	1087
			1154	1086
			1155	1086
			1156	1086
			1157	1085
			1158	1085
			1159	1085
			1160	1084
			1161	1084
			1162	1084
			1163	1083
			1164	1083
			1165	1082
			1166	1082
			1167	1082
			1168	1082
			1169	1081
			1170	1081
			1171	1081
			1172	1080
			1173	1080
			1174	1080
			1175	1080
			1176	1079
			1177	1079
			1178	1079
			1179	1079
			1180	1078
			1181	1078
			1182	1078
			1183	1078
			1184	1077
			1185	1077
			1186	1077
			1187	1077
			1188	1076
			1189	1076
			1190	1076
			1191	1075
			1192	1075
			1193	1075
			1194	1075
			1195	1074
			1196	1074
			1197	1074
			1198	1073
			1199	1073
			1200	1073
			1201	1073
			1202	1072
			1203	1072
			1204	1072
			1205	1072
			1206	1071
			1207	1071
			1208	1071
			1209	1070
			1210	1070
			1211	1070
			1212	1070
			1213	1069
			1214	1069
			1215	1069
			1216	1069
			1217	1068
			1218	1068
			1219	1068
			1220	1068
			1220	1067
			1221	1067
			1222	1067
			1223	1067
			1224	1067
			1225	1066
			1226	1066
			1227	1066
			1228	1065
			1229	1065
			1230	1065
			1231	1065
			1232	1065
			1233	1064
			1234	1064
			1235	1064
			1236	1064
			1237	1063
			1238	1063
			1239	1063
			1240	1063
			1241	1063
			1242	1063
			1243	1062
			1244	1062
			1245	1062
			1246	1062
			1247	1062
			1248	1062
			1248	1061
			1249	1061
			1250	1061
			1251	1061
			1252	1061
			1253	1061
			1254	1061
			1255	1061
			1256	1061
			1257	1061
			1257	1060
			1258	1060
			1259	1060
			1260	1060
			1261	1060
			1262	1060
			1263	1060
			1264	1060
			1265	1061
			1266	1061
			1267	1061
			1268	1061
			1269	1060
			1270	1060
			1271	1059
			1272	1059
			1273	1059
			1274	1058
			1275	1058
			1276	1058
			1277	1058
			1278	1057
			1279	1057
			1280	1057
			1281	1056
			1282	1056
			1283	1056
			1284	1056
			1285	1056
			1286	1055
			1287	1055
			1288	1055
			1289	1055
			1290	1055
			1291	1055
			1292	1055
			1293	1055
			1294	1055
			1295	1054
			1296	1054
			1297	1054
			1298	1054
			1299	1054
			1300	1054
			1301	1054
			1302	1054
			1303	1054
			1304	1054
			1305	1055
			1306	1055
			1307	1055
			1308	1055
			1309	1055
			1310	1055
			1311	1055
			1312	1055
			1313	1055
			1314	1056
			1315	1056
			1316	1056
			1317	1056
			1318	1056
			1319	1057
			1320	1057
			1321	1057
			1322	1057
			1323	1057
			1323	1058
			1324	1058
			1325	1058
			1326	1058
			1327	1059
			1328	1059
			1329	1059
			1330	1059
			1331	1060
			1332	1060
			1333	1061
			1334	1061
			1335	1061
			1336	1062
			1337	1062
			1338	1063
			1339	1063
			1340	1063
			1341	1064
			1342	1064
			1343	1065
			1344	1065
			1345	1066
			1346	1066
			1347	1066
			1347	1067
			1348	1067
			1349	1068
			1350	1068
			1351	1068
			1351	1069
			1352	1069
			1353	1070
			1354	1070
			1355	1071
			1356	1072
			1357	1072
			1358	1073
			1359	1073
			1360	1074
			1361	1074
			1362	1075
			1363	1076
			1364	1076
			1365	1077
			1366	1078
			1367	1078
			1368	1079
			1369	1080
			1370	1080
			1371	1081
			1372	1081
			1373	1081
			1374	1082
			1375	1082
			1376	1082
			1377	1083
			1378	1083
			1379	1083
			1380	1084
			1381	1084
			1382	1085
			1383	1085
			1384	1086
			1385	1086
			1386	1086
			1386	1087
			1387	1087
			1388	1087
			1388	1088
			1389	1088
			1390	1089
			1391	1089
			1392	1090
			1393	1090
			1394	1091
			1394	1092
			1395	1092
			1396	1093
			1397	1093
			1398	1094
			1399	1094
			1399	1095
			1400	1096
			1401	1096
			1402	1097
			1403	1098
			1404	1098
			1404	1099
			1405	1100
			1406	1101
			1407	1101
			1408	1102
			1409	1103
			1410	1104
			1410	1105
			1411	1105
			1412	1106
			1413	1107
			1414	1108
			1415	1109
			1416	1110
			1417	1111
			1418	1112
			1419	1113
			1420	1114
			1421	1115
			1422	1116
			1422	1117
			1423	1118
			1424	1119
			1425	1120
			1426	1121
			1427	1122
			1428	1123
			1428	1124
			1429	1124
			1429	1125
			1430	1126
			1431	1127
			1432	1128
			1433	1129
			1434	1130
			1434	1131
			1435	1132
			1436	1133
			1436	1134
			1437	1135
			1438	1136
			1439	1137
			1439	1138
			1440	1139
			1441	1140
			1442	1141
			1442	1142
			1443	1143
			1443	1144
			1444	1144
			1444	1145
			1445	1146
			1445	1147
			1446	1147
			1446	1148
			1447	1149
			1447	1150
			1448	1150
			1448	1151
			1449	1152
			1449	1153
			1450	1154
			1451	1155
			1451	1156
			1452	1157
			1453	1158
			1453	1159
			1454	1160
			1455	1161
			1455	1162
			1456	1163
			1456	1164
			1457	1165
			1457	1166
			1458	1167
			1459	1168
			1459	1169
			1460	1170
			1460	1171
			1461	1172
			1461	1173
			1462	1173
			1462	1174
			1463	1175
			1463	1176
			1464	1177
			1464	1178
			1465	1178
			1465	1179
			1466	1180
			1466	1181
			1467	1182
			1467	1183
			1467	1184
			1468	1184
			1468	1185
			1469	1186
			1469	1187
			1470	1188
			1470	1189
			1471	1190
			1471	1191
			1472	1192
			1472	1193
			1473	1194
			1474	1195
			1474	1196
			1475	1197
			1475	1198
			1476	1199
			1476	1200
			1477	1201
			1477	1202
			1478	1203
			1479	1204
			1479	1205
			1480	1206
			1480	1207
			1481	1208
			1481	1209
			1482	1210
			1482	1211
			1482	1212
			1483	1213
			1484	1214
			1484	1215
			1484	1216
			1485	1216
			1485	1217
			1485	1218
			1486	1219
		</c1>
		<c2 type=matrix rownames=FALSE colnames=FALSE nrow=513 ncol=2 as.numeric=TRUE >
			1486	1219
			1485	1219
			1484	1220
			1483	1220
			1482	1220
			1481	1220
			1480	1220
			1479	1220
			1478	1221
			1477	1221
			1476	1221
			1475	1221
			1474	1221
			1473	1221
			1472	1221
			1471	1221
			1470	1221
			1469	1221
			1468	1221
			1467	1221
			1466	1221
			1465	1221
			1464	1221
			1463	1221
			1462	1221
			1461	1221
			1460	1221
			1459	1221
			1458	1221
			1457	1220
			1456	1220
			1455	1220
			1454	1220
			1453	1220
			1452	1220
			1451	1219
			1450	1219
			1449	1219
			1448	1219
			1447	1219
			1446	1218
			1445	1218
			1444	1218
			1443	1218
			1442	1218
			1441	1218
			1440	1218
			1439	1218
			1438	1218
			1437	1218
			1436	1218
			1435	1218
			1434	1218
			1433	1218
			1432	1218
			1431	1218
			1430	1218
			1429	1218
			1428	1218
			1427	1218
			1426	1218
			1425	1218
			1424	1218
			1423	1218
			1422	1218
			1421	1218
			1420	1218
			1419	1218
			1418	1218
			1417	1218
			1416	1218
			1415	1218
			1414	1218
			1413	1218
			1412	1218
			1411	1218
			1410	1218
			1409	1218
			1408	1218
			1407	1218
			1406	1218
			1405	1218
			1404	1218
			1403	1218
			1402	1218
			1401	1218
			1400	1218
			1399	1218
			1398	1218
			1397	1217
			1396	1217
			1395	1217
			1394	1217
			1393	1217
			1392	1217
			1391	1217
			1390	1217
			1389	1217
			1388	1217
			1387	1217
			1386	1217
			1385	1217
			1384	1217
			1383	1217
			1382	1217
			1381	1217
			1380	1216
			1379	1216
			1378	1216
			1377	1216
			1376	1216
			1375	1216
			1374	1216
			1373	1216
			1372	1216
			1371	1216
			1370	1216
			1369	1216
			1368	1215
			1367	1215
			1366	1215
			1365	1215
			1364	1215
			1363	1215
			1362	1215
			1361	1215
			1360	1215
			1359	1215
			1358	1215
			1357	1214
			1356	1214
			1355	1214
			1354	1214
			1353	1214
			1352	1214
			1351	1214
			1350	1214
			1349	1214
			1348	1214
			1347	1213
			1346	1213
			1345	1213
			1344	1213
			1343	1213
			1342	1213
			1341	1213
			1340	1213
			1339	1213
			1338	1212
			1337	1212
			1336	1212
			1335	1212
			1334	1212
			1333	1212
			1332	1212
			1331	1212
			1330	1211
			1329	1211
			1328	1211
			1327	1211
			1326	1211
			1325	1211
			1324	1211
			1323	1211
			1322	1211
			1321	1210
			1320	1210
			1319	1210
			1318	1210
			1317	1210
			1316	1210
			1316	1211
			1315	1211
			1314	1211
			1313	1211
			1312	1211
			1311	1212
			1310	1212
			1309	1212
			1308	1212
			1307	1212
			1306	1212
			1305	1212
			1304	1212
			1303	1213
			1302	1213
			1301	1213
			1300	1213
			1299	1213
			1298	1213
			1297	1213
			1296	1213
			1295	1213
			1294	1213
			1293	1213
			1292	1213
			1291	1213
			1290	1213
			1289	1213
			1288	1213
			1287	1213
			1286	1213
			1285	1213
			1284	1213
			1283	1212
			1282	1212
			1281	1212
			1280	1212
			1279	1212
			1278	1212
			1277	1212
			1276	1212
			1275	1211
			1274	1211
			1273	1211
			1272	1211
			1271	1211
			1270	1211
			1269	1210
			1268	1210
			1267	1210
			1266	1210
			1265	1209
			1264	1209
			1263	1209
			1262	1209
			1261	1209
			1260	1208
			1259	1208
			1258	1208
			1257	1208
			1257	1207
			1256	1207
			1255	1207
			1254	1207
			1253	1207
			1252	1207
			1251	1207
			1250	1207
			1249	1208
			1248	1208
			1247	1208
			1246	1208
			1245	1208
			1244	1208
			1243	1208
			1242	1208
			1241	1208
			1240	1208
			1239	1208
			1238	1208
			1237	1209
			1236	1209
			1235	1209
			1234	1209
			1233	1209
			1232	1209
			1231	1209
			1230	1209
			1229	1209
			1228	1209
			1227	1209
			1226	1209
			1225	1209
			1224	1209
			1224	1210
			1223	1210
			1222	1210
			1221	1210
			1220	1210
			1219	1210
			1218	1210
			1217	1210
			1216	1210
			1215	1210
			1214	1210
			1213	1210
			1212	1210
			1211	1210
			1210	1210
			1209	1210
			1208	1210
			1207	1211
			1206	1211
			1205	1211
			1204	1211
			1203	1211
			1202	1211
			1201	1211
			1200	1211
			1199	1211
			1198	1211
			1197	1211
			1196	1211
			1195	1211
			1194	1211
			1193	1211
			1192	1211
			1191	1211
			1190	1211
			1189	1211
			1188	1211
			1187	1211
			1186	1211
			1185	1211
			1184	1211
			1183	1211
			1182	1211
			1181	1211
			1180	1211
			1179	1211
			1178	1211
			1177	1211
			1176	1211
			1175	1211
			1174	1211
			1173	1211
			1172	1211
			1171	1211
			1170	1211
			1169	1211
			1168	1211
			1167	1210
			1166	1210
			1165	1210
			1164	1210
			1163	1210
			1162	1210
			1161	1210
			1160	1210
			1159	1209
			1158	1209
			1157	1209
			1156	1209
			1155	1209
			1154	1209
			1153	1209
			1152	1209
			1151	1209
			1150	1209
			1149	1209
			1148	1210
			1147	1210
			1146	1210
			1145	1210
			1144	1210
			1143	1210
			1142	1210
			1141	1210
			1140	1210
			1139	1210
			1138	1210
			1137	1210
			1136	1210
			1135	1210
			1134	1210
			1133	1211
			1132	1211
			1131	1211
			1130	1211
			1129	1211
			1128	1211
			1127	1211
			1126	1211
			1125	1211
			1124	1211
			1123	1211
			1122	1211
			1121	1211
			1120	1211
			1119	1211
			1118	1211
			1117	1212
			1116	1212
			1115	1212
			1114	1212
			1113	1212
			1112	1212
			1111	1212
			1110	1212
			1109	1212
			1108	1212
			1107	1212
			1106	1212
			1105	1212
			1104	1212
			1103	1212
			1102	1212
			1101	1213
			1100	1213
			1099	1213
			1098	1213
			1097	1213
			1096	1213
			1095	1213
			1094	1213
			1093	1213
			1092	1213
			1091	1213
			1090	1213
			1089	1213
			1088	1213
			1087	1213
			1086	1213
			1085	1214
			1084	1214
			1083	1214
			1082	1214
			1081	1214
			1080	1214
			1079	1214
			1078	1214
			1077	1214
			1076	1214
			1075	1214
			1074	1214
			1073	1214
			1072	1214
			1071	1214
			1070	1214
			1069	1215
			1068	1215
			1067	1215
			1066	1215
			1065	1215
			1064	1215
			1063	1215
			1062	1215
			1061	1215
			1060	1215
			1059	1215
			1058	1215
			1057	1215
			1056	1215
			1055	1215
			1054	1215
			1053	1215
			1052	1216
			1051	1216
			1050	1216
			1049	1216
			1048	1216
			1047	1216
			1046	1216
			1045	1216
			1044	1216
			1043	1216
			1042	1216
			1041	1216
			1040	1216
			1039	1216
			1038	1216
			1037	1216
			1036	1217
			1035	1217
			1034	1217
			1033	1217
			1032	1217
			1031	1217
			1030	1217
			1029	1217
			1028	1217
			1027	1217
			1026	1217
			1025	1217
			1024	1217
			1023	1217
			1022	1217
			1021	1217
			1020	1217
			1019	1218
			1018	1218
			1017	1218
			1016	1218
			1015	1218
			1014	1218
			1013	1218
			1012	1218
			1011	1218
			1010	1218
			1009	1218
			1008	1218
			1007	1218
			1006	1218
			1005	1218
			1004	1218
			1003	1218
			1002	1219
			1001	1219
			1000	1219
			999	1219
			998	1219
			997	1219
			996	1219
			995	1219
			994	1219
			993	1219
			992	1219
			991	1219
			990	1219
			989	1219
			988	1219
			987	1219
			986	1220
			985	1220
			984	1220
			983	1220
			982	1220
			981	1220
			980	1220
			979	1220
			978	1220
			977	1220
		</c2>
	</curves.pixel>
	<curves.scaled type=list>
		<c1 type=matrix rownames=FALSE colnames=FALSE nrow=580 ncol=2 as.numeric=TRUE >
			38.6153942479656	-48.2198372390153
			38.6549187047189	-48.180312782262
			38.6944431614721	-48.1407883255088
			38.6944431614721	-48.1012638687555
			38.7339676182254	-48.0617394120022
			38.7734920749787	-48.0222149552489
			38.813016531732	-47.9826904984956
			38.8525409884853	-47.9826904984956
			38.8920654452386	-47.9431660417423
			38.8920654452386	-47.903641584989
			38.9315899019919	-47.8641171282357
			38.9711143587452	-47.8245926714824
			39.0106388154985	-47.7850682147291
			39.0501632722518	-47.7455437579758
			39.0896877290051	-47.7060193012226
			39.1292121857583	-47.6664948444693
			39.1687366425116	-47.626970387716
			39.2082610992649	-47.5874459309627
			39.2477855560182	-47.5479214742094
			39.2873100127715	-47.5083970174561
			39.3268344695248	-47.4688725607028
			39.3268344695248	-47.4293481039495
			39.3663589262781	-47.3898236471962
			39.4058833830314	-47.3502991904429
			39.4454078397847	-47.3107747336896
			39.484932296538	-47.2712502769363
			39.5244567532913	-47.2317258201831
			39.5639812100446	-47.2317258201831
			39.6035056667978	-47.1922013634298
			39.6035056667978	-47.1526769066765
			39.6430301235511	-47.1131524499232
			39.6825545803044	-47.0736279931699
			39.7220790370577	-47.0341035364166
			39.761603493811	-47.0341035364166
			39.8011279505643	-46.9945790796633
			39.8406524073176	-46.95505462291
			39.8406524073176	-46.9155301661567
			39.8801768640709	-46.9155301661567
			39.9197013208242	-46.8760057094034
			39.9592257775775	-46.8364812526501
			39.9987502343308	-46.7969567958969
			40.038274691084	-46.7574323391436
			40.0777991478373	-46.7179078823903
			40.1173236045906	-46.678383425637
			40.1568480613439	-46.678383425637
			40.1963725180972	-46.6388589688837
			40.2358969748505	-46.5993345121304
			40.2754214316038	-46.5598100553771
			40.3149458883571	-46.5202855986238
			40.3544703451104	-46.5202855986238
			40.3544703451104	-46.4807611418705
			40.3939948018637	-46.4412366851172
			40.433519258617	-46.4412366851172
			40.4730437153703	-46.4017122283639
			40.5125681721235	-46.3621877716106
			40.5520926288768	-46.3621877716106
			40.5916170856301	-46.3226633148574
			40.6311415423834	-46.2831388581041
			40.6706659991367	-46.2436144013508
			40.71019045589	-46.2436144013508
			40.7497149126433	-46.2040899445975
			40.7892393693966	-46.1645654878442
			40.8287638261499	-46.1645654878442
			40.8682882829032	-46.1250410310909
			40.9078127396565	-46.1250410310909
			40.9473371964097	-46.0855165743376
			40.986861653163	-46.0855165743376
			41.0263861099163	-46.0459921175843
			41.0659105666696	-46.006467660831
			41.1054350234229	-46.006467660831
			41.1449594801762	-45.9669432040777
			41.1844839369295	-45.9669432040777
			41.2240083936828	-45.9669432040777
			41.2635328504361	-45.9274187473244
			41.3030573071894	-45.9274187473244
			41.3425817639427	-45.8878942905712
			41.382106220696	-45.8483698338179
			41.4216306774492	-45.8088453770646
			41.4611551342025	-45.7693209203113
			41.5006795909558	-45.729796463558
			41.5402040477091	-45.6902720068047
			41.5797285044624	-45.6507475500514
			41.6192529612157	-45.6112230932981
			41.658777417969	-45.5716986365448
			41.6983018747223	-45.5321741797915
			41.7378263314756	-45.4926497230382
			41.7773507882289	-45.4531252662849
			41.8168752449822	-45.4136008095317
			41.8563997017354	-45.3740763527784
			41.8959241584887	-45.3345518960251
			41.935448615242	-45.2950274392718
			41.9749730719953	-45.2950274392718
			42.0144975287486	-45.2555029825185
			42.0540219855019	-45.2159785257652
			42.0935464422552	-45.1764540690119
			42.1330708990085	-45.1369296122586
			42.1725953557618	-45.0974051555053
			42.2121198125151	-45.057880698752
			42.2516442692684	-45.0183562419987
			42.2911687260217	-45.0183562419987
			42.3306931827749	-44.9788317852455
			42.3702176395282	-44.9393073284922
			42.4097420962815	-44.8997828717389
			42.4492665530348	-44.8602584149856
			42.4887910097881	-44.8207339582323
			42.5283154665414	-44.8207339582323
			42.5678399232947	-44.781209501479
			42.607364380048	-44.7416850447257
			42.6468888368013	-44.7021605879724
			42.6864132935546	-44.6626361312191
			42.7259377503079	-44.6626361312191
			42.7654622070611	-44.6231116744658
			42.8049866638144	-44.5835872177125
			42.8445111205677	-44.5440627609592
			42.884035577321	-44.5440627609592
			42.9235600340743	-44.504538304206
			42.9630844908276	-44.4650138474527
			43.0026089475809	-44.4254893906994
			43.0421334043342	-44.4254893906994
			43.0816578610875	-44.3859649339461
			43.1211823178408	-44.3464404771928
			43.1607067745941	-44.3069160204395
			43.2002312313474	-44.2673915636862
			43.2397556881006	-44.2278671069329
			43.2792801448539	-44.2278671069329
			43.3188046016072	-44.1883426501796
			43.3583290583605	-44.1488181934263
			43.3978535151138	-44.109293736673
			43.4373779718671	-44.109293736673
			43.4769024286204	-44.0697692799198
			43.5164268853737	-44.0697692799198
			43.555951342127	-44.0302448231665
			43.5954757988803	-43.9907203664132
			43.6350002556336	-43.9907203664132
			43.6350002556336	-43.9511959096599
			43.6745247123868	-43.9511959096599
			43.7140491691401	-43.9116714529066
			43.7535736258934	-43.9116714529066
			43.7930980826467	-43.8721469961533
			43.8326225394	-43.8326225394
			43.8721469961533	-43.8326225394
			43.8721469961533	-43.7930980826467
			43.9116714529066	-43.7930980826467
			43.9511959096599	-43.7535736258934
			43.9907203664132	-43.7535736258934
			44.0302448231665	-43.7140491691401
			44.0697692799198	-43.7140491691401
			44.109293736673	-43.6745247123868
			44.1488181934263	-43.6350002556336
			44.1883426501796	-43.6350002556336
			44.2278671069329	-43.5954757988803
			44.2673915636862	-43.555951342127
			44.3069160204395	-43.555951342127
			44.3464404771928	-43.5164268853737
			44.3859649339461	-43.5164268853737
			44.4254893906994	-43.5164268853737
			44.4254893906994	-43.4769024286204
			44.4650138474527	-43.4769024286204
			44.504538304206	-43.4769024286204
			44.504538304206	-43.4373779718671
			44.5440627609592	-43.4373779718671
			44.5835872177125	-43.3978535151138
			44.6231116744658	-43.3978535151138
			44.6626361312191	-43.3583290583605
			44.7021605879724	-43.3583290583605
			44.7416850447257	-43.3188046016072
			44.781209501479	-43.3188046016072
			44.8207339582323	-43.2792801448539
			44.8602584149856	-43.2792801448539
			44.8997828717389	-43.2397556881006
			44.9393073284922	-43.2397556881006
			44.9788317852455	-43.2002312313474
			45.0183562419987	-43.2002312313474
			45.057880698752	-43.1607067745941
			45.0974051555053	-43.1607067745941
			45.1369296122586	-43.1211823178408
			45.1764540690119	-43.1211823178408
			45.2159785257652	-43.0816578610875
			45.2555029825185	-43.0816578610875
			45.2950274392718	-43.0816578610875
			45.2950274392718	-43.0421334043342
			45.3345518960251	-43.0421334043342
			45.3740763527784	-43.0421334043342
			45.4136008095317	-43.0421334043342
			45.4531252662849	-43.0026089475809
			45.4926497230382	-43.0026089475809
			45.5321741797915	-42.9630844908276
			45.5716986365448	-42.9630844908276
			45.6112230932981	-42.9235600340743
			45.6507475500514	-42.9235600340743
			45.6902720068047	-42.9235600340743
			45.729796463558	-42.884035577321
			45.7693209203113	-42.884035577321
			45.8088453770646	-42.884035577321
			45.8483698338179	-42.8445111205677
			45.8878942905712	-42.8445111205677
			45.9274187473244	-42.8445111205677
			45.9669432040777	-42.8049866638144
			46.006467660831	-42.8049866638144
			46.0459921175843	-42.7654622070611
			46.0855165743376	-42.7654622070611
			46.1250410310909	-42.7654622070611
			46.1645654878442	-42.7654622070611
			46.2040899445975	-42.7259377503079
			46.2436144013508	-42.7259377503079
			46.2831388581041	-42.7259377503079
			46.3226633148574	-42.6864132935546
			46.3621877716106	-42.6864132935546
			46.4017122283639	-42.6864132935546
			46.4412366851172	-42.6864132935546
			46.4807611418705	-42.6468888368013
			46.5202855986238	-42.6468888368013
			46.5598100553771	-42.6468888368013
			46.5993345121304	-42.6468888368013
			46.6388589688837	-42.607364380048
			46.678383425637	-42.607364380048
			46.7179078823903	-42.607364380048
			46.7574323391436	-42.607364380048
			46.7969567958969	-42.5678399232947
			46.8364812526501	-42.5678399232947
			46.8760057094034	-42.5678399232947
			46.9155301661567	-42.5678399232947
			46.95505462291	-42.5283154665414
			46.9945790796633	-42.5283154665414
			47.0341035364166	-42.5283154665414
			47.0736279931699	-42.4887910097881
			47.1131524499232	-42.4887910097881
			47.1526769066765	-42.4887910097881
			47.1922013634298	-42.4887910097881
			47.2317258201831	-42.4492665530348
			47.2712502769363	-42.4492665530348
			47.3107747336896	-42.4492665530348
			47.3502991904429	-42.4097420962815
			47.3898236471962	-42.4097420962815
			47.4293481039495	-42.4097420962815
			47.4688725607028	-42.4097420962815
			47.5083970174561	-42.3702176395282
			47.5479214742094	-42.3702176395282
			47.5874459309627	-42.3702176395282
			47.626970387716	-42.3702176395282
			47.6664948444693	-42.3306931827749
			47.7060193012226	-42.3306931827749
			47.7455437579758	-42.3306931827749
			47.7850682147291	-42.2911687260217
			47.8245926714824	-42.2911687260217
			47.8641171282357	-42.2911687260217
			47.903641584989	-42.2911687260217
			47.9431660417423	-42.2516442692684
			47.9826904984956	-42.2516442692684
			48.0222149552489	-42.2516442692684
			48.0617394120022	-42.2516442692684
			48.1012638687555	-42.2121198125151
			48.1407883255088	-42.2121198125151
			48.180312782262	-42.2121198125151
			48.2198372390153	-42.2121198125151
			48.2198372390153	-42.1725953557618
			48.2593616957686	-42.1725953557618
			48.2988861525219	-42.1725953557618
			48.3384106092752	-42.1725953557618
			48.3779350660285	-42.1725953557618
			48.4174595227818	-42.1330708990085
			48.4569839795351	-42.1330708990085
			48.4965084362884	-42.1330708990085
			48.5360328930417	-42.0935464422552
			48.575557349795	-42.0935464422552
			48.6150818065483	-42.0935464422552
			48.6546062633015	-42.0935464422552
			48.6941307200548	-42.0935464422552
			48.7336551768081	-42.0540219855019
			48.7731796335614	-42.0540219855019
			48.8127040903147	-42.0540219855019
			48.852228547068	-42.0540219855019
			48.8917530038213	-42.0144975287486
			48.9312774605746	-42.0144975287486
			48.9708019173279	-42.0144975287486
			49.0103263740812	-42.0144975287486
			49.0498508308345	-42.0144975287486
			49.0893752875877	-42.0144975287486
			49.128899744341	-41.9749730719953
			49.1684242010943	-41.9749730719953
			49.2079486578476	-41.9749730719953
			49.2474731146009	-41.9749730719953
			49.2869975713542	-41.9749730719953
			49.3265220281075	-41.9749730719953
			49.3265220281075	-41.935448615242
			49.3660464848608	-41.935448615242
			49.4055709416141	-41.935448615242
			49.4450953983674	-41.935448615242
			49.4846198551207	-41.935448615242
			49.524144311874	-41.935448615242
			49.5636687686272	-41.935448615242
			49.6031932253805	-41.935448615242
			49.6427176821338	-41.935448615242
			49.6822421388871	-41.935448615242
			49.6822421388871	-41.8959241584887
			49.7217665956404	-41.8959241584887
			49.7612910523937	-41.8959241584887
			49.800815509147	-41.8959241584887
			49.8403399659003	-41.8959241584887
			49.8798644226536	-41.8959241584887
			49.9193888794069	-41.8959241584887
			49.9589133361602	-41.8959241584887
			49.9984377929134	-41.935448615242
			50.0379622496667	-41.935448615242
			50.07748670642	-41.935448615242
			50.1170111631733	-41.935448615242
			50.1565356199266	-41.8959241584887
			50.1960600766799	-41.8959241584887
			50.2355845334332	-41.8563997017354
			50.2751089901865	-41.8563997017354
			50.3146334469398	-41.8563997017354
			50.3541579036931	-41.8168752449822
			50.3936823604464	-41.8168752449822
			50.4332068171997	-41.8168752449822
			50.4727312739529	-41.8168752449822
			50.5122557307062	-41.7773507882289
			50.5517801874595	-41.7773507882289
			50.5913046442128	-41.7773507882289
			50.6308291009661	-41.7378263314756
			50.6703535577194	-41.7378263314756
			50.7098780144727	-41.7378263314756
			50.749402471226	-41.7378263314756
			50.7889269279793	-41.7378263314756
			50.8284513847326	-41.6983018747223
			50.8679758414859	-41.6983018747223
			50.9075002982391	-41.6983018747223
			50.9470247549924	-41.6983018747223
			50.9865492117457	-41.6983018747223
			51.026073668499	-41.6983018747223
			51.0655981252523	-41.6983018747223
			51.1051225820056	-41.6983018747223
			51.1446470387589	-41.6983018747223
			51.1841714955122	-41.658777417969
			51.2236959522655	-41.658777417969
			51.2632204090188	-41.658777417969
			51.3027448657721	-41.658777417969
			51.3422693225253	-41.658777417969
			51.3817937792786	-41.658777417969
			51.4213182360319	-41.658777417969
			51.4608426927852	-41.658777417969
			51.5003671495385	-41.658777417969
			51.5398916062918	-41.658777417969
			51.5794160630451	-41.6983018747223
			51.6189405197984	-41.6983018747223
			51.6584649765517	-41.6983018747223
			51.697989433305	-41.6983018747223
			51.7375138900583	-41.6983018747223
			51.7770383468116	-41.6983018747223
			51.8165628035648	-41.6983018747223
			51.8560872603181	-41.6983018747223
			51.8956117170714	-41.6983018747223
			51.9351361738247	-41.7378263314756
			51.974660630578	-41.7378263314756
			52.0141850873313	-41.7378263314756
			52.0537095440846	-41.7378263314756
			52.0932340008379	-41.7378263314756
			52.1327584575912	-41.7773507882289
			52.1722829143445	-41.7773507882289
			52.2118073710978	-41.7773507882289
			52.251331827851	-41.7773507882289
			52.2908562846043	-41.7773507882289
			52.2908562846043	-41.8168752449822
			52.3303807413576	-41.8168752449822
			52.3699051981109	-41.8168752449822
			52.4094296548642	-41.8168752449822
			52.4489541116175	-41.8563997017354
			52.4884785683708	-41.8563997017354
			52.5280030251241	-41.8563997017354
			52.5675274818774	-41.8563997017354
			52.6070519386307	-41.8959241584887
			52.646576395384	-41.8959241584887
			52.6861008521373	-41.935448615242
			52.7256253088905	-41.935448615242
			52.7651497656438	-41.935448615242
			52.8046742223971	-41.9749730719953
			52.8441986791504	-41.9749730719953
			52.8837231359037	-42.0144975287486
			52.923247592657	-42.0144975287486
			52.9627720494103	-42.0144975287486
			53.0022965061636	-42.0540219855019
			53.0418209629169	-42.0540219855019
			53.0813454196702	-42.0935464422552
			53.1208698764235	-42.0935464422552
			53.1603943331767	-42.1330708990085
			53.19991878993	-42.1330708990085
			53.2394432466833	-42.1330708990085
			53.2394432466833	-42.1725953557618
			53.2789677034366	-42.1725953557618
			53.3184921601899	-42.2121198125151
			53.3580166169432	-42.2121198125151
			53.3975410736965	-42.2121198125151
			53.3975410736965	-42.2516442692684
			53.4370655304498	-42.2516442692684
			53.4765899872031	-42.2911687260217
			53.5161144439564	-42.2911687260217
			53.5556389007097	-42.3306931827749
			53.595163357463	-42.3702176395282
			53.6346878142162	-42.3702176395282
			53.6742122709695	-42.4097420962815
			53.7137367277228	-42.4097420962815
			53.7532611844761	-42.4492665530348
			53.7927856412294	-42.4492665530348
			53.8323100979827	-42.4887910097881
			53.871834554736	-42.5283154665414
			53.9113590114893	-42.5283154665414
			53.9508834682426	-42.5678399232947
			53.9904079249959	-42.607364380048
			54.0299323817492	-42.607364380048
			54.0694568385024	-42.6468888368013
			54.1089812952557	-42.6864132935546
			54.148505752009	-42.6864132935546
			54.1880302087623	-42.7259377503079
			54.2275546655156	-42.7259377503079
			54.2670791222689	-42.7259377503079
			54.3066035790222	-42.7654622070611
			54.3461280357755	-42.7654622070611
			54.3856524925288	-42.7654622070611
			54.4251769492821	-42.8049866638144
			54.4647014060354	-42.8049866638144
			54.5042258627887	-42.8049866638144
			54.5437503195419	-42.8445111205677
			54.5832747762952	-42.8445111205677
			54.6227992330485	-42.884035577321
			54.6623236898018	-42.884035577321
			54.7018481465551	-42.9235600340743
			54.7413726033084	-42.9235600340743
			54.7808970600617	-42.9235600340743
			54.7808970600617	-42.9630844908276
			54.820421516815	-42.9630844908276
			54.8599459735683	-42.9630844908276
			54.8599459735683	-43.0026089475809
			54.8994704303216	-43.0026089475809
			54.9389948870749	-43.0421334043342
			54.9785193438281	-43.0421334043342
			55.0180438005814	-43.0816578610875
			55.0575682573347	-43.0816578610875
			55.097092714088	-43.1211823178408
			55.097092714088	-43.1607067745941
			55.1366171708413	-43.1607067745941
			55.1761416275946	-43.2002312313474
			55.2156660843479	-43.2002312313474
			55.2551905411012	-43.2397556881006
			55.2947149978545	-43.2397556881006
			55.2947149978545	-43.2792801448539
			55.3342394546078	-43.3188046016072
			55.3737639113611	-43.3188046016072
			55.4132883681144	-43.3583290583605
			55.4528128248676	-43.3978535151138
			55.4923372816209	-43.3978535151138
			55.4923372816209	-43.4373779718671
			55.5318617383742	-43.4769024286204
			55.5713861951275	-43.5164268853737
			55.6109106518808	-43.5164268853737
			55.6504351086341	-43.555951342127
			55.6899595653874	-43.5954757988803
			55.7294840221407	-43.6350002556336
			55.7294840221407	-43.6745247123868
			55.769008478894	-43.6745247123868
			55.8085329356473	-43.7140491691401
			55.8480573924006	-43.7535736258934
			55.8875818491538	-43.7930980826467
			55.9271063059071	-43.8326225394
			55.9666307626604	-43.8721469961533
			56.0061552194137	-43.9116714529066
			56.045679676167	-43.9511959096599
			56.0852041329203	-43.9907203664132
			56.1247285896736	-44.0302448231665
			56.1642530464269	-44.0697692799198
			56.2037775031802	-44.109293736673
			56.2037775031802	-44.1488181934263
			56.2433019599335	-44.1883426501796
			56.2828264166868	-44.2278671069329
			56.3223508734401	-44.2673915636862
			56.3618753301933	-44.3069160204395
			56.4013997869466	-44.3464404771928
			56.4409242436999	-44.3859649339461
			56.4409242436999	-44.4254893906994
			56.4804487004532	-44.4254893906994
			56.4804487004532	-44.4650138474527
			56.5199731572065	-44.504538304206
			56.5594976139598	-44.5440627609592
			56.5990220707131	-44.5835872177125
			56.6385465274664	-44.6231116744658
			56.6780709842197	-44.6626361312191
			56.6780709842197	-44.7021605879724
			56.717595440973	-44.7416850447257
			56.7571198977263	-44.781209501479
			56.7571198977263	-44.8207339582323
			56.7966443544795	-44.8602584149856
			56.8361688112328	-44.8997828717389
			56.8756932679861	-44.9393073284922
			56.8756932679861	-44.9788317852455
			56.9152177247394	-45.0183562419987
			56.9547421814927	-45.057880698752
			56.994266638246	-45.0974051555053
			56.994266638246	-45.1369296122586
			57.0337910949993	-45.1764540690119
			57.0337910949993	-45.2159785257652
			57.0733155517526	-45.2159785257652
			57.0733155517526	-45.2555029825185
			57.1128400085059	-45.2950274392718
			57.1128400085059	-45.3345518960251
			57.1523644652592	-45.3345518960251
			57.1523644652592	-45.3740763527784
			57.1918889220125	-45.4136008095317
			57.1918889220125	-45.4531252662849
			57.2314133787658	-45.4531252662849
			57.2314133787658	-45.4926497230382
			57.270937835519	-45.5321741797915
			57.270937835519	-45.5716986365448
			57.3104622922723	-45.6112230932981
			57.3499867490256	-45.6507475500514
			57.3499867490256	-45.6902720068047
			57.3895112057789	-45.729796463558
			57.4290356625322	-45.7693209203113
			57.4290356625322	-45.8088453770646
			57.4685601192855	-45.8483698338179
			57.5080845760388	-45.8878942905712
			57.5080845760388	-45.9274187473244
			57.5476090327921	-45.9669432040777
			57.5476090327921	-46.006467660831
			57.5871334895454	-46.0459921175843
			57.5871334895454	-46.0855165743376
			57.6266579462987	-46.1250410310909
			57.6661824030519	-46.1645654878442
			57.6661824030519	-46.2040899445975
			57.7057068598052	-46.2436144013508
			57.7057068598052	-46.2831388581041
			57.7452313165585	-46.3226633148574
			57.7452313165585	-46.3621877716106
			57.7847557733118	-46.3621877716106
			57.7847557733118	-46.4017122283639
			57.8242802300651	-46.4412366851172
			57.8242802300651	-46.4807611418705
			57.8638046868184	-46.5202855986238
			57.8638046868184	-46.5598100553771
			57.9033291435717	-46.5598100553771
			57.9033291435717	-46.5993345121304
			57.942853600325	-46.6388589688837
			57.942853600325	-46.678383425637
			57.9823780570783	-46.7179078823903
			57.9823780570783	-46.7574323391436
			57.9823780570783	-46.7969567958969
			58.0219025138316	-46.7969567958969
			58.0219025138316	-46.8364812526501
			58.0614269705849	-46.8760057094034
			58.0614269705849	-46.9155301661567
			58.1009514273382	-46.95505462291
			58.1009514273382	-46.9945790796633
			58.1404758840914	-47.0341035364166
			58.1404758840914	-47.0736279931699
			58.1800003408447	-47.1131524499232
			58.1800003408447	-47.1526769066765
			58.219524797598	-47.1922013634298
			58.2590492543513	-47.2317258201831
			58.2590492543513	-47.2712502769363
			58.2985737111046	-47.3107747336896
			58.2985737111046	-47.3502991904429
			58.3380981678579	-47.3898236471962
			58.3380981678579	-47.4293481039495
			58.3776226246112	-47.4688725607028
			58.3776226246112	-47.5083970174561
			58.4171470813645	-47.5479214742094
			58.4566715381178	-47.5874459309627
			58.4566715381178	-47.626970387716
			58.4961959948711	-47.6664948444693
			58.4961959948711	-47.7060193012226
			58.5357204516244	-47.7455437579758
			58.5357204516244	-47.7850682147291
			58.5752449083776	-47.8245926714824
			58.5752449083776	-47.8641171282357
			58.5752449083776	-47.903641584989
			58.6147693651309	-47.9431660417423
			58.6542938218842	-47.9826904984956
			58.6542938218842	-48.0222149552489
			58.6542938218842	-48.0617394120022
			58.6938182786375	-48.0617394120022
			58.6938182786375	-48.1012638687555
			58.6938182786375	-48.1407883255088
			58.7333427353908	-48.180312782262
		</c1>
		<c2 type=matrix rownames=FALSE colnames=FALSE nrow=513 ncol=2 as.numeric=TRUE >
			58.7333427353908	-48.180312782262
			58.6938182786375	-48.180312782262
			58.6542938218842	-48.2198372390153
			58.6147693651309	-48.2198372390153
			58.5752449083776	-48.2198372390153
			58.5357204516244	-48.2198372390153
			58.4961959948711	-48.2198372390153
			58.4566715381178	-48.2198372390153
			58.4171470813645	-48.2593616957686
			58.3776226246112	-48.2593616957686
			58.3380981678579	-48.2593616957686
			58.2985737111046	-48.2593616957686
			58.2590492543513	-48.2593616957686
			58.219524797598	-48.2593616957686
			58.1800003408447	-48.2593616957686
			58.1404758840914	-48.2593616957686
			58.1009514273382	-48.2593616957686
			58.0614269705849	-48.2593616957686
			58.0219025138316	-48.2593616957686
			57.9823780570783	-48.2593616957686
			57.942853600325	-48.2593616957686
			57.9033291435717	-48.2593616957686
			57.8638046868184	-48.2593616957686
			57.8242802300651	-48.2593616957686
			57.7847557733118	-48.2593616957686
			57.7452313165585	-48.2593616957686
			57.7057068598052	-48.2593616957686
			57.6661824030519	-48.2593616957686
			57.6266579462987	-48.2593616957686
			57.5871334895454	-48.2198372390153
			57.5476090327921	-48.2198372390153
			57.5080845760388	-48.2198372390153
			57.4685601192855	-48.2198372390153
			57.4290356625322	-48.2198372390153
			57.3895112057789	-48.2198372390153
			57.3499867490256	-48.180312782262
			57.3104622922723	-48.180312782262
			57.270937835519	-48.180312782262
			57.2314133787658	-48.180312782262
			57.1918889220125	-48.180312782262
			57.1523644652592	-48.1407883255088
			57.1128400085059	-48.1407883255088
			57.0733155517526	-48.1407883255088
			57.0337910949993	-48.1407883255088
			56.994266638246	-48.1407883255088
			56.9547421814927	-48.1407883255088
			56.9152177247394	-48.1407883255088
			56.8756932679861	-48.1407883255088
			56.8361688112328	-48.1407883255088
			56.7966443544795	-48.1407883255088
			56.7571198977263	-48.1407883255088
			56.717595440973	-48.1407883255088
			56.6780709842197	-48.1407883255088
			56.6385465274664	-48.1407883255088
			56.5990220707131	-48.1407883255088
			56.5594976139598	-48.1407883255088
			56.5199731572065	-48.1407883255088
			56.4804487004532	-48.1407883255088
			56.4409242436999	-48.1407883255088
			56.4013997869466	-48.1407883255088
			56.3618753301933	-48.1407883255088
			56.3223508734401	-48.1407883255088
			56.2828264166868	-48.1407883255088
			56.2433019599335	-48.1407883255088
			56.2037775031802	-48.1407883255088
			56.1642530464269	-48.1407883255088
			56.1247285896736	-48.1407883255088
			56.0852041329203	-48.1407883255088
			56.045679676167	-48.1407883255088
			56.0061552194137	-48.1407883255088
			55.9666307626604	-48.1407883255088
			55.9271063059071	-48.1407883255088
			55.8875818491538	-48.1407883255088
			55.8480573924006	-48.1407883255088
			55.8085329356473	-48.1407883255088
			55.769008478894	-48.1407883255088
			55.7294840221407	-48.1407883255088
			55.6899595653874	-48.1407883255088
			55.6504351086341	-48.1407883255088
			55.6109106518808	-48.1407883255088
			55.5713861951275	-48.1407883255088
			55.5318617383742	-48.1407883255088
			55.4923372816209	-48.1407883255088
			55.4528128248676	-48.1407883255088
			55.4132883681144	-48.1407883255088
			55.3737639113611	-48.1407883255088
			55.3342394546078	-48.1407883255088
			55.2947149978545	-48.1407883255088
			55.2551905411012	-48.1407883255088
			55.2156660843479	-48.1012638687555
			55.1761416275946	-48.1012638687555
			55.1366171708413	-48.1012638687555
			55.097092714088	-48.1012638687555
			55.0575682573347	-48.1012638687555
			55.0180438005814	-48.1012638687555
			54.9785193438281	-48.1012638687555
			54.9389948870749	-48.1012638687555
			54.8994704303216	-48.1012638687555
			54.8599459735683	-48.1012638687555
			54.820421516815	-48.1012638687555
			54.7808970600617	-48.1012638687555
			54.7413726033084	-48.1012638687555
			54.7018481465551	-48.1012638687555
			54.6623236898018	-48.1012638687555
			54.6227992330485	-48.1012638687555
			54.5832747762952	-48.1012638687555
			54.5437503195419	-48.0617394120022
			54.5042258627887	-48.0617394120022
			54.4647014060354	-48.0617394120022
			54.4251769492821	-48.0617394120022
			54.3856524925288	-48.0617394120022
			54.3461280357755	-48.0617394120022
			54.3066035790222	-48.0617394120022
			54.2670791222689	-48.0617394120022
			54.2275546655156	-48.0617394120022
			54.1880302087623	-48.0617394120022
			54.148505752009	-48.0617394120022
			54.1089812952557	-48.0617394120022
			54.0694568385024	-48.0222149552489
			54.0299323817492	-48.0222149552489
			53.9904079249959	-48.0222149552489
			53.9508834682426	-48.0222149552489
			53.9113590114893	-48.0222149552489
			53.871834554736	-48.0222149552489
			53.8323100979827	-48.0222149552489
			53.7927856412294	-48.0222149552489
			53.7532611844761	-48.0222149552489
			53.7137367277228	-48.0222149552489
			53.6742122709695	-48.0222149552489
			53.6346878142162	-47.9826904984956
			53.595163357463	-47.9826904984956
			53.5556389007097	-47.9826904984956
			53.5161144439564	-47.9826904984956
			53.4765899872031	-47.9826904984956
			53.4370655304498	-47.9826904984956
			53.3975410736965	-47.9826904984956
			53.3580166169432	-47.9826904984956
			53.3184921601899	-47.9826904984956
			53.2789677034366	-47.9826904984956
			53.2394432466833	-47.9431660417423
			53.19991878993	-47.9431660417423
			53.1603943331767	-47.9431660417423
			53.1208698764235	-47.9431660417423
			53.0813454196702	-47.9431660417423
			53.0418209629169	-47.9431660417423
			53.0022965061636	-47.9431660417423
			52.9627720494103	-47.9431660417423
			52.923247592657	-47.9431660417423
			52.8837231359037	-47.903641584989
			52.8441986791504	-47.903641584989
			52.8046742223971	-47.903641584989
			52.7651497656438	-47.903641584989
			52.7256253088905	-47.903641584989
			52.6861008521373	-47.903641584989
			52.646576395384	-47.903641584989
			52.6070519386307	-47.903641584989
			52.5675274818774	-47.8641171282357
			52.5280030251241	-47.8641171282357
			52.4884785683708	-47.8641171282357
			52.4489541116175	-47.8641171282357
			52.4094296548642	-47.8641171282357
			52.3699051981109	-47.8641171282357
			52.3303807413576	-47.8641171282357
			52.2908562846043	-47.8641171282357
			52.251331827851	-47.8641171282357
			52.2118073710978	-47.8245926714824
			52.1722829143445	-47.8245926714824
			52.1327584575912	-47.8245926714824
			52.0932340008379	-47.8245926714824
			52.0537095440846	-47.8245926714824
			52.0141850873313	-47.8245926714824
			52.0141850873313	-47.8641171282357
			51.974660630578	-47.8641171282357
			51.9351361738247	-47.8641171282357
			51.8956117170714	-47.8641171282357
			51.8560872603181	-47.8641171282357
			51.8165628035648	-47.903641584989
			51.7770383468116	-47.903641584989
			51.7375138900583	-47.903641584989
			51.697989433305	-47.903641584989
			51.6584649765517	-47.903641584989
			51.6189405197984	-47.903641584989
			51.5794160630451	-47.903641584989
			51.5398916062918	-47.903641584989
			51.5003671495385	-47.9431660417423
			51.4608426927852	-47.9431660417423
			51.4213182360319	-47.9431660417423
			51.3817937792786	-47.9431660417423
			51.3422693225253	-47.9431660417423
			51.3027448657721	-47.9431660417423
			51.2632204090188	-47.9431660417423
			51.2236959522655	-47.9431660417423
			51.1841714955122	-47.9431660417423
			51.1446470387589	-47.9431660417423
			51.1051225820056	-47.9431660417423
			51.0655981252523	-47.9431660417423
			51.026073668499	-47.9431660417423
			50.9865492117457	-47.9431660417423
			50.9470247549924	-47.9431660417423
			50.9075002982391	-47.9431660417423
			50.8679758414859	-47.9431660417423
			50.8284513847326	-47.9431660417423
			50.7889269279793	-47.9431660417423
			50.749402471226	-47.9431660417423
			50.7098780144727	-47.903641584989
			50.6703535577194	-47.903641584989
			50.6308291009661	-47.903641584989
			50.5913046442128	-47.903641584989
			50.5517801874595	-47.903641584989
			50.5122557307062	-47.903641584989
			50.4727312739529	-47.903641584989
			50.4332068171997	-47.903641584989
			50.3936823604464	-47.8641171282357
			50.3541579036931	-47.8641171282357
			50.3146334469398	-47.8641171282357
			50.2751089901865	-47.8641171282357
			50.2355845334332	-47.8641171282357
			50.1960600766799	-47.8641171282357
			50.1565356199266	-47.8245926714824
			50.1170111631733	-47.8245926714824
			50.07748670642	-47.8245926714824
			50.0379622496667	-47.8245926714824
			49.9984377929134	-47.7850682147291
			49.9589133361602	-47.7850682147291
			49.9193888794069	-47.7850682147291
			49.8798644226536	-47.7850682147291
			49.8403399659003	-47.7850682147291
			49.800815509147	-47.7455437579758
			49.7612910523937	-47.7455437579758
			49.7217665956404	-47.7455437579758
			49.6822421388871	-47.7455437579758
			49.6822421388871	-47.7060193012226
			49.6427176821338	-47.7060193012226
			49.6031932253805	-47.7060193012226
			49.5636687686272	-47.7060193012226
			49.524144311874	-47.7060193012226
			49.4846198551207	-47.7060193012226
			49.4450953983674	-47.7060193012226
			49.4055709416141	-47.7060193012226
			49.3660464848608	-47.7455437579758
			49.3265220281075	-47.7455437579758
			49.2869975713542	-47.7455437579758
			49.2474731146009	-47.7455437579758
			49.2079486578476	-47.7455437579758
			49.1684242010943	-47.7455437579758
			49.128899744341	-47.7455437579758
			49.0893752875877	-47.7455437579758
			49.0498508308345	-47.7455437579758
			49.0103263740812	-47.7455437579758
			48.9708019173279	-47.7455437579758
			48.9312774605746	-47.7455437579758
			48.8917530038213	-47.7850682147291
			48.852228547068	-47.7850682147291
			48.8127040903147	-47.7850682147291
			48.7731796335614	-47.7850682147291
			48.7336551768081	-47.7850682147291
			48.6941307200548	-47.7850682147291
			48.6546062633015	-47.7850682147291
			48.6150818065483	-47.7850682147291
			48.575557349795	-47.7850682147291
			48.5360328930417	-47.7850682147291
			48.4965084362884	-47.7850682147291
			48.4569839795351	-47.7850682147291
			48.4174595227818	-47.7850682147291
			48.3779350660285	-47.7850682147291
			48.3779350660285	-47.8245926714824
			48.3384106092752	-47.8245926714824
			48.2988861525219	-47.8245926714824
			48.2593616957686	-47.8245926714824
			48.2198372390153	-47.8245926714824
			48.180312782262	-47.8245926714824
			48.1407883255088	-47.8245926714824
			48.1012638687555	-47.8245926714824
			48.0617394120022	-47.8245926714824
			48.0222149552489	-47.8245926714824
			47.9826904984956	-47.8245926714824
			47.9431660417423	-47.8245926714824
			47.903641584989	-47.8245926714824
			47.8641171282357	-47.8245926714824
			47.8245926714824	-47.8245926714824
			47.7850682147291	-47.8245926714824
			47.7455437579758	-47.8245926714824
			47.7060193012226	-47.8641171282357
			47.6664948444693	-47.8641171282357
			47.626970387716	-47.8641171282357
			47.5874459309627	-47.8641171282357
			47.5479214742094	-47.8641171282357
			47.5083970174561	-47.8641171282357
			47.4688725607028	-47.8641171282357
			47.4293481039495	-47.8641171282357
			47.3898236471962	-47.8641171282357
			47.3502991904429	-47.8641171282357
			47.3107747336896	-47.8641171282357
			47.2712502769363	-47.8641171282357
			47.2317258201831	-47.8641171282357
			47.1922013634298	-47.8641171282357
			47.1526769066765	-47.8641171282357
			47.1131524499232	-47.8641171282357
			47.0736279931699	-47.8641171282357
			47.0341035364166	-47.8641171282357
			46.9945790796633	-47.8641171282357
			46.95505462291	-47.8641171282357
			46.9155301661567	-47.8641171282357
			46.8760057094034	-47.8641171282357
			46.8364812526501	-47.8641171282357
			46.7969567958969	-47.8641171282357
			46.7574323391436	-47.8641171282357
			46.7179078823903	-47.8641171282357
			46.678383425637	-47.8641171282357
			46.6388589688837	-47.8641171282357
			46.5993345121304	-47.8641171282357
			46.5598100553771	-47.8641171282357
			46.5202855986238	-47.8641171282357
			46.4807611418705	-47.8641171282357
			46.4412366851172	-47.8641171282357
			46.4017122283639	-47.8641171282357
			46.3621877716106	-47.8641171282357
			46.3226633148574	-47.8641171282357
			46.2831388581041	-47.8641171282357
			46.2436144013508	-47.8641171282357
			46.2040899445975	-47.8641171282357
			46.1645654878442	-47.8641171282357
			46.1250410310909	-47.8245926714824
			46.0855165743376	-47.8245926714824
			46.0459921175843	-47.8245926714824
			46.006467660831	-47.8245926714824
			45.9669432040777	-47.8245926714824
			45.9274187473244	-47.8245926714824
			45.8878942905712	-47.8245926714824
			45.8483698338179	-47.8245926714824
			45.8088453770646	-47.7850682147291
			45.7693209203113	-47.7850682147291
			45.729796463558	-47.7850682147291
			45.6902720068047	-47.7850682147291
			45.6507475500514	-47.7850682147291
			45.6112230932981	-47.7850682147291
			45.5716986365448	-47.7850682147291
			45.5321741797915	-47.7850682147291
			45.4926497230382	-47.7850682147291
			45.4531252662849	-47.7850682147291
			45.4136008095317	-47.7850682147291
			45.3740763527784	-47.8245926714824
			45.3345518960251	-47.8245926714824
			45.2950274392718	-47.8245926714824
			45.2555029825185	-47.8245926714824
			45.2159785257652	-47.8245926714824
			45.1764540690119	-47.8245926714824
			45.1369296122586	-47.8245926714824
			45.0974051555053	-47.8245926714824
			45.057880698752	-47.8245926714824
			45.0183562419987	-47.8245926714824
			44.9788317852455	-47.8245926714824
			44.9393073284922	-47.8245926714824
			44.8997828717389	-47.8245926714824
			44.8602584149856	-47.8245926714824
			44.8207339582323	-47.8245926714824
			44.781209501479	-47.8641171282357
			44.7416850447257	-47.8641171282357
			44.7021605879724	-47.8641171282357
			44.6626361312191	-47.8641171282357
			44.6231116744658	-47.8641171282357
			44.5835872177125	-47.8641171282357
			44.5440627609592	-47.8641171282357
			44.504538304206	-47.8641171282357
			44.4650138474527	-47.8641171282357
			44.4254893906994	-47.8641171282357
			44.3859649339461	-47.8641171282357
			44.3464404771928	-47.8641171282357
			44.3069160204395	-47.8641171282357
			44.2673915636862	-47.8641171282357
			44.2278671069329	-47.8641171282357
			44.1883426501796	-47.8641171282357
			44.1488181934263	-47.903641584989
			44.109293736673	-47.903641584989
			44.0697692799198	-47.903641584989
			44.0302448231665	-47.903641584989
			43.9907203664132	-47.903641584989
			43.9511959096599	-47.903641584989
			43.9116714529066	-47.903641584989
			43.8721469961533	-47.903641584989
			43.8326225394	-47.903641584989
			43.7930980826467	-47.903641584989
			43.7535736258934	-47.903641584989
			43.7140491691401	-47.903641584989
			43.6745247123868	-47.903641584989
			43.6350002556336	-47.903641584989
			43.5954757988803	-47.903641584989
			43.555951342127	-47.903641584989
			43.5164268853737	-47.9431660417423
			43.4769024286204	-47.9431660417423
			43.4373779718671	-47.9431660417423
			43.3978535151138	-47.9431660417423
			43.3583290583605	-47.9431660417423
			43.3188046016072	-47.9431660417423
			43.2792801448539	-47.9431660417423
			43.2397556881006	-47.9431660417423
			43.2002312313474	-47.9431660417423
			43.1607067745941	-47.9431660417423
			43.1211823178408	-47.9431660417423
			43.0816578610875	-47.9431660417423
			43.0421334043342	-47.9431660417423
			43.0026089475809	-47.9431660417423
			42.9630844908276	-47.9431660417423
			42.9235600340743	-47.9431660417423
			42.884035577321	-47.9826904984956
			42.8445111205677	-47.9826904984956
			42.8049866638144	-47.9826904984956
			42.7654622070611	-47.9826904984956
			42.7259377503079	-47.9826904984956
			42.6864132935546	-47.9826904984956
			42.6468888368013	-47.9826904984956
			42.607364380048	-47.9826904984956
			42.5678399232947	-47.9826904984956
			42.5283154665414	-47.9826904984956
			42.4887910097881	-47.9826904984956
			42.4492665530348	-47.9826904984956
			42.4097420962815	-47.9826904984956
			42.3702176395282	-47.9826904984956
			42.3306931827749	-47.9826904984956
			42.2911687260217	-47.9826904984956
			42.2516442692684	-48.0222149552489
			42.2121198125151	-48.0222149552489
			42.1725953557618	-48.0222149552489
			42.1330708990085	-48.0222149552489
			42.0935464422552	-48.0222149552489
			42.0540219855019	-48.0222149552489
			42.0144975287486	-48.0222149552489
			41.9749730719953	-48.0222149552489
			41.935448615242	-48.0222149552489
			41.8959241584887	-48.0222149552489
			41.8563997017354	-48.0222149552489
			41.8168752449822	-48.0222149552489
			41.7773507882289	-48.0222149552489
			41.7378263314756	-48.0222149552489
			41.6983018747223	-48.0222149552489
			41.658777417969	-48.0222149552489
			41.6192529612157	-48.0222149552489
			41.5797285044624	-48.0617394120022
			41.5402040477091	-48.0617394120022
			41.5006795909558	-48.0617394120022
			41.4611551342025	-48.0617394120022
			41.4216306774492	-48.0617394120022
			41.382106220696	-48.0617394120022
			41.3425817639427	-48.0617394120022
			41.3030573071894	-48.0617394120022
			41.2635328504361	-48.0617394120022
			41.2240083936828	-48.0617394120022
			41.1844839369295	-48.0617394120022
			41.1449594801762	-48.0617394120022
			41.1054350234229	-48.0617394120022
			41.0659105666696	-48.0617394120022
			41.0263861099163	-48.0617394120022
			40.986861653163	-48.0617394120022
			40.9473371964097	-48.1012638687555
			40.9078127396565	-48.1012638687555
			40.8682882829032	-48.1012638687555
			40.8287638261499	-48.1012638687555
			40.7892393693966	-48.1012638687555
			40.7497149126433	-48.1012638687555
			40.71019045589	-48.1012638687555
			40.6706659991367	-48.1012638687555
			40.6311415423834	-48.1012638687555
			40.5916170856301	-48.1012638687555
			40.5520926288768	-48.1012638687555
			40.5125681721235	-48.1012638687555
			40.4730437153703	-48.1012638687555
			40.433519258617	-48.1012638687555
			40.3939948018637	-48.1012638687555
			40.3544703451104	-48.1012638687555
			40.3149458883571	-48.1012638687555
			40.2754214316038	-48.1407883255088
			40.2358969748505	-48.1407883255088
			40.1963725180972	-48.1407883255088
			40.1568480613439	-48.1407883255088
			40.1173236045906	-48.1407883255088
			40.0777991478373	-48.1407883255088
			40.038274691084	-48.1407883255088
			39.9987502343308	-48.1407883255088
			39.9592257775775	-48.1407883255088
			39.9197013208242	-48.1407883255088
			39.8801768640709	-48.1407883255088
			39.8406524073176	-48.1407883255088
			39.8011279505643	-48.1407883255088
			39.761603493811	-48.1407883255088
			39.7220790370577	-48.1407883255088
			39.6825545803044	-48.1407883255088
			39.6430301235511	-48.1407883255088
			39.6035056667978	-48.180312782262
			39.5639812100446	-48.180312782262
			39.5244567532913	-48.180312782262
			39.484932296538	-48.180312782262
			39.4454078397847	-48.180312782262
			39.4058833830314	-48.180312782262
			39.3663589262781	-48.180312782262
			39.3268344695248	-48.180312782262
			39.2873100127715	-48.180312782262
			39.2477855560182	-48.180312782262
			39.2082610992649	-48.180312782262
			39.1687366425116	-48.180312782262
			39.1292121857583	-48.180312782262
			39.0896877290051	-48.180312782262
			39.0501632722518	-48.180312782262
			39.0106388154985	-48.180312782262
			38.9711143587452	-48.2198372390153
			38.9315899019919	-48.2198372390153
			38.8920654452386	-48.2198372390153
			38.8525409884853	-48.2198372390153
			38.813016531732	-48.2198372390153
			38.7734920749787	-48.2198372390153
			38.7339676182254	-48.2198372390153
			38.6944431614721	-48.2198372390153
			38.6549187047189	-48.2198372390153
			38.6153942479656	-48.2198372390153
		</c2>
	</curves.scaled>
	<ruler.points type=matrix rownames=TRUE colnames=FALSE nrow=2 ncol=2 as.numeric=TRUE >
		Ruler point 1	2161	273
		Ruler point 2	2414	271
	</ruler.points>
</shapes>

