<shapes type=list>
	<ruler.pixel type=vector names=FALSE length=1 as.numeric=TRUE >253.007905014843</ruler.pixel>
	<ruler.interval type=vector names=FALSE length=1 as.numeric=TRUE >10</ruler.interval>
	<scaling.units type=vector names=FALSE length=1 as.numeric=FALSE >undefined</scaling.units>
	<scaling type=vector names=FALSE length=1 as.numeric=TRUE >0.0395244567532913</scaling>
	<landmarks.pixel type=matrix rownames=TRUE colnames=FALSE nrow=2 ncol=2 as.numeric=TRUE >
		LM1	1005	1267
		LM2	1567	1272
	</landmarks.pixel>
	<landmarks.scaled type=matrix rownames=TRUE colnames=FALSE nrow=2 ncol=2 as.numeric=TRUE >
		LM1	39.7220790370577	-50.07748670642
		LM2	61.9348237324074	-50.2751089901865
	</landmarks.scaled>
	<curves.control type=list>
		<c1 type=matrix rownames=FALSE colnames=FALSE nrow=15 ncol=2 as.numeric=TRUE >
			1005	1267
			1026	1229
			1066	1208
			1097	1177
			1134	1157
			1198	1100
			1263	1110
			1359	1097
			1406	1111
			1451	1116
			1492	1161
			1534	1170
			1540	1227
			1565	1249
			1567	1272
		</c1>
		<c2 type=matrix rownames=FALSE colnames=FALSE nrow=17 ncol=2 as.numeric=TRUE >
			1567	1272
			1554	1257
			1513	1264
			1495	1273
			1463	1265
			1412	1268
			1392	1262
			1341	1271
			1306	1266
			1243	1275
			1201	1271
			1158	1280
			1119	1272
			1082	1283
			1058	1268
			1035	1278
			1005	1267
		</c2>
	</curves.control>
	<curves.pixel type=list>
		<c1 type=matrix rownames=FALSE colnames=FALSE nrow=646 ncol=2 as.numeric=TRUE >
			1005	1267
			1005	1266
			1006	1265
			1007	1264
			1008	1263
			1008	1262
			1009	1261
			1009	1260
			1010	1259
			1010	1258
			1011	1257
			1011	1256
			1012	1256
			1013	1255
			1013	1254
			1014	1253
			1014	1252
			1015	1251
			1016	1251
			1016	1250
			1017	1249
			1017	1248
			1018	1247
			1019	1247
			1019	1246
			1020	1245
			1021	1244
			1021	1243
			1022	1243
			1023	1242
			1023	1241
			1024	1240
			1025	1240
			1025	1239
			1026	1238
			1027	1237
			1028	1236
			1029	1235
			1030	1234
			1031	1233
			1032	1232
			1033	1231
			1034	1230
			1035	1229
			1036	1229
			1036	1228
			1037	1227
			1038	1227
			1038	1226
			1039	1226
			1040	1225
			1041	1224
			1042	1223
			1043	1223
			1044	1222
			1045	1221
			1046	1220
			1047	1219
			1048	1219
			1049	1218
			1050	1218
			1051	1217
			1052	1216
			1053	1215
			1054	1215
			1055	1214
			1056	1214
			1057	1213
			1058	1212
			1059	1212
			1060	1211
			1061	1211
			1062	1210
			1063	1210
			1064	1209
			1065	1208
			1066	1208
			1067	1207
			1068	1206
			1069	1205
			1070	1204
			1071	1203
			1072	1202
			1073	1201
			1074	1200
			1075	1199
			1076	1198
			1077	1197
			1078	1197
			1079	1196
			1080	1195
			1081	1194
			1082	1193
			1083	1192
			1084	1191
			1085	1190
			1086	1190
			1087	1189
			1088	1188
			1089	1187
			1090	1186
			1091	1185
			1092	1185
			1093	1184
			1094	1183
			1095	1182
			1096	1181
			1097	1181
			1098	1180
			1099	1180
			1099	1179
			1100	1179
			1101	1178
			1102	1177
			1103	1176
			1104	1175
			1105	1175
			1106	1174
			1107	1174
			1108	1173
			1109	1172
			1110	1172
			1111	1171
			1112	1170
			1113	1170
			1114	1169
			1115	1168
			1116	1168
			1117	1167
			1118	1167
			1119	1166
			1119	1165
			1120	1165
			1121	1164
			1122	1164
			1123	1163
			1124	1162
			1125	1162
			1126	1161
			1127	1161
			1128	1160
			1129	1160
			1130	1159
			1131	1159
			1132	1158
			1133	1157
			1134	1157
			1135	1156
			1136	1155
			1137	1154
			1138	1153
			1139	1152
			1140	1152
			1141	1151
			1142	1150
			1143	1149
			1144	1148
			1145	1147
			1146	1147
			1147	1146
			1148	1145
			1149	1145
			1149	1144
			1150	1144
			1151	1143
			1152	1142
			1153	1142
			1154	1141
			1155	1140
			1156	1139
			1157	1139
			1158	1138
			1159	1137
			1160	1137
			1161	1136
			1162	1135
			1163	1135
			1164	1134
			1165	1134
			1165	1133
			1166	1133
			1167	1132
			1168	1131
			1169	1131
			1170	1130
			1171	1130
			1172	1129
			1173	1129
			1173	1128
			1174	1128
			1175	1127
			1176	1127
			1177	1126
			1178	1126
			1179	1125
			1180	1125
			1181	1124
			1182	1124
			1183	1123
			1184	1123
			1185	1122
			1186	1122
			1187	1121
			1188	1121
			1189	1120
			1190	1120
			1191	1120
			1191	1119
			1192	1119
			1193	1119
			1194	1118
			1195	1118
			1196	1118
			1197	1117
			1198	1117
			1199	1117
			1200	1116
			1201	1116
			1202	1116
			1203	1115
			1204	1115
			1205	1114
			1206	1114
			1207	1114
			1208	1114
			1209	1113
			1210	1113
			1211	1113
			1212	1113
			1213	1112
			1214	1112
			1215	1112
			1216	1112
			1217	1111
			1218	1111
			1219	1111
			1220	1111
			1221	1111
			1222	1110
			1223	1110
			1224	1110
			1225	1110
			1226	1110
			1227	1110
			1228	1110
			1229	1109
			1230	1109
			1231	1109
			1232	1109
			1233	1109
			1234	1109
			1235	1109
			1236	1109
			1237	1109
			1238	1109
			1239	1109
			1240	1109
			1241	1109
			1242	1109
			1243	1109
			1244	1109
			1245	1109
			1246	1109
			1247	1109
			1248	1109
			1249	1109
			1250	1109
			1251	1109
			1252	1109
			1253	1109
			1254	1109
			1255	1109
			1256	1109
			1257	1109
			1258	1109
			1259	1109
			1260	1110
			1261	1110
			1262	1110
			1263	1110
			1264	1110
			1265	1110
			1266	1110
			1267	1109
			1268	1109
			1269	1109
			1270	1109
			1271	1109
			1272	1109
			1273	1109
			1274	1109
			1275	1108
			1276	1108
			1277	1108
			1278	1108
			1279	1108
			1280	1108
			1281	1108
			1282	1108
			1283	1108
			1284	1107
			1285	1107
			1286	1107
			1287	1107
			1288	1107
			1289	1107
			1290	1107
			1291	1107
			1292	1107
			1293	1106
			1294	1106
			1295	1106
			1296	1106
			1297	1106
			1298	1106
			1299	1106
			1300	1106
			1301	1106
			1302	1106
			1303	1106
			1304	1105
			1305	1105
			1306	1105
			1307	1105
			1308	1105
			1309	1105
			1310	1105
			1311	1105
			1312	1105
			1313	1105
			1314	1105
			1315	1105
			1316	1105
			1317	1105
			1318	1105
			1319	1104
			1320	1104
			1321	1104
			1322	1104
			1323	1104
			1324	1104
			1325	1104
			1326	1104
			1327	1104
			1328	1104
			1329	1104
			1330	1104
			1331	1104
			1332	1104
			1333	1104
			1334	1104
			1335	1104
			1336	1104
			1337	1104
			1338	1104
			1339	1104
			1340	1104
			1341	1104
			1342	1104
			1343	1104
			1344	1104
			1345	1104
			1346	1104
			1347	1104
			1348	1104
			1349	1104
			1350	1104
			1351	1104
			1352	1104
			1353	1104
			1354	1104
			1355	1104
			1356	1104
			1357	1104
			1358	1104
			1359	1104
			1360	1104
			1361	1104
			1362	1104
			1363	1104
			1364	1104
			1365	1104
			1366	1104
			1367	1105
			1368	1105
			1369	1105
			1370	1105
			1371	1105
			1372	1105
			1373	1105
			1374	1105
			1375	1105
			1376	1105
			1377	1105
			1378	1105
			1379	1106
			1380	1106
			1381	1106
			1382	1106
			1383	1106
			1384	1106
			1385	1106
			1386	1107
			1387	1107
			1388	1107
			1389	1107
			1390	1107
			1391	1107
			1392	1108
			1393	1108
			1394	1108
			1395	1108
			1396	1108
			1397	1109
			1398	1109
			1399	1109
			1400	1109
			1401	1110
			1402	1110
			1403	1110
			1404	1110
			1405	1111
			1406	1111
			1407	1111
			1408	1111
			1409	1111
			1410	1112
			1411	1112
			1412	1112
			1413	1112
			1414	1112
			1415	1112
			1416	1113
			1417	1113
			1418	1113
			1419	1113
			1420	1114
			1421	1114
			1422	1114
			1423	1114
			1424	1115
			1425	1115
			1426	1115
			1427	1116
			1428	1116
			1429	1116
			1430	1117
			1431	1117
			1432	1117
			1433	1118
			1434	1118
			1435	1119
			1436	1119
			1437	1119
			1438	1120
			1439	1120
			1440	1121
			1441	1121
			1442	1122
			1443	1122
			1444	1123
			1445	1123
			1446	1124
			1447	1125
			1448	1125
			1449	1125
			1449	1126
			1450	1126
			1451	1126
			1451	1127
			1452	1127
			1453	1128
			1454	1128
			1455	1129
			1456	1130
			1457	1130
			1458	1131
			1459	1131
			1459	1132
			1460	1133
			1461	1133
			1462	1134
			1463	1135
			1464	1135
			1465	1136
			1466	1137
			1467	1137
			1468	1138
			1469	1139
			1469	1140
			1470	1140
			1471	1141
			1472	1142
			1473	1143
			1474	1143
			1475	1144
			1476	1145
			1477	1146
			1478	1147
			1479	1148
			1480	1149
			1481	1150
			1482	1151
			1483	1151
			1483	1152
			1484	1153
			1485	1153
			1485	1154
			1486	1155
			1487	1155
			1487	1156
			1488	1157
			1489	1158
			1490	1159
			1491	1160
			1492	1161
			1493	1161
			1494	1162
			1495	1162
			1496	1162
			1497	1162
			1498	1163
			1499	1163
			1500	1163
			1501	1164
			1502	1164
			1503	1165
			1504	1165
			1505	1165
			1506	1166
			1507	1166
			1508	1167
			1509	1167
			1510	1168
			1511	1168
			1512	1169
			1512	1170
			1513	1170
			1514	1171
			1515	1172
			1516	1172
			1517	1173
			1517	1174
			1518	1174
			1519	1175
			1520	1176
			1521	1177
			1522	1178
			1523	1179
			1524	1180
			1524	1181
			1525	1182
			1526	1183
			1527	1184
			1527	1185
			1528	1186
			1528	1187
			1529	1188
			1529	1189
			1530	1190
			1531	1191
			1531	1192
			1531	1193
			1532	1194
			1532	1195
			1533	1196
			1533	1197
			1533	1198
			1534	1199
			1534	1200
			1535	1201
			1535	1202
			1535	1203
			1536	1204
			1536	1205
			1536	1206
			1536	1207
			1537	1208
			1537	1209
			1537	1210
			1537	1211
			1538	1212
			1538	1213
			1538	1214
			1538	1215
			1538	1216
			1539	1217
			1539	1218
			1539	1219
			1539	1220
			1539	1221
			1539	1222
			1540	1223
			1540	1224
			1540	1225
			1540	1226
			1540	1227
			1541	1228
			1542	1229
			1543	1230
			1544	1230
			1545	1231
			1545	1232
			1546	1233
			1547	1233
			1548	1234
			1548	1235
			1549	1236
			1550	1237
			1551	1238
			1552	1239
			1553	1240
			1553	1241
			1554	1242
			1555	1243
			1555	1244
			1556	1244
			1557	1245
			1557	1246
			1558	1247
			1559	1248
			1559	1249
			1560	1250
			1560	1251
			1561	1252
			1561	1253
			1562	1254
			1562	1255
			1563	1256
			1563	1257
			1564	1258
			1564	1259
			1564	1260
			1565	1260
			1565	1261
			1565	1262
			1565	1263
			1566	1264
			1566	1265
			1566	1266
			1566	1267
			1566	1268
			1567	1269
			1567	1270
			1567	1271
			1567	1272
		</c1>
		<c2 type=matrix rownames=FALSE colnames=FALSE nrow=569 ncol=2 as.numeric=TRUE >
			1567	1272
			1566	1271
			1565	1270
			1564	1269
			1563	1268
			1562	1268
			1561	1267
			1560	1267
			1560	1266
			1559	1266
			1558	1266
			1557	1265
			1556	1265
			1555	1265
			1555	1264
			1554	1264
			1553	1264
			1552	1263
			1551	1263
			1550	1263
			1549	1263
			1548	1263
			1547	1262
			1546	1262
			1545	1262
			1544	1262
			1543	1262
			1542	1262
			1541	1262
			1540	1262
			1539	1262
			1538	1262
			1537	1262
			1536	1262
			1535	1262
			1534	1262
			1533	1262
			1532	1262
			1531	1262
			1530	1262
			1529	1262
			1528	1262
			1527	1262
			1526	1262
			1525	1262
			1524	1262
			1523	1263
			1522	1263
			1521	1263
			1520	1263
			1519	1263
			1518	1263
			1517	1263
			1516	1263
			1515	1264
			1514	1264
			1513	1264
			1512	1264
			1511	1265
			1510	1265
			1509	1266
			1508	1266
			1507	1266
			1506	1267
			1505	1267
			1504	1267
			1503	1267
			1502	1268
			1501	1268
			1500	1268
			1499	1268
			1498	1268
			1497	1268
			1496	1268
			1496	1269
			1495	1269
			1494	1269
			1493	1269
			1492	1269
			1491	1269
			1490	1269
			1489	1269
			1488	1269
			1487	1269
			1486	1269
			1485	1269
			1484	1269
			1483	1268
			1482	1268
			1481	1268
			1480	1268
			1479	1268
			1478	1268
			1477	1268
			1476	1268
			1475	1268
			1474	1267
			1473	1267
			1472	1267
			1471	1267
			1470	1267
			1469	1266
			1468	1266
			1467	1266
			1466	1266
			1465	1265
			1464	1265
			1463	1265
			1462	1265
			1461	1265
			1460	1265
			1459	1265
			1458	1265
			1457	1265
			1456	1265
			1455	1265
			1454	1265
			1453	1265
			1453	1266
			1452	1266
			1451	1266
			1450	1266
			1449	1266
			1448	1266
			1447	1266
			1446	1266
			1445	1266
			1444	1266
			1443	1266
			1442	1266
			1441	1266
			1440	1266
			1439	1266
			1438	1266
			1437	1266
			1436	1266
			1435	1266
			1434	1266
			1433	1266
			1432	1266
			1431	1266
			1430	1266
			1429	1266
			1428	1266
			1427	1266
			1426	1266
			1425	1266
			1424	1266
			1423	1266
			1422	1266
			1421	1266
			1420	1266
			1419	1266
			1418	1266
			1417	1266
			1416	1266
			1415	1266
			1414	1265
			1413	1265
			1412	1265
			1411	1265
			1410	1265
			1409	1265
			1408	1265
			1407	1265
			1406	1265
			1405	1265
			1404	1264
			1403	1264
			1402	1264
			1401	1264
			1400	1264
			1399	1264
			1398	1263
			1397	1263
			1396	1263
			1395	1263
			1394	1263
			1393	1262
			1392	1262
			1391	1262
			1390	1262
			1389	1263
			1388	1263
			1387	1263
			1386	1263
			1385	1263
			1384	1263
			1383	1264
			1382	1264
			1381	1264
			1380	1264
			1379	1264
			1378	1264
			1377	1264
			1376	1265
			1375	1265
			1374	1265
			1373	1265
			1372	1265
			1371	1265
			1370	1265
			1369	1265
			1368	1266
			1367	1266
			1366	1266
			1365	1266
			1364	1266
			1363	1266
			1362	1266
			1361	1266
			1360	1266
			1359	1267
			1358	1267
			1357	1267
			1356	1267
			1355	1267
			1354	1267
			1353	1267
			1352	1267
			1351	1267
			1350	1267
			1349	1267
			1348	1267
			1347	1267
			1346	1267
			1345	1268
			1344	1268
			1343	1268
			1342	1268
			1341	1268
			1340	1268
			1339	1268
			1338	1268
			1337	1268
			1336	1268
			1335	1268
			1334	1268
			1333	1268
			1332	1268
			1331	1268
			1330	1268
			1329	1268
			1328	1268
			1327	1268
			1326	1268
			1325	1268
			1324	1268
			1323	1268
			1322	1267
			1321	1267
			1320	1267
			1319	1267
			1318	1267
			1317	1267
			1316	1267
			1315	1267
			1314	1267
			1313	1267
			1312	1267
			1311	1267
			1310	1267
			1309	1266
			1308	1266
			1307	1266
			1306	1266
			1305	1266
			1304	1266
			1303	1266
			1302	1267
			1301	1267
			1300	1267
			1299	1267
			1298	1267
			1297	1267
			1296	1267
			1295	1267
			1294	1268
			1293	1268
			1292	1268
			1291	1268
			1290	1268
			1289	1268
			1288	1268
			1287	1269
			1286	1269
			1285	1269
			1284	1269
			1283	1269
			1282	1269
			1281	1269
			1280	1269
			1279	1269
			1278	1269
			1277	1270
			1276	1270
			1275	1270
			1274	1270
			1273	1270
			1272	1270
			1271	1270
			1270	1270
			1269	1270
			1268	1270
			1267	1271
			1266	1271
			1265	1271
			1264	1271
			1263	1271
			1262	1271
			1261	1271
			1260	1271
			1259	1271
			1258	1271
			1257	1271
			1256	1271
			1255	1271
			1254	1271
			1253	1271
			1252	1272
			1251	1272
			1250	1272
			1249	1272
			1248	1272
			1247	1272
			1246	1272
			1245	1272
			1244	1272
			1243	1272
			1242	1272
			1241	1272
			1240	1272
			1239	1272
			1238	1272
			1237	1272
			1236	1272
			1235	1272
			1234	1272
			1233	1272
			1232	1272
			1231	1272
			1230	1272
			1229	1272
			1228	1272
			1227	1272
			1226	1272
			1225	1272
			1224	1272
			1223	1272
			1222	1272
			1221	1272
			1220	1272
			1219	1272
			1218	1272
			1217	1272
			1216	1272
			1215	1272
			1214	1272
			1213	1272
			1212	1272
			1211	1272
			1210	1272
			1209	1272
			1208	1272
			1207	1271
			1206	1271
			1205	1271
			1204	1271
			1203	1271
			1202	1271
			1201	1271
			1200	1271
			1199	1271
			1198	1272
			1197	1272
			1196	1272
			1195	1272
			1194	1272
			1193	1272
			1192	1273
			1191	1273
			1190	1273
			1189	1273
			1188	1273
			1187	1274
			1186	1274
			1185	1274
			1184	1274
			1183	1274
			1182	1274
			1181	1274
			1180	1274
			1179	1275
			1178	1275
			1177	1275
			1176	1275
			1175	1275
			1174	1275
			1173	1275
			1172	1275
			1171	1275
			1170	1275
			1169	1275
			1168	1275
			1167	1276
			1166	1276
			1165	1276
			1164	1276
			1163	1276
			1162	1276
			1161	1276
			1160	1276
			1159	1276
			1158	1276
			1157	1276
			1156	1276
			1155	1276
			1154	1276
			1153	1276
			1152	1276
			1151	1276
			1150	1276
			1149	1276
			1148	1276
			1147	1276
			1146	1275
			1145	1275
			1144	1275
			1143	1275
			1142	1275
			1141	1275
			1140	1275
			1139	1275
			1138	1275
			1137	1275
			1136	1275
			1135	1275
			1134	1274
			1133	1274
			1132	1274
			1131	1274
			1130	1274
			1129	1274
			1128	1274
			1127	1273
			1126	1273
			1125	1273
			1124	1273
			1123	1273
			1122	1273
			1121	1272
			1120	1272
			1119	1272
			1118	1272
			1117	1273
			1116	1273
			1115	1273
			1114	1273
			1113	1274
			1112	1274
			1111	1274
			1110	1274
			1109	1274
			1108	1275
			1107	1275
			1106	1275
			1105	1275
			1104	1276
			1103	1276
			1102	1276
			1101	1276
			1100	1276
			1099	1276
			1098	1276
			1097	1276
			1096	1276
			1095	1277
			1094	1277
			1093	1277
			1092	1277
			1091	1277
			1090	1277
			1089	1277
			1088	1277
			1087	1277
			1086	1277
			1085	1276
			1084	1276
			1083	1276
			1082	1276
			1081	1276
			1080	1276
			1079	1276
			1078	1276
			1077	1275
			1076	1275
			1075	1275
			1074	1275
			1073	1274
			1072	1274
			1071	1274
			1070	1274
			1069	1273
			1068	1273
			1067	1273
			1066	1272
			1065	1272
			1064	1271
			1063	1271
			1062	1270
			1061	1270
			1060	1269
			1059	1269
			1058	1268
			1057	1268
			1057	1269
			1056	1269
			1055	1269
			1054	1270
			1053	1270
			1052	1270
			1051	1270
			1050	1271
			1049	1271
			1048	1271
			1047	1272
			1046	1272
			1045	1272
			1044	1272
			1043	1272
			1042	1272
			1041	1272
			1040	1273
			1039	1273
			1038	1273
			1037	1273
			1036	1273
			1035	1273
			1034	1273
			1033	1273
			1032	1273
			1031	1273
			1030	1273
			1029	1273
			1028	1272
			1027	1272
			1026	1272
			1025	1272
			1024	1272
			1023	1272
			1022	1272
			1021	1272
			1021	1271
			1020	1271
			1019	1271
			1018	1271
			1017	1271
			1016	1270
			1015	1270
			1014	1270
			1013	1270
			1012	1269
			1011	1269
			1010	1269
			1009	1268
			1008	1268
			1007	1268
			1006	1267
			1005	1267
		</c2>
	</curves.pixel>
	<curves.scaled type=list>
		<c1 type=matrix rownames=FALSE colnames=FALSE nrow=646 ncol=2 as.numeric=TRUE >
			39.7220790370577	-50.07748670642
			39.7220790370577	-50.0379622496667
			39.761603493811	-49.9984377929134
			39.8011279505643	-49.9589133361602
			39.8406524073176	-49.9193888794069
			39.8406524073176	-49.8798644226536
			39.8801768640709	-49.8403399659003
			39.8801768640709	-49.800815509147
			39.9197013208242	-49.7612910523937
			39.9197013208242	-49.7217665956404
			39.9592257775775	-49.6822421388871
			39.9592257775775	-49.6427176821338
			39.9987502343308	-49.6427176821338
			40.038274691084	-49.6031932253805
			40.038274691084	-49.5636687686272
			40.0777991478373	-49.524144311874
			40.0777991478373	-49.4846198551207
			40.1173236045906	-49.4450953983674
			40.1568480613439	-49.4450953983674
			40.1568480613439	-49.4055709416141
			40.1963725180972	-49.3660464848608
			40.1963725180972	-49.3265220281075
			40.2358969748505	-49.2869975713542
			40.2754214316038	-49.2869975713542
			40.2754214316038	-49.2474731146009
			40.3149458883571	-49.2079486578476
			40.3544703451104	-49.1684242010943
			40.3544703451104	-49.128899744341
			40.3939948018637	-49.128899744341
			40.433519258617	-49.0893752875877
			40.433519258617	-49.0498508308345
			40.4730437153703	-49.0103263740812
			40.5125681721235	-49.0103263740812
			40.5125681721235	-48.9708019173279
			40.5520926288768	-48.9312774605746
			40.5916170856301	-48.8917530038213
			40.6311415423834	-48.852228547068
			40.6706659991367	-48.8127040903147
			40.71019045589	-48.7731796335614
			40.7497149126433	-48.7336551768081
			40.7892393693966	-48.6941307200548
			40.8287638261499	-48.6546062633015
			40.8682882829032	-48.6150818065483
			40.9078127396565	-48.575557349795
			40.9473371964097	-48.575557349795
			40.9473371964097	-48.5360328930417
			40.986861653163	-48.4965084362884
			41.0263861099163	-48.4965084362884
			41.0263861099163	-48.4569839795351
			41.0659105666696	-48.4569839795351
			41.1054350234229	-48.4174595227818
			41.1449594801762	-48.3779350660285
			41.1844839369295	-48.3384106092752
			41.2240083936828	-48.3384106092752
			41.2635328504361	-48.2988861525219
			41.3030573071894	-48.2593616957686
			41.3425817639427	-48.2198372390153
			41.382106220696	-48.180312782262
			41.4216306774492	-48.180312782262
			41.4611551342025	-48.1407883255088
			41.5006795909558	-48.1407883255088
			41.5402040477091	-48.1012638687555
			41.5797285044624	-48.0617394120022
			41.6192529612157	-48.0222149552489
			41.658777417969	-48.0222149552489
			41.6983018747223	-47.9826904984956
			41.7378263314756	-47.9826904984956
			41.7773507882289	-47.9431660417423
			41.8168752449822	-47.903641584989
			41.8563997017354	-47.903641584989
			41.8959241584887	-47.8641171282357
			41.935448615242	-47.8641171282357
			41.9749730719953	-47.8245926714824
			42.0144975287486	-47.8245926714824
			42.0540219855019	-47.7850682147291
			42.0935464422552	-47.7455437579758
			42.1330708990085	-47.7455437579758
			42.1725953557618	-47.7060193012226
			42.2121198125151	-47.6664948444693
			42.2516442692684	-47.626970387716
			42.2911687260217	-47.5874459309627
			42.3306931827749	-47.5479214742094
			42.3702176395282	-47.5083970174561
			42.4097420962815	-47.4688725607028
			42.4492665530348	-47.4293481039495
			42.4887910097881	-47.3898236471962
			42.5283154665414	-47.3502991904429
			42.5678399232947	-47.3107747336896
			42.607364380048	-47.3107747336896
			42.6468888368013	-47.2712502769363
			42.6864132935546	-47.2317258201831
			42.7259377503079	-47.1922013634298
			42.7654622070611	-47.1526769066765
			42.8049866638144	-47.1131524499232
			42.8445111205677	-47.0736279931699
			42.884035577321	-47.0341035364166
			42.9235600340743	-47.0341035364166
			42.9630844908276	-46.9945790796633
			43.0026089475809	-46.95505462291
			43.0421334043342	-46.9155301661567
			43.0816578610875	-46.8760057094034
			43.1211823178408	-46.8364812526501
			43.1607067745941	-46.8364812526501
			43.2002312313474	-46.7969567958969
			43.2397556881006	-46.7574323391436
			43.2792801448539	-46.7179078823903
			43.3188046016072	-46.678383425637
			43.3583290583605	-46.678383425637
			43.3978535151138	-46.6388589688837
			43.4373779718671	-46.6388589688837
			43.4373779718671	-46.5993345121304
			43.4769024286204	-46.5993345121304
			43.5164268853737	-46.5598100553771
			43.555951342127	-46.5202855986238
			43.5954757988803	-46.4807611418705
			43.6350002556336	-46.4412366851172
			43.6745247123868	-46.4412366851172
			43.7140491691401	-46.4017122283639
			43.7535736258934	-46.4017122283639
			43.7930980826467	-46.3621877716106
			43.8326225394	-46.3226633148574
			43.8721469961533	-46.3226633148574
			43.9116714529066	-46.2831388581041
			43.9511959096599	-46.2436144013508
			43.9907203664132	-46.2436144013508
			44.0302448231665	-46.2040899445975
			44.0697692799198	-46.1645654878442
			44.109293736673	-46.1645654878442
			44.1488181934263	-46.1250410310909
			44.1883426501796	-46.1250410310909
			44.2278671069329	-46.0855165743376
			44.2278671069329	-46.0459921175843
			44.2673915636862	-46.0459921175843
			44.3069160204395	-46.006467660831
			44.3464404771928	-46.006467660831
			44.3859649339461	-45.9669432040777
			44.4254893906994	-45.9274187473244
			44.4650138474527	-45.9274187473244
			44.504538304206	-45.8878942905712
			44.5440627609592	-45.8878942905712
			44.5835872177125	-45.8483698338179
			44.6231116744658	-45.8483698338179
			44.6626361312191	-45.8088453770646
			44.7021605879724	-45.8088453770646
			44.7416850447257	-45.7693209203113
			44.781209501479	-45.729796463558
			44.8207339582323	-45.729796463558
			44.8602584149856	-45.6902720068047
			44.8997828717389	-45.6507475500514
			44.9393073284922	-45.6112230932981
			44.9788317852455	-45.5716986365448
			45.0183562419987	-45.5321741797915
			45.057880698752	-45.5321741797915
			45.0974051555053	-45.4926497230382
			45.1369296122586	-45.4531252662849
			45.1764540690119	-45.4136008095317
			45.2159785257652	-45.3740763527784
			45.2555029825185	-45.3345518960251
			45.2950274392718	-45.3345518960251
			45.3345518960251	-45.2950274392718
			45.3740763527784	-45.2555029825185
			45.4136008095317	-45.2555029825185
			45.4136008095317	-45.2159785257652
			45.4531252662849	-45.2159785257652
			45.4926497230382	-45.1764540690119
			45.5321741797915	-45.1369296122586
			45.5716986365448	-45.1369296122586
			45.6112230932981	-45.0974051555053
			45.6507475500514	-45.057880698752
			45.6902720068047	-45.0183562419987
			45.729796463558	-45.0183562419987
			45.7693209203113	-44.9788317852455
			45.8088453770646	-44.9393073284922
			45.8483698338179	-44.9393073284922
			45.8878942905712	-44.8997828717389
			45.9274187473244	-44.8602584149856
			45.9669432040777	-44.8602584149856
			46.006467660831	-44.8207339582323
			46.0459921175843	-44.8207339582323
			46.0459921175843	-44.781209501479
			46.0855165743376	-44.781209501479
			46.1250410310909	-44.7416850447257
			46.1645654878442	-44.7021605879724
			46.2040899445975	-44.7021605879724
			46.2436144013508	-44.6626361312191
			46.2831388581041	-44.6626361312191
			46.3226633148574	-44.6231116744658
			46.3621877716106	-44.6231116744658
			46.3621877716106	-44.5835872177125
			46.4017122283639	-44.5835872177125
			46.4412366851172	-44.5440627609592
			46.4807611418705	-44.5440627609592
			46.5202855986238	-44.504538304206
			46.5598100553771	-44.504538304206
			46.5993345121304	-44.4650138474527
			46.6388589688837	-44.4650138474527
			46.678383425637	-44.4254893906994
			46.7179078823903	-44.4254893906994
			46.7574323391436	-44.3859649339461
			46.7969567958969	-44.3859649339461
			46.8364812526501	-44.3464404771928
			46.8760057094034	-44.3464404771928
			46.9155301661567	-44.3069160204395
			46.95505462291	-44.3069160204395
			46.9945790796633	-44.2673915636862
			47.0341035364166	-44.2673915636862
			47.0736279931699	-44.2673915636862
			47.0736279931699	-44.2278671069329
			47.1131524499232	-44.2278671069329
			47.1526769066765	-44.2278671069329
			47.1922013634298	-44.1883426501796
			47.2317258201831	-44.1883426501796
			47.2712502769363	-44.1883426501796
			47.3107747336896	-44.1488181934263
			47.3502991904429	-44.1488181934263
			47.3898236471962	-44.1488181934263
			47.4293481039495	-44.109293736673
			47.4688725607028	-44.109293736673
			47.5083970174561	-44.109293736673
			47.5479214742094	-44.0697692799198
			47.5874459309627	-44.0697692799198
			47.626970387716	-44.0302448231665
			47.6664948444693	-44.0302448231665
			47.7060193012226	-44.0302448231665
			47.7455437579758	-44.0302448231665
			47.7850682147291	-43.9907203664132
			47.8245926714824	-43.9907203664132
			47.8641171282357	-43.9907203664132
			47.903641584989	-43.9907203664132
			47.9431660417423	-43.9511959096599
			47.9826904984956	-43.9511959096599
			48.0222149552489	-43.9511959096599
			48.0617394120022	-43.9511959096599
			48.1012638687555	-43.9116714529066
			48.1407883255088	-43.9116714529066
			48.180312782262	-43.9116714529066
			48.2198372390153	-43.9116714529066
			48.2593616957686	-43.9116714529066
			48.2988861525219	-43.8721469961533
			48.3384106092752	-43.8721469961533
			48.3779350660285	-43.8721469961533
			48.4174595227818	-43.8721469961533
			48.4569839795351	-43.8721469961533
			48.4965084362884	-43.8721469961533
			48.5360328930417	-43.8721469961533
			48.575557349795	-43.8326225394
			48.6150818065483	-43.8326225394
			48.6546062633015	-43.8326225394
			48.6941307200548	-43.8326225394
			48.7336551768081	-43.8326225394
			48.7731796335614	-43.8326225394
			48.8127040903147	-43.8326225394
			48.852228547068	-43.8326225394
			48.8917530038213	-43.8326225394
			48.9312774605746	-43.8326225394
			48.9708019173279	-43.8326225394
			49.0103263740812	-43.8326225394
			49.0498508308345	-43.8326225394
			49.0893752875877	-43.8326225394
			49.128899744341	-43.8326225394
			49.1684242010943	-43.8326225394
			49.2079486578476	-43.8326225394
			49.2474731146009	-43.8326225394
			49.2869975713542	-43.8326225394
			49.3265220281075	-43.8326225394
			49.3660464848608	-43.8326225394
			49.4055709416141	-43.8326225394
			49.4450953983674	-43.8326225394
			49.4846198551207	-43.8326225394
			49.524144311874	-43.8326225394
			49.5636687686272	-43.8326225394
			49.6031932253805	-43.8326225394
			49.6427176821338	-43.8326225394
			49.6822421388871	-43.8326225394
			49.7217665956404	-43.8326225394
			49.7612910523937	-43.8326225394
			49.800815509147	-43.8721469961533
			49.8403399659003	-43.8721469961533
			49.8798644226536	-43.8721469961533
			49.9193888794069	-43.8721469961533
			49.9589133361602	-43.8721469961533
			49.9984377929134	-43.8721469961533
			50.0379622496667	-43.8721469961533
			50.07748670642	-43.8326225394
			50.1170111631733	-43.8326225394
			50.1565356199266	-43.8326225394
			50.1960600766799	-43.8326225394
			50.2355845334332	-43.8326225394
			50.2751089901865	-43.8326225394
			50.3146334469398	-43.8326225394
			50.3541579036931	-43.8326225394
			50.3936823604464	-43.7930980826467
			50.4332068171997	-43.7930980826467
			50.4727312739529	-43.7930980826467
			50.5122557307062	-43.7930980826467
			50.5517801874595	-43.7930980826467
			50.5913046442128	-43.7930980826467
			50.6308291009661	-43.7930980826467
			50.6703535577194	-43.7930980826467
			50.7098780144727	-43.7930980826467
			50.749402471226	-43.7535736258934
			50.7889269279793	-43.7535736258934
			50.8284513847326	-43.7535736258934
			50.8679758414859	-43.7535736258934
			50.9075002982391	-43.7535736258934
			50.9470247549924	-43.7535736258934
			50.9865492117457	-43.7535736258934
			51.026073668499	-43.7535736258934
			51.0655981252523	-43.7535736258934
			51.1051225820056	-43.7140491691401
			51.1446470387589	-43.7140491691401
			51.1841714955122	-43.7140491691401
			51.2236959522655	-43.7140491691401
			51.2632204090188	-43.7140491691401
			51.3027448657721	-43.7140491691401
			51.3422693225253	-43.7140491691401
			51.3817937792786	-43.7140491691401
			51.4213182360319	-43.7140491691401
			51.4608426927852	-43.7140491691401
			51.5003671495385	-43.7140491691401
			51.5398916062918	-43.6745247123868
			51.5794160630451	-43.6745247123868
			51.6189405197984	-43.6745247123868
			51.6584649765517	-43.6745247123868
			51.697989433305	-43.6745247123868
			51.7375138900583	-43.6745247123868
			51.7770383468116	-43.6745247123868
			51.8165628035648	-43.6745247123868
			51.8560872603181	-43.6745247123868
			51.8956117170714	-43.6745247123868
			51.9351361738247	-43.6745247123868
			51.974660630578	-43.6745247123868
			52.0141850873313	-43.6745247123868
			52.0537095440846	-43.6745247123868
			52.0932340008379	-43.6745247123868
			52.1327584575912	-43.6350002556336
			52.1722829143445	-43.6350002556336
			52.2118073710978	-43.6350002556336
			52.251331827851	-43.6350002556336
			52.2908562846043	-43.6350002556336
			52.3303807413576	-43.6350002556336
			52.3699051981109	-43.6350002556336
			52.4094296548642	-43.6350002556336
			52.4489541116175	-43.6350002556336
			52.4884785683708	-43.6350002556336
			52.5280030251241	-43.6350002556336
			52.5675274818774	-43.6350002556336
			52.6070519386307	-43.6350002556336
			52.646576395384	-43.6350002556336
			52.6861008521373	-43.6350002556336
			52.7256253088905	-43.6350002556336
			52.7651497656438	-43.6350002556336
			52.8046742223971	-43.6350002556336
			52.8441986791504	-43.6350002556336
			52.8837231359037	-43.6350002556336
			52.923247592657	-43.6350002556336
			52.9627720494103	-43.6350002556336
			53.0022965061636	-43.6350002556336
			53.0418209629169	-43.6350002556336
			53.0813454196702	-43.6350002556336
			53.1208698764235	-43.6350002556336
			53.1603943331767	-43.6350002556336
			53.19991878993	-43.6350002556336
			53.2394432466833	-43.6350002556336
			53.2789677034366	-43.6350002556336
			53.3184921601899	-43.6350002556336
			53.3580166169432	-43.6350002556336
			53.3975410736965	-43.6350002556336
			53.4370655304498	-43.6350002556336
			53.4765899872031	-43.6350002556336
			53.5161144439564	-43.6350002556336
			53.5556389007097	-43.6350002556336
			53.595163357463	-43.6350002556336
			53.6346878142162	-43.6350002556336
			53.6742122709695	-43.6350002556336
			53.7137367277228	-43.6350002556336
			53.7532611844761	-43.6350002556336
			53.7927856412294	-43.6350002556336
			53.8323100979827	-43.6350002556336
			53.871834554736	-43.6350002556336
			53.9113590114893	-43.6350002556336
			53.9508834682426	-43.6350002556336
			53.9904079249959	-43.6350002556336
			54.0299323817492	-43.6745247123868
			54.0694568385024	-43.6745247123868
			54.1089812952557	-43.6745247123868
			54.148505752009	-43.6745247123868
			54.1880302087623	-43.6745247123868
			54.2275546655156	-43.6745247123868
			54.2670791222689	-43.6745247123868
			54.3066035790222	-43.6745247123868
			54.3461280357755	-43.6745247123868
			54.3856524925288	-43.6745247123868
			54.4251769492821	-43.6745247123868
			54.4647014060354	-43.6745247123868
			54.5042258627887	-43.7140491691401
			54.5437503195419	-43.7140491691401
			54.5832747762952	-43.7140491691401
			54.6227992330485	-43.7140491691401
			54.6623236898018	-43.7140491691401
			54.7018481465551	-43.7140491691401
			54.7413726033084	-43.7140491691401
			54.7808970600617	-43.7535736258934
			54.820421516815	-43.7535736258934
			54.8599459735683	-43.7535736258934
			54.8994704303216	-43.7535736258934
			54.9389948870749	-43.7535736258934
			54.9785193438281	-43.7535736258934
			55.0180438005814	-43.7930980826467
			55.0575682573347	-43.7930980826467
			55.097092714088	-43.7930980826467
			55.1366171708413	-43.7930980826467
			55.1761416275946	-43.7930980826467
			55.2156660843479	-43.8326225394
			55.2551905411012	-43.8326225394
			55.2947149978545	-43.8326225394
			55.3342394546078	-43.8326225394
			55.3737639113611	-43.8721469961533
			55.4132883681144	-43.8721469961533
			55.4528128248676	-43.8721469961533
			55.4923372816209	-43.8721469961533
			55.5318617383742	-43.9116714529066
			55.5713861951275	-43.9116714529066
			55.6109106518808	-43.9116714529066
			55.6504351086341	-43.9116714529066
			55.6899595653874	-43.9116714529066
			55.7294840221407	-43.9511959096599
			55.769008478894	-43.9511959096599
			55.8085329356473	-43.9511959096599
			55.8480573924006	-43.9511959096599
			55.8875818491538	-43.9511959096599
			55.9271063059071	-43.9511959096599
			55.9666307626604	-43.9907203664132
			56.0061552194137	-43.9907203664132
			56.045679676167	-43.9907203664132
			56.0852041329203	-43.9907203664132
			56.1247285896736	-44.0302448231665
			56.1642530464269	-44.0302448231665
			56.2037775031802	-44.0302448231665
			56.2433019599335	-44.0302448231665
			56.2828264166868	-44.0697692799198
			56.3223508734401	-44.0697692799198
			56.3618753301933	-44.0697692799198
			56.4013997869466	-44.109293736673
			56.4409242436999	-44.109293736673
			56.4804487004532	-44.109293736673
			56.5199731572065	-44.1488181934263
			56.5594976139598	-44.1488181934263
			56.5990220707131	-44.1488181934263
			56.6385465274664	-44.1883426501796
			56.6780709842197	-44.1883426501796
			56.717595440973	-44.2278671069329
			56.7571198977263	-44.2278671069329
			56.7966443544795	-44.2278671069329
			56.8361688112328	-44.2673915636862
			56.8756932679861	-44.2673915636862
			56.9152177247394	-44.3069160204395
			56.9547421814927	-44.3069160204395
			56.994266638246	-44.3464404771928
			57.0337910949993	-44.3464404771928
			57.0733155517526	-44.3859649339461
			57.1128400085059	-44.3859649339461
			57.1523644652592	-44.4254893906994
			57.1918889220125	-44.4650138474527
			57.2314133787658	-44.4650138474527
			57.270937835519	-44.4650138474527
			57.270937835519	-44.504538304206
			57.3104622922723	-44.504538304206
			57.3499867490256	-44.504538304206
			57.3499867490256	-44.5440627609592
			57.3895112057789	-44.5440627609592
			57.4290356625322	-44.5835872177125
			57.4685601192855	-44.5835872177125
			57.5080845760388	-44.6231116744658
			57.5476090327921	-44.6626361312191
			57.5871334895454	-44.6626361312191
			57.6266579462987	-44.7021605879724
			57.6661824030519	-44.7021605879724
			57.6661824030519	-44.7416850447257
			57.7057068598052	-44.781209501479
			57.7452313165585	-44.781209501479
			57.7847557733118	-44.8207339582323
			57.8242802300651	-44.8602584149856
			57.8638046868184	-44.8602584149856
			57.9033291435717	-44.8997828717389
			57.942853600325	-44.9393073284922
			57.9823780570783	-44.9393073284922
			58.0219025138316	-44.9788317852455
			58.0614269705849	-45.0183562419987
			58.0614269705849	-45.057880698752
			58.1009514273382	-45.057880698752
			58.1404758840914	-45.0974051555053
			58.1800003408447	-45.1369296122586
			58.219524797598	-45.1764540690119
			58.2590492543513	-45.1764540690119
			58.2985737111046	-45.2159785257652
			58.3380981678579	-45.2555029825185
			58.3776226246112	-45.2950274392718
			58.4171470813645	-45.3345518960251
			58.4566715381178	-45.3740763527784
			58.4961959948711	-45.4136008095317
			58.5357204516244	-45.4531252662849
			58.5752449083776	-45.4926497230382
			58.6147693651309	-45.4926497230382
			58.6147693651309	-45.5321741797915
			58.6542938218842	-45.5716986365448
			58.6938182786375	-45.5716986365448
			58.6938182786375	-45.6112230932981
			58.7333427353908	-45.6507475500514
			58.7728671921441	-45.6507475500514
			58.7728671921441	-45.6902720068047
			58.8123916488974	-45.729796463558
			58.8519161056507	-45.7693209203113
			58.891440562404	-45.8088453770646
			58.9309650191573	-45.8483698338179
			58.9704894759106	-45.8878942905712
			59.0100139326639	-45.8878942905712
			59.0495383894171	-45.9274187473244
			59.0890628461704	-45.9274187473244
			59.1285873029237	-45.9274187473244
			59.168111759677	-45.9274187473244
			59.2076362164303	-45.9669432040777
			59.2471606731836	-45.9669432040777
			59.2866851299369	-45.9669432040777
			59.3262095866902	-46.006467660831
			59.3657340434435	-46.006467660831
			59.4052585001968	-46.0459921175843
			59.4447829569501	-46.0459921175843
			59.4843074137033	-46.0459921175843
			59.5238318704566	-46.0855165743376
			59.5633563272099	-46.0855165743376
			59.6028807839632	-46.1250410310909
			59.6424052407165	-46.1250410310909
			59.6819296974698	-46.1645654878442
			59.7214541542231	-46.1645654878442
			59.7609786109764	-46.2040899445975
			59.7609786109764	-46.2436144013508
			59.8005030677297	-46.2436144013508
			59.840027524483	-46.2831388581041
			59.8795519812363	-46.3226633148574
			59.9190764379896	-46.3226633148574
			59.9586008947428	-46.3621877716106
			59.9586008947428	-46.4017122283639
			59.9981253514961	-46.4017122283639
			60.0376498082494	-46.4412366851172
			60.0771742650027	-46.4807611418705
			60.116698721756	-46.5202855986238
			60.1562231785093	-46.5598100553771
			60.1957476352626	-46.5993345121304
			60.2352720920159	-46.6388589688837
			60.2352720920159	-46.678383425637
			60.2747965487692	-46.7179078823903
			60.3143210055225	-46.7574323391436
			60.3538454622758	-46.7969567958969
			60.3538454622758	-46.8364812526501
			60.393369919029	-46.8760057094034
			60.393369919029	-46.9155301661567
			60.4328943757823	-46.95505462291
			60.4328943757823	-46.9945790796633
			60.4724188325356	-47.0341035364166
			60.5119432892889	-47.0736279931699
			60.5119432892889	-47.1131524499232
			60.5119432892889	-47.1526769066765
			60.5514677460422	-47.1922013634298
			60.5514677460422	-47.2317258201831
			60.5909922027955	-47.2712502769363
			60.5909922027955	-47.3107747336896
			60.5909922027955	-47.3502991904429
			60.6305166595488	-47.3898236471962
			60.6305166595488	-47.4293481039495
			60.6700411163021	-47.4688725607028
			60.6700411163021	-47.5083970174561
			60.6700411163021	-47.5479214742094
			60.7095655730554	-47.5874459309627
			60.7095655730554	-47.626970387716
			60.7095655730554	-47.6664948444693
			60.7095655730554	-47.7060193012226
			60.7490900298087	-47.7455437579758
			60.7490900298087	-47.7850682147291
			60.7490900298087	-47.8245926714824
			60.7490900298087	-47.8641171282357
			60.788614486562	-47.903641584989
			60.788614486562	-47.9431660417423
			60.788614486562	-47.9826904984956
			60.788614486562	-48.0222149552489
			60.788614486562	-48.0617394120022
			60.8281389433153	-48.1012638687555
			60.8281389433153	-48.1407883255088
			60.8281389433153	-48.180312782262
			60.8281389433153	-48.2198372390153
			60.8281389433153	-48.2593616957686
			60.8281389433153	-48.2988861525219
			60.8676634000685	-48.3384106092752
			60.8676634000685	-48.3779350660285
			60.8676634000685	-48.4174595227818
			60.8676634000685	-48.4569839795351
			60.8676634000685	-48.4965084362884
			60.9071878568218	-48.5360328930417
			60.9467123135751	-48.575557349795
			60.9862367703284	-48.6150818065483
			61.0257612270817	-48.6150818065483
			61.065285683835	-48.6546062633015
			61.065285683835	-48.6941307200548
			61.1048101405883	-48.7336551768081
			61.1443345973416	-48.7336551768081
			61.1838590540949	-48.7731796335614
			61.1838590540949	-48.8127040903147
			61.2233835108482	-48.852228547068
			61.2629079676015	-48.8917530038213
			61.3024324243547	-48.9312774605746
			61.341956881108	-48.9708019173279
			61.3814813378613	-49.0103263740812
			61.3814813378613	-49.0498508308345
			61.4210057946146	-49.0893752875877
			61.4605302513679	-49.128899744341
			61.4605302513679	-49.1684242010943
			61.5000547081212	-49.1684242010943
			61.5395791648745	-49.2079486578476
			61.5395791648745	-49.2474731146009
			61.5791036216278	-49.2869975713542
			61.6186280783811	-49.3265220281075
			61.6186280783811	-49.3660464848608
			61.6581525351344	-49.4055709416141
			61.6581525351344	-49.4450953983674
			61.6976769918877	-49.4846198551207
			61.6976769918877	-49.524144311874
			61.737201448641	-49.5636687686272
			61.737201448641	-49.6031932253805
			61.7767259053942	-49.6427176821338
			61.7767259053942	-49.6822421388871
			61.8162503621475	-49.7217665956404
			61.8162503621475	-49.7612910523937
			61.8162503621475	-49.800815509147
			61.8557748189008	-49.800815509147
			61.8557748189008	-49.8403399659003
			61.8557748189008	-49.8798644226536
			61.8557748189008	-49.9193888794069
			61.8952992756541	-49.9589133361602
			61.8952992756541	-49.9984377929134
			61.8952992756541	-50.0379622496667
			61.8952992756541	-50.07748670642
			61.8952992756541	-50.1170111631733
			61.9348237324074	-50.1565356199266
			61.9348237324074	-50.1960600766799
			61.9348237324074	-50.2355845334332
			61.9348237324074	-50.2751089901865
		</c1>
		<c2 type=matrix rownames=FALSE colnames=FALSE nrow=569 ncol=2 as.numeric=TRUE >
			61.9348237324074	-50.2751089901865
			61.8952992756541	-50.2355845334332
			61.8557748189008	-50.1960600766799
			61.8162503621475	-50.1565356199266
			61.7767259053942	-50.1170111631733
			61.737201448641	-50.1170111631733
			61.6976769918877	-50.07748670642
			61.6581525351344	-50.07748670642
			61.6581525351344	-50.0379622496667
			61.6186280783811	-50.0379622496667
			61.5791036216278	-50.0379622496667
			61.5395791648745	-49.9984377929134
			61.5000547081212	-49.9984377929134
			61.4605302513679	-49.9984377929134
			61.4605302513679	-49.9589133361602
			61.4210057946146	-49.9589133361602
			61.3814813378613	-49.9589133361602
			61.341956881108	-49.9193888794069
			61.3024324243547	-49.9193888794069
			61.2629079676015	-49.9193888794069
			61.2233835108482	-49.9193888794069
			61.1838590540949	-49.9193888794069
			61.1443345973416	-49.8798644226536
			61.1048101405883	-49.8798644226536
			61.065285683835	-49.8798644226536
			61.0257612270817	-49.8798644226536
			60.9862367703284	-49.8798644226536
			60.9467123135751	-49.8798644226536
			60.9071878568218	-49.8798644226536
			60.8676634000685	-49.8798644226536
			60.8281389433153	-49.8798644226536
			60.788614486562	-49.8798644226536
			60.7490900298087	-49.8798644226536
			60.7095655730554	-49.8798644226536
			60.6700411163021	-49.8798644226536
			60.6305166595488	-49.8798644226536
			60.5909922027955	-49.8798644226536
			60.5514677460422	-49.8798644226536
			60.5119432892889	-49.8798644226536
			60.4724188325356	-49.8798644226536
			60.4328943757823	-49.8798644226536
			60.393369919029	-49.8798644226536
			60.3538454622758	-49.8798644226536
			60.3143210055225	-49.8798644226536
			60.2747965487692	-49.8798644226536
			60.2352720920159	-49.8798644226536
			60.1957476352626	-49.9193888794069
			60.1562231785093	-49.9193888794069
			60.116698721756	-49.9193888794069
			60.0771742650027	-49.9193888794069
			60.0376498082494	-49.9193888794069
			59.9981253514961	-49.9193888794069
			59.9586008947428	-49.9193888794069
			59.9190764379896	-49.9193888794069
			59.8795519812363	-49.9589133361602
			59.840027524483	-49.9589133361602
			59.8005030677297	-49.9589133361602
			59.7609786109764	-49.9589133361602
			59.7214541542231	-49.9984377929134
			59.6819296974698	-49.9984377929134
			59.6424052407165	-50.0379622496667
			59.6028807839632	-50.0379622496667
			59.5633563272099	-50.0379622496667
			59.5238318704566	-50.07748670642
			59.4843074137033	-50.07748670642
			59.4447829569501	-50.07748670642
			59.4052585001968	-50.07748670642
			59.3657340434435	-50.1170111631733
			59.3262095866902	-50.1170111631733
			59.2866851299369	-50.1170111631733
			59.2471606731836	-50.1170111631733
			59.2076362164303	-50.1170111631733
			59.168111759677	-50.1170111631733
			59.1285873029237	-50.1170111631733
			59.1285873029237	-50.1565356199266
			59.0890628461704	-50.1565356199266
			59.0495383894171	-50.1565356199266
			59.0100139326639	-50.1565356199266
			58.9704894759106	-50.1565356199266
			58.9309650191573	-50.1565356199266
			58.891440562404	-50.1565356199266
			58.8519161056507	-50.1565356199266
			58.8123916488974	-50.1565356199266
			58.7728671921441	-50.1565356199266
			58.7333427353908	-50.1565356199266
			58.6938182786375	-50.1565356199266
			58.6542938218842	-50.1565356199266
			58.6147693651309	-50.1170111631733
			58.5752449083776	-50.1170111631733
			58.5357204516244	-50.1170111631733
			58.4961959948711	-50.1170111631733
			58.4566715381178	-50.1170111631733
			58.4171470813645	-50.1170111631733
			58.3776226246112	-50.1170111631733
			58.3380981678579	-50.1170111631733
			58.2985737111046	-50.1170111631733
			58.2590492543513	-50.07748670642
			58.219524797598	-50.07748670642
			58.1800003408447	-50.07748670642
			58.1404758840914	-50.07748670642
			58.1009514273382	-50.07748670642
			58.0614269705849	-50.0379622496667
			58.0219025138316	-50.0379622496667
			57.9823780570783	-50.0379622496667
			57.942853600325	-50.0379622496667
			57.9033291435717	-49.9984377929134
			57.8638046868184	-49.9984377929134
			57.8242802300651	-49.9984377929134
			57.7847557733118	-49.9984377929134
			57.7452313165585	-49.9984377929134
			57.7057068598052	-49.9984377929134
			57.6661824030519	-49.9984377929134
			57.6266579462987	-49.9984377929134
			57.5871334895454	-49.9984377929134
			57.5476090327921	-49.9984377929134
			57.5080845760388	-49.9984377929134
			57.4685601192855	-49.9984377929134
			57.4290356625322	-49.9984377929134
			57.4290356625322	-50.0379622496667
			57.3895112057789	-50.0379622496667
			57.3499867490256	-50.0379622496667
			57.3104622922723	-50.0379622496667
			57.270937835519	-50.0379622496667
			57.2314133787658	-50.0379622496667
			57.1918889220125	-50.0379622496667
			57.1523644652592	-50.0379622496667
			57.1128400085059	-50.0379622496667
			57.0733155517526	-50.0379622496667
			57.0337910949993	-50.0379622496667
			56.994266638246	-50.0379622496667
			56.9547421814927	-50.0379622496667
			56.9152177247394	-50.0379622496667
			56.8756932679861	-50.0379622496667
			56.8361688112328	-50.0379622496667
			56.7966443544795	-50.0379622496667
			56.7571198977263	-50.0379622496667
			56.717595440973	-50.0379622496667
			56.6780709842197	-50.0379622496667
			56.6385465274664	-50.0379622496667
			56.5990220707131	-50.0379622496667
			56.5594976139598	-50.0379622496667
			56.5199731572065	-50.0379622496667
			56.4804487004532	-50.0379622496667
			56.4409242436999	-50.0379622496667
			56.4013997869466	-50.0379622496667
			56.3618753301933	-50.0379622496667
			56.3223508734401	-50.0379622496667
			56.2828264166868	-50.0379622496667
			56.2433019599335	-50.0379622496667
			56.2037775031802	-50.0379622496667
			56.1642530464269	-50.0379622496667
			56.1247285896736	-50.0379622496667
			56.0852041329203	-50.0379622496667
			56.045679676167	-50.0379622496667
			56.0061552194137	-50.0379622496667
			55.9666307626604	-50.0379622496667
			55.9271063059071	-50.0379622496667
			55.8875818491538	-49.9984377929134
			55.8480573924006	-49.9984377929134
			55.8085329356473	-49.9984377929134
			55.769008478894	-49.9984377929134
			55.7294840221407	-49.9984377929134
			55.6899595653874	-49.9984377929134
			55.6504351086341	-49.9984377929134
			55.6109106518808	-49.9984377929134
			55.5713861951275	-49.9984377929134
			55.5318617383742	-49.9984377929134
			55.4923372816209	-49.9589133361602
			55.4528128248676	-49.9589133361602
			55.4132883681144	-49.9589133361602
			55.3737639113611	-49.9589133361602
			55.3342394546078	-49.9589133361602
			55.2947149978545	-49.9589133361602
			55.2551905411012	-49.9193888794069
			55.2156660843479	-49.9193888794069
			55.1761416275946	-49.9193888794069
			55.1366171708413	-49.9193888794069
			55.097092714088	-49.9193888794069
			55.0575682573347	-49.8798644226536
			55.0180438005814	-49.8798644226536
			54.9785193438281	-49.8798644226536
			54.9389948870749	-49.8798644226536
			54.8994704303216	-49.9193888794069
			54.8599459735683	-49.9193888794069
			54.820421516815	-49.9193888794069
			54.7808970600617	-49.9193888794069
			54.7413726033084	-49.9193888794069
			54.7018481465551	-49.9193888794069
			54.6623236898018	-49.9589133361602
			54.6227992330485	-49.9589133361602
			54.5832747762952	-49.9589133361602
			54.5437503195419	-49.9589133361602
			54.5042258627887	-49.9589133361602
			54.4647014060354	-49.9589133361602
			54.4251769492821	-49.9589133361602
			54.3856524925288	-49.9984377929134
			54.3461280357755	-49.9984377929134
			54.3066035790222	-49.9984377929134
			54.2670791222689	-49.9984377929134
			54.2275546655156	-49.9984377929134
			54.1880302087623	-49.9984377929134
			54.148505752009	-49.9984377929134
			54.1089812952557	-49.9984377929134
			54.0694568385024	-50.0379622496667
			54.0299323817492	-50.0379622496667
			53.9904079249959	-50.0379622496667
			53.9508834682426	-50.0379622496667
			53.9113590114893	-50.0379622496667
			53.871834554736	-50.0379622496667
			53.8323100979827	-50.0379622496667
			53.7927856412294	-50.0379622496667
			53.7532611844761	-50.0379622496667
			53.7137367277228	-50.07748670642
			53.6742122709695	-50.07748670642
			53.6346878142162	-50.07748670642
			53.595163357463	-50.07748670642
			53.5556389007097	-50.07748670642
			53.5161144439564	-50.07748670642
			53.4765899872031	-50.07748670642
			53.4370655304498	-50.07748670642
			53.3975410736965	-50.07748670642
			53.3580166169432	-50.07748670642
			53.3184921601899	-50.07748670642
			53.2789677034366	-50.07748670642
			53.2394432466833	-50.07748670642
			53.19991878993	-50.07748670642
			53.1603943331767	-50.1170111631733
			53.1208698764235	-50.1170111631733
			53.0813454196702	-50.1170111631733
			53.0418209629169	-50.1170111631733
			53.0022965061636	-50.1170111631733
			52.9627720494103	-50.1170111631733
			52.923247592657	-50.1170111631733
			52.8837231359037	-50.1170111631733
			52.8441986791504	-50.1170111631733
			52.8046742223971	-50.1170111631733
			52.7651497656438	-50.1170111631733
			52.7256253088905	-50.1170111631733
			52.6861008521373	-50.1170111631733
			52.646576395384	-50.1170111631733
			52.6070519386307	-50.1170111631733
			52.5675274818774	-50.1170111631733
			52.5280030251241	-50.1170111631733
			52.4884785683708	-50.1170111631733
			52.4489541116175	-50.1170111631733
			52.4094296548642	-50.1170111631733
			52.3699051981109	-50.1170111631733
			52.3303807413576	-50.1170111631733
			52.2908562846043	-50.1170111631733
			52.251331827851	-50.07748670642
			52.2118073710978	-50.07748670642
			52.1722829143445	-50.07748670642
			52.1327584575912	-50.07748670642
			52.0932340008379	-50.07748670642
			52.0537095440846	-50.07748670642
			52.0141850873313	-50.07748670642
			51.974660630578	-50.07748670642
			51.9351361738247	-50.07748670642
			51.8956117170714	-50.07748670642
			51.8560872603181	-50.07748670642
			51.8165628035648	-50.07748670642
			51.7770383468116	-50.07748670642
			51.7375138900583	-50.0379622496667
			51.697989433305	-50.0379622496667
			51.6584649765517	-50.0379622496667
			51.6189405197984	-50.0379622496667
			51.5794160630451	-50.0379622496667
			51.5398916062918	-50.0379622496667
			51.5003671495385	-50.0379622496667
			51.4608426927852	-50.07748670642
			51.4213182360319	-50.07748670642
			51.3817937792786	-50.07748670642
			51.3422693225253	-50.07748670642
			51.3027448657721	-50.07748670642
			51.2632204090188	-50.07748670642
			51.2236959522655	-50.07748670642
			51.1841714955122	-50.07748670642
			51.1446470387589	-50.1170111631733
			51.1051225820056	-50.1170111631733
			51.0655981252523	-50.1170111631733
			51.026073668499	-50.1170111631733
			50.9865492117457	-50.1170111631733
			50.9470247549924	-50.1170111631733
			50.9075002982391	-50.1170111631733
			50.8679758414859	-50.1565356199266
			50.8284513847326	-50.1565356199266
			50.7889269279793	-50.1565356199266
			50.749402471226	-50.1565356199266
			50.7098780144727	-50.1565356199266
			50.6703535577194	-50.1565356199266
			50.6308291009661	-50.1565356199266
			50.5913046442128	-50.1565356199266
			50.5517801874595	-50.1565356199266
			50.5122557307062	-50.1565356199266
			50.4727312739529	-50.1960600766799
			50.4332068171997	-50.1960600766799
			50.3936823604464	-50.1960600766799
			50.3541579036931	-50.1960600766799
			50.3146334469398	-50.1960600766799
			50.2751089901865	-50.1960600766799
			50.2355845334332	-50.1960600766799
			50.1960600766799	-50.1960600766799
			50.1565356199266	-50.1960600766799
			50.1170111631733	-50.1960600766799
			50.07748670642	-50.2355845334332
			50.0379622496667	-50.2355845334332
			49.9984377929134	-50.2355845334332
			49.9589133361602	-50.2355845334332
			49.9193888794069	-50.2355845334332
			49.8798644226536	-50.2355845334332
			49.8403399659003	-50.2355845334332
			49.800815509147	-50.2355845334332
			49.7612910523937	-50.2355845334332
			49.7217665956404	-50.2355845334332
			49.6822421388871	-50.2355845334332
			49.6427176821338	-50.2355845334332
			49.6031932253805	-50.2355845334332
			49.5636687686272	-50.2355845334332
			49.524144311874	-50.2355845334332
			49.4846198551207	-50.2751089901865
			49.4450953983674	-50.2751089901865
			49.4055709416141	-50.2751089901865
			49.3660464848608	-50.2751089901865
			49.3265220281075	-50.2751089901865
			49.2869975713542	-50.2751089901865
			49.2474731146009	-50.2751089901865
			49.2079486578476	-50.2751089901865
			49.1684242010943	-50.2751089901865
			49.128899744341	-50.2751089901865
			49.0893752875877	-50.2751089901865
			49.0498508308345	-50.2751089901865
			49.0103263740812	-50.2751089901865
			48.9708019173279	-50.2751089901865
			48.9312774605746	-50.2751089901865
			48.8917530038213	-50.2751089901865
			48.852228547068	-50.2751089901865
			48.8127040903147	-50.2751089901865
			48.7731796335614	-50.2751089901865
			48.7336551768081	-50.2751089901865
			48.6941307200548	-50.2751089901865
			48.6546062633015	-50.2751089901865
			48.6150818065483	-50.2751089901865
			48.575557349795	-50.2751089901865
			48.5360328930417	-50.2751089901865
			48.4965084362884	-50.2751089901865
			48.4569839795351	-50.2751089901865
			48.4174595227818	-50.2751089901865
			48.3779350660285	-50.2751089901865
			48.3384106092752	-50.2751089901865
			48.2988861525219	-50.2751089901865
			48.2593616957686	-50.2751089901865
			48.2198372390153	-50.2751089901865
			48.180312782262	-50.2751089901865
			48.1407883255088	-50.2751089901865
			48.1012638687555	-50.2751089901865
			48.0617394120022	-50.2751089901865
			48.0222149552489	-50.2751089901865
			47.9826904984956	-50.2751089901865
			47.9431660417423	-50.2751089901865
			47.903641584989	-50.2751089901865
			47.8641171282357	-50.2751089901865
			47.8245926714824	-50.2751089901865
			47.7850682147291	-50.2751089901865
			47.7455437579758	-50.2751089901865
			47.7060193012226	-50.2355845334332
			47.6664948444693	-50.2355845334332
			47.626970387716	-50.2355845334332
			47.5874459309627	-50.2355845334332
			47.5479214742094	-50.2355845334332
			47.5083970174561	-50.2355845334332
			47.4688725607028	-50.2355845334332
			47.4293481039495	-50.2355845334332
			47.3898236471962	-50.2355845334332
			47.3502991904429	-50.2751089901865
			47.3107747336896	-50.2751089901865
			47.2712502769363	-50.2751089901865
			47.2317258201831	-50.2751089901865
			47.1922013634298	-50.2751089901865
			47.1526769066765	-50.2751089901865
			47.1131524499232	-50.3146334469398
			47.0736279931699	-50.3146334469398
			47.0341035364166	-50.3146334469398
			46.9945790796633	-50.3146334469398
			46.95505462291	-50.3146334469398
			46.9155301661567	-50.3541579036931
			46.8760057094034	-50.3541579036931
			46.8364812526501	-50.3541579036931
			46.7969567958969	-50.3541579036931
			46.7574323391436	-50.3541579036931
			46.7179078823903	-50.3541579036931
			46.678383425637	-50.3541579036931
			46.6388589688837	-50.3541579036931
			46.5993345121304	-50.3936823604464
			46.5598100553771	-50.3936823604464
			46.5202855986238	-50.3936823604464
			46.4807611418705	-50.3936823604464
			46.4412366851172	-50.3936823604464
			46.4017122283639	-50.3936823604464
			46.3621877716106	-50.3936823604464
			46.3226633148574	-50.3936823604464
			46.2831388581041	-50.3936823604464
			46.2436144013508	-50.3936823604464
			46.2040899445975	-50.3936823604464
			46.1645654878442	-50.3936823604464
			46.1250410310909	-50.4332068171997
			46.0855165743376	-50.4332068171997
			46.0459921175843	-50.4332068171997
			46.006467660831	-50.4332068171997
			45.9669432040777	-50.4332068171997
			45.9274187473244	-50.4332068171997
			45.8878942905712	-50.4332068171997
			45.8483698338179	-50.4332068171997
			45.8088453770646	-50.4332068171997
			45.7693209203113	-50.4332068171997
			45.729796463558	-50.4332068171997
			45.6902720068047	-50.4332068171997
			45.6507475500514	-50.4332068171997
			45.6112230932981	-50.4332068171997
			45.5716986365448	-50.4332068171997
			45.5321741797915	-50.4332068171997
			45.4926497230382	-50.4332068171997
			45.4531252662849	-50.4332068171997
			45.4136008095317	-50.4332068171997
			45.3740763527784	-50.4332068171997
			45.3345518960251	-50.4332068171997
			45.2950274392718	-50.3936823604464
			45.2555029825185	-50.3936823604464
			45.2159785257652	-50.3936823604464
			45.1764540690119	-50.3936823604464
			45.1369296122586	-50.3936823604464
			45.0974051555053	-50.3936823604464
			45.057880698752	-50.3936823604464
			45.0183562419987	-50.3936823604464
			44.9788317852455	-50.3936823604464
			44.9393073284922	-50.3936823604464
			44.8997828717389	-50.3936823604464
			44.8602584149856	-50.3936823604464
			44.8207339582323	-50.3541579036931
			44.781209501479	-50.3541579036931
			44.7416850447257	-50.3541579036931
			44.7021605879724	-50.3541579036931
			44.6626361312191	-50.3541579036931
			44.6231116744658	-50.3541579036931
			44.5835872177125	-50.3541579036931
			44.5440627609592	-50.3146334469398
			44.504538304206	-50.3146334469398
			44.4650138474527	-50.3146334469398
			44.4254893906994	-50.3146334469398
			44.3859649339461	-50.3146334469398
			44.3464404771928	-50.3146334469398
			44.3069160204395	-50.2751089901865
			44.2673915636862	-50.2751089901865
			44.2278671069329	-50.2751089901865
			44.1883426501796	-50.2751089901865
			44.1488181934263	-50.3146334469398
			44.109293736673	-50.3146334469398
			44.0697692799198	-50.3146334469398
			44.0302448231665	-50.3146334469398
			43.9907203664132	-50.3541579036931
			43.9511959096599	-50.3541579036931
			43.9116714529066	-50.3541579036931
			43.8721469961533	-50.3541579036931
			43.8326225394	-50.3541579036931
			43.7930980826467	-50.3936823604464
			43.7535736258934	-50.3936823604464
			43.7140491691401	-50.3936823604464
			43.6745247123868	-50.3936823604464
			43.6350002556336	-50.4332068171997
			43.5954757988803	-50.4332068171997
			43.555951342127	-50.4332068171997
			43.5164268853737	-50.4332068171997
			43.4769024286204	-50.4332068171997
			43.4373779718671	-50.4332068171997
			43.3978535151138	-50.4332068171997
			43.3583290583605	-50.4332068171997
			43.3188046016072	-50.4332068171997
			43.2792801448539	-50.4727312739529
			43.2397556881006	-50.4727312739529
			43.2002312313474	-50.4727312739529
			43.1607067745941	-50.4727312739529
			43.1211823178408	-50.4727312739529
			43.0816578610875	-50.4727312739529
			43.0421334043342	-50.4727312739529
			43.0026089475809	-50.4727312739529
			42.9630844908276	-50.4727312739529
			42.9235600340743	-50.4727312739529
			42.884035577321	-50.4332068171997
			42.8445111205677	-50.4332068171997
			42.8049866638144	-50.4332068171997
			42.7654622070611	-50.4332068171997
			42.7259377503079	-50.4332068171997
			42.6864132935546	-50.4332068171997
			42.6468888368013	-50.4332068171997
			42.607364380048	-50.4332068171997
			42.5678399232947	-50.3936823604464
			42.5283154665414	-50.3936823604464
			42.4887910097881	-50.3936823604464
			42.4492665530348	-50.3936823604464
			42.4097420962815	-50.3541579036931
			42.3702176395282	-50.3541579036931
			42.3306931827749	-50.3541579036931
			42.2911687260217	-50.3541579036931
			42.2516442692684	-50.3146334469398
			42.2121198125151	-50.3146334469398
			42.1725953557618	-50.3146334469398
			42.1330708990085	-50.2751089901865
			42.0935464422552	-50.2751089901865
			42.0540219855019	-50.2355845334332
			42.0144975287486	-50.2355845334332
			41.9749730719953	-50.1960600766799
			41.935448615242	-50.1960600766799
			41.8959241584887	-50.1565356199266
			41.8563997017354	-50.1565356199266
			41.8168752449822	-50.1170111631733
			41.7773507882289	-50.1170111631733
			41.7773507882289	-50.1565356199266
			41.7378263314756	-50.1565356199266
			41.6983018747223	-50.1565356199266
			41.658777417969	-50.1960600766799
			41.6192529612157	-50.1960600766799
			41.5797285044624	-50.1960600766799
			41.5402040477091	-50.1960600766799
			41.5006795909558	-50.2355845334332
			41.4611551342025	-50.2355845334332
			41.4216306774492	-50.2355845334332
			41.382106220696	-50.2751089901865
			41.3425817639427	-50.2751089901865
			41.3030573071894	-50.2751089901865
			41.2635328504361	-50.2751089901865
			41.2240083936828	-50.2751089901865
			41.1844839369295	-50.2751089901865
			41.1449594801762	-50.2751089901865
			41.1054350234229	-50.3146334469398
			41.0659105666696	-50.3146334469398
			41.0263861099163	-50.3146334469398
			40.986861653163	-50.3146334469398
			40.9473371964097	-50.3146334469398
			40.9078127396565	-50.3146334469398
			40.8682882829032	-50.3146334469398
			40.8287638261499	-50.3146334469398
			40.7892393693966	-50.3146334469398
			40.7497149126433	-50.3146334469398
			40.71019045589	-50.3146334469398
			40.6706659991367	-50.3146334469398
			40.6311415423834	-50.2751089901865
			40.5916170856301	-50.2751089901865
			40.5520926288768	-50.2751089901865
			40.5125681721235	-50.2751089901865
			40.4730437153703	-50.2751089901865
			40.433519258617	-50.2751089901865
			40.3939948018637	-50.2751089901865
			40.3544703451104	-50.2751089901865
			40.3544703451104	-50.2355845334332
			40.3149458883571	-50.2355845334332
			40.2754214316038	-50.2355845334332
			40.2358969748505	-50.2355845334332
			40.1963725180972	-50.2355845334332
			40.1568480613439	-50.1960600766799
			40.1173236045906	-50.1960600766799
			40.0777991478373	-50.1960600766799
			40.038274691084	-50.1960600766799
			39.9987502343308	-50.1565356199266
			39.9592257775775	-50.1565356199266
			39.9197013208242	-50.1565356199266
			39.8801768640709	-50.1170111631733
			39.8406524073176	-50.1170111631733
			39.8011279505643	-50.1170111631733
			39.761603493811	-50.07748670642
			39.7220790370577	-50.07748670642
		</c2>
	</curves.scaled>
	<ruler.points type=matrix rownames=TRUE colnames=FALSE nrow=2 ncol=2 as.numeric=TRUE >
		Ruler point 1	2161	273
		Ruler point 2	2414	271
	</ruler.points>
</shapes>

