<shapes type=list>
	<ruler.pixel type=vector names=FALSE length=1 as.numeric=TRUE >250.127967248766</ruler.pixel>
	<ruler.interval type=vector names=FALSE length=1 as.numeric=TRUE >10</ruler.interval>
	<scaling.units type=vector names=FALSE length=1 as.numeric=FALSE >undefined</scaling.units>
	<scaling type=vector names=FALSE length=1 as.numeric=TRUE >0.0399795357152302</scaling>
	<landmarks.pixel type=matrix rownames=TRUE colnames=FALSE nrow=2 ncol=2 as.numeric=TRUE >
		LM1	1088	1080
		LM2	1571	1082
	</landmarks.pixel>
	<landmarks.scaled type=matrix rownames=TRUE colnames=FALSE nrow=2 ncol=2 as.numeric=TRUE >
		LM1	43.4977348581705	-43.1778985724487
		LM2	62.8078506086267	-43.2578576438791
	</landmarks.scaled>
	<curves.control type=list>
		<c1 type=matrix rownames=FALSE colnames=FALSE nrow=11 ncol=2 as.numeric=TRUE >
			1088	1080
			1114	1022
			1197	985
			1233	950
			1294	941
			1419	904
			1464	956
			1513	971
			1539	1022
			1584	1070
			1571	1082
		</c1>
		<c2 type=matrix rownames=FALSE colnames=FALSE nrow=15 ncol=2 as.numeric=TRUE >
			1571	1082
			1562	1089
			1552	1085
			1536	1084
			1524	1080
			1497	1082
			1480	1076
			1443	1076
			1419	1074
			1347	1069
			1290	1068
			1214	1075
			1168	1074
			1126	1078
			1088	1080
		</c2>
	</curves.control>
	<curves.pixel type=list>
		<c1 type=matrix rownames=FALSE colnames=FALSE nrow=554 ncol=2 as.numeric=TRUE >
			1088	1080
			1088	1079
			1089	1078
			1089	1077
			1090	1076
			1090	1075
			1091	1074
			1091	1073
			1092	1072
			1093	1071
			1093	1070
			1094	1069
			1094	1068
			1095	1067
			1096	1066
			1096	1065
			1096	1064
			1097	1063
			1097	1062
			1098	1062
			1098	1061
			1099	1060
			1099	1059
			1100	1059
			1101	1058
			1101	1057
			1102	1056
			1103	1055
			1103	1054
			1104	1053
			1105	1052
			1105	1051
			1106	1050
			1107	1049
			1108	1048
			1109	1047
			1110	1046
			1111	1045
			1112	1044
			1113	1043
			1113	1042
			1114	1041
			1115	1040
			1116	1039
			1117	1038
			1118	1037
			1119	1036
			1119	1035
			1120	1035
			1121	1034
			1122	1033
			1123	1032
			1124	1031
			1125	1030
			1126	1029
			1127	1028
			1128	1028
			1129	1027
			1130	1026
			1131	1025
			1132	1024
			1133	1023
			1134	1023
			1135	1022
			1136	1021
			1137	1020
			1138	1019
			1139	1019
			1140	1018
			1141	1017
			1142	1016
			1143	1015
			1144	1015
			1145	1014
			1146	1013
			1147	1013
			1148	1012
			1149	1011
			1150	1011
			1151	1010
			1152	1010
			1152	1009
			1153	1008
			1154	1008
			1155	1007
			1156	1007
			1157	1006
			1158	1006
			1158	1005
			1159	1005
			1160	1004
			1161	1004
			1162	1003
			1163	1003
			1164	1002
			1165	1002
			1165	1001
			1166	1000
			1167	1000
			1168	999
			1169	999
			1170	998
			1171	998
			1172	997
			1173	997
			1174	996
			1175	996
			1176	995
			1177	995
			1178	994
			1179	994
			1180	993
			1181	993
			1182	992
			1183	992
			1183	991
			1184	991
			1185	990
			1186	990
			1187	989
			1188	989
			1189	989
			1190	988
			1191	988
			1192	987
			1193	987
			1194	986
			1195	986
			1196	985
			1197	985
			1198	984
			1199	983
			1200	982
			1201	981
			1202	980
			1203	980
			1204	979
			1205	978
			1205	977
			1206	977
			1207	976
			1208	975
			1209	975
			1210	974
			1211	973
			1212	973
			1212	972
			1213	971
			1214	971
			1215	970
			1216	969
			1217	969
			1218	968
			1219	968
			1220	967
			1221	966
			1222	966
			1223	965
			1224	965
			1225	964
			1226	963
			1227	963
			1228	962
			1229	962
			1230	961
			1231	961
			1232	960
			1233	960
			1234	959
			1235	959
			1236	958
			1237	958
			1238	957
			1239	957
			1240	956
			1241	956
			1242	955
			1243	955
			1244	954
			1245	954
			1246	953
			1247	953
			1248	953
			1249	952
			1250	952
			1251	952
			1252	951
			1253	951
			1254	951
			1255	950
			1256	950
			1257	950
			1258	949
			1259	949
			1260	949
			1261	948
			1262	948
			1263	948
			1264	947
			1265	947
			1266	947
			1267	946
			1268	946
			1269	946
			1270	946
			1271	946
			1272	945
			1273	945
			1274	945
			1275	945
			1275	944
			1276	944
			1277	944
			1278	944
			1279	944
			1280	943
			1281	943
			1282	943
			1283	943
			1284	943
			1285	942
			1286	942
			1287	942
			1288	942
			1289	942
			1290	942
			1291	941
			1292	941
			1293	941
			1294	941
			1295	941
			1296	940
			1297	940
			1298	940
			1299	940
			1300	939
			1301	939
			1302	939
			1303	938
			1304	938
			1305	938
			1306	938
			1307	937
			1308	937
			1309	937
			1310	936
			1311	936
			1312	936
			1313	936
			1314	935
			1315	935
			1316	935
			1317	935
			1318	934
			1319	934
			1320	934
			1321	934
			1322	934
			1323	933
			1324	933
			1325	933
			1326	933
			1327	932
			1328	932
			1329	932
			1330	932
			1331	932
			1332	931
			1333	931
			1334	931
			1335	931
			1336	931
			1337	931
			1338	930
			1339	930
			1340	930
			1341	930
			1342	930
			1342	929
			1343	929
			1344	929
			1345	929
			1346	929
			1347	929
			1348	929
			1349	928
			1350	928
			1351	928
			1352	928
			1353	928
			1354	928
			1355	928
			1356	928
			1357	927
			1358	927
			1359	927
			1360	927
			1361	927
			1362	927
			1363	927
			1364	927
			1365	927
			1366	926
			1367	926
			1368	926
			1369	926
			1370	926
			1371	926
			1372	926
			1373	926
			1374	926
			1375	926
			1376	926
			1377	926
			1378	926
			1379	926
			1380	926
			1381	926
			1382	926
			1383	926
			1384	926
			1385	926
			1386	926
			1387	926
			1388	926
			1389	926
			1390	926
			1391	926
			1392	926
			1393	926
			1394	926
			1395	926
			1396	926
			1397	926
			1398	926
			1399	926
			1400	926
			1401	926
			1402	927
			1403	927
			1404	927
			1405	927
			1406	927
			1407	927
			1408	927
			1409	928
			1410	928
			1411	928
			1412	928
			1413	928
			1414	928
			1415	929
			1416	929
			1417	929
			1418	929
			1419	929
			1420	930
			1421	930
			1422	930
			1423	931
			1424	931
			1425	931
			1426	932
			1427	932
			1428	932
			1429	933
			1430	933
			1431	933
			1432	934
			1433	934
			1434	934
			1435	935
			1436	935
			1437	936
			1438	936
			1439	937
			1440	937
			1441	938
			1442	938
			1443	939
			1444	940
			1445	940
			1446	941
			1447	942
			1448	942
			1449	943
			1450	943
			1451	944
			1452	945
			1453	946
			1454	946
			1455	947
			1456	948
			1457	949
			1458	950
			1459	951
			1460	952
			1461	953
			1462	954
			1463	955
			1464	956
			1465	956
			1466	957
			1467	957
			1468	957
			1469	958
			1470	958
			1471	958
			1472	959
			1473	959
			1474	959
			1475	960
			1476	960
			1477	961
			1478	961
			1479	962
			1480	962
			1481	963
			1482	963
			1483	964
			1484	964
			1485	965
			1486	965
			1487	966
			1488	966
			1489	967
			1490	967
			1491	968
			1492	969
			1493	969
			1494	970
			1495	971
			1496	971
			1497	972
			1498	973
			1499	974
			1500	974
			1501	975
			1502	976
			1503	977
			1504	977
			1505	978
			1506	979
			1507	980
			1508	981
			1509	982
			1510	982
			1511	983
			1512	984
			1513	985
			1514	986
			1514	987
			1515	988
			1516	989
			1517	990
			1518	991
			1519	992
			1520	993
			1521	994
			1521	995
			1522	996
			1523	997
			1524	998
			1525	999
			1525	1000
			1526	1001
			1527	1002
			1528	1003
			1529	1004
			1529	1005
			1530	1006
			1530	1007
			1531	1007
			1531	1008
			1532	1009
			1532	1010
			1533	1011
			1534	1012
			1534	1013
			1535	1014
			1535	1015
			1536	1016
			1536	1017
			1537	1018
			1537	1019
			1538	1020
			1539	1021
			1539	1022
			1540	1023
			1541	1024
			1542	1025
			1542	1026
			1543	1026
			1544	1027
			1544	1028
			1545	1028
			1545	1029
			1546	1029
			1546	1030
			1547	1030
			1547	1031
			1548	1032
			1549	1033
			1550	1034
			1551	1035
			1552	1036
			1553	1037
			1554	1038
			1554	1039
			1555	1040
			1555	1041
			1556	1041
			1556	1042
			1557	1043
			1558	1044
			1559	1045
			1560	1046
			1561	1047
			1561	1048
			1562	1049
			1562	1050
			1563	1050
			1563	1051
			1564	1052
			1565	1053
			1565	1054
			1566	1055
			1567	1056
			1567	1057
			1568	1058
			1568	1059
			1569	1060
			1570	1061
			1570	1062
			1570	1063
			1571	1064
			1572	1065
			1572	1066
			1572	1067
			1573	1068
			1573	1069
			1573	1070
			1573	1071
			1574	1072
			1574	1073
			1574	1074
			1574	1075
			1574	1076
			1574	1077
			1574	1078
			1573	1079
			1573	1080
			1572	1081
			1571	1082
		</c1>
		<c2 type=matrix rownames=FALSE colnames=FALSE nrow=490 ncol=2 as.numeric=TRUE >
			1571	1082
			1570	1082
			1570	1083
			1569	1083
			1568	1084
			1567	1084
			1566	1085
			1565	1085
			1564	1086
			1563	1086
			1562	1086
			1561	1086
			1560	1086
			1559	1086
			1558	1086
			1557	1086
			1556	1086
			1555	1086
			1554	1086
			1553	1085
			1552	1085
			1551	1085
			1550	1085
			1549	1085
			1548	1085
			1547	1085
			1546	1084
			1545	1084
			1544	1084
			1543	1084
			1542	1084
			1541	1084
			1540	1084
			1539	1084
			1538	1083
			1537	1083
			1536	1083
			1535	1083
			1534	1083
			1533	1082
			1532	1082
			1531	1082
			1530	1082
			1529	1081
			1528	1081
			1527	1081
			1526	1081
			1525	1080
			1524	1080
			1523	1080
			1522	1080
			1521	1080
			1520	1080
			1519	1080
			1518	1080
			1517	1080
			1516	1080
			1515	1080
			1514	1080
			1513	1080
			1512	1080
			1511	1080
			1510	1080
			1509	1080
			1508	1080
			1507	1080
			1506	1080
			1505	1080
			1504	1080
			1503	1080
			1502	1080
			1501	1080
			1500	1080
			1499	1080
			1498	1080
			1497	1080
			1496	1080
			1495	1080
			1494	1079
			1493	1079
			1492	1079
			1491	1079
			1490	1079
			1489	1078
			1488	1078
			1487	1078
			1486	1078
			1485	1078
			1485	1077
			1484	1077
			1483	1077
			1482	1077
			1481	1076
			1480	1076
			1479	1076
			1478	1076
			1477	1076
			1476	1076
			1475	1076
			1474	1076
			1473	1076
			1472	1076
			1471	1076
			1470	1076
			1469	1076
			1468	1076
			1467	1076
			1466	1076
			1465	1076
			1464	1076
			1463	1076
			1462	1076
			1461	1076
			1460	1076
			1459	1076
			1458	1076
			1457	1076
			1456	1076
			1455	1076
			1454	1076
			1453	1076
			1452	1076
			1451	1076
			1450	1076
			1449	1076
			1448	1076
			1447	1076
			1446	1075
			1445	1075
			1444	1075
			1443	1075
			1442	1075
			1441	1075
			1440	1075
			1439	1075
			1438	1075
			1437	1075
			1436	1075
			1435	1075
			1434	1075
			1433	1075
			1432	1075
			1431	1075
			1430	1075
			1429	1075
			1428	1075
			1427	1075
			1426	1075
			1426	1074
			1425	1074
			1424	1074
			1423	1074
			1422	1074
			1421	1074
			1420	1074
			1419	1074
			1418	1074
			1417	1074
			1416	1074
			1415	1074
			1414	1074
			1413	1074
			1412	1074
			1411	1073
			1410	1073
			1409	1073
			1408	1073
			1407	1073
			1406	1073
			1405	1073
			1404	1073
			1403	1073
			1402	1073
			1401	1073
			1400	1073
			1399	1073
			1398	1073
			1397	1073
			1396	1072
			1395	1072
			1394	1072
			1393	1072
			1392	1072
			1391	1072
			1390	1072
			1389	1072
			1388	1072
			1387	1072
			1386	1072
			1385	1072
			1384	1072
			1383	1072
			1382	1072
			1381	1072
			1380	1072
			1379	1071
			1378	1071
			1377	1071
			1376	1071
			1375	1071
			1374	1071
			1373	1071
			1372	1071
			1371	1071
			1370	1071
			1369	1071
			1368	1071
			1367	1071
			1366	1071
			1365	1071
			1364	1071
			1363	1071
			1362	1071
			1361	1070
			1360	1070
			1359	1070
			1358	1070
			1357	1070
			1356	1070
			1355	1070
			1354	1070
			1353	1070
			1352	1070
			1351	1070
			1350	1070
			1349	1070
			1348	1070
			1347	1070
			1346	1070
			1345	1070
			1344	1070
			1343	1070
			1342	1070
			1341	1070
			1340	1070
			1339	1069
			1338	1069
			1337	1069
			1336	1069
			1335	1069
			1334	1069
			1333	1069
			1332	1069
			1331	1069
			1330	1069
			1329	1069
			1328	1069
			1327	1069
			1326	1069
			1325	1069
			1324	1069
			1323	1069
			1322	1069
			1321	1069
			1320	1069
			1319	1069
			1318	1069
			1317	1069
			1316	1069
			1315	1069
			1314	1069
			1313	1069
			1312	1069
			1311	1068
			1310	1068
			1309	1068
			1308	1068
			1307	1068
			1306	1068
			1305	1068
			1304	1068
			1303	1068
			1302	1068
			1301	1068
			1300	1068
			1299	1068
			1298	1068
			1297	1068
			1296	1068
			1295	1068
			1294	1068
			1293	1068
			1292	1068
			1291	1068
			1290	1068
			1289	1068
			1288	1068
			1287	1068
			1286	1068
			1285	1068
			1284	1069
			1283	1069
			1282	1069
			1281	1069
			1280	1069
			1279	1069
			1278	1069
			1277	1069
			1276	1069
			1275	1069
			1274	1069
			1273	1070
			1272	1070
			1271	1070
			1270	1070
			1269	1070
			1268	1070
			1267	1070
			1266	1070
			1265	1070
			1264	1070
			1263	1070
			1262	1070
			1261	1070
			1260	1071
			1259	1071
			1258	1071
			1257	1071
			1256	1071
			1255	1071
			1254	1071
			1253	1071
			1252	1071
			1251	1071
			1250	1071
			1249	1071
			1248	1071
			1247	1071
			1247	1072
			1246	1072
			1245	1072
			1244	1072
			1243	1072
			1242	1072
			1241	1072
			1240	1072
			1239	1072
			1238	1072
			1237	1072
			1236	1072
			1235	1072
			1234	1072
			1233	1072
			1232	1072
			1231	1072
			1231	1073
			1230	1073
			1229	1073
			1228	1073
			1227	1073
			1226	1073
			1225	1073
			1224	1073
			1223	1073
			1222	1073
			1221	1073
			1220	1073
			1219	1073
			1218	1073
			1217	1073
			1216	1073
			1215	1073
			1214	1073
			1213	1073
			1212	1073
			1211	1073
			1210	1073
			1210	1074
			1209	1074
			1208	1074
			1207	1074
			1206	1074
			1205	1074
			1204	1074
			1203	1074
			1202	1074
			1201	1074
			1200	1074
			1199	1074
			1198	1074
			1197	1074
			1196	1074
			1195	1074
			1194	1074
			1193	1074
			1192	1074
			1191	1074
			1190	1074
			1189	1074
			1188	1074
			1187	1074
			1186	1074
			1185	1074
			1184	1074
			1183	1074
			1182	1074
			1181	1074
			1180	1074
			1179	1074
			1178	1074
			1177	1074
			1176	1074
			1175	1074
			1174	1074
			1173	1074
			1172	1074
			1171	1074
			1170	1074
			1169	1074
			1168	1074
			1167	1074
			1166	1074
			1165	1074
			1164	1074
			1163	1074
			1162	1075
			1161	1075
			1160	1075
			1159	1075
			1158	1075
			1157	1075
			1156	1075
			1155	1075
			1154	1075
			1153	1075
			1152	1075
			1151	1076
			1150	1076
			1149	1076
			1148	1076
			1147	1076
			1146	1076
			1145	1076
			1144	1076
			1143	1076
			1142	1076
			1141	1076
			1140	1076
			1139	1077
			1138	1077
			1137	1077
			1136	1077
			1135	1077
			1134	1077
			1133	1077
			1132	1077
			1131	1077
			1130	1077
			1129	1077
			1128	1077
			1127	1078
			1126	1078
			1125	1078
			1124	1078
			1123	1078
			1122	1078
			1121	1078
			1120	1078
			1119	1078
			1118	1078
			1117	1078
			1116	1078
			1115	1078
			1114	1078
			1113	1079
			1112	1079
			1111	1079
			1110	1079
			1109	1079
			1108	1079
			1107	1079
			1106	1079
			1105	1079
			1104	1079
			1103	1079
			1102	1079
			1101	1079
			1100	1079
			1099	1079
			1098	1079
			1097	1079
			1096	1080
			1095	1080
			1094	1080
			1093	1080
			1092	1080
			1091	1080
			1090	1080
			1089	1080
			1088	1080
		</c2>
	</curves.pixel>
	<curves.scaled type=list>
		<c1 type=matrix rownames=FALSE colnames=FALSE nrow=554 ncol=2 as.numeric=TRUE >
			43.4977348581705	-43.1778985724487
			43.4977348581705	-43.1379190367334
			43.5377143938857	-43.0979395010182
			43.5377143938857	-43.057959965303
			43.577693929601	-43.0179804295877
			43.577693929601	-42.9780008938725
			43.6176734653162	-42.9380213581573
			43.6176734653162	-42.898041822442
			43.6576530010314	-42.8580622867268
			43.6976325367467	-42.8180827510116
			43.6976325367467	-42.7781032152964
			43.7376120724619	-42.7381236795811
			43.7376120724619	-42.6981441438659
			43.7775916081771	-42.6581646081507
			43.8175711438923	-42.6181850724354
			43.8175711438923	-42.5782055367202
			43.8175711438923	-42.538226001005
			43.8575506796076	-42.4982464652897
			43.8575506796076	-42.4582669295745
			43.8975302153228	-42.4582669295745
			43.8975302153228	-42.4182873938593
			43.937509751038	-42.3783078581441
			43.937509751038	-42.3383283224288
			43.9774892867533	-42.3383283224288
			44.0174688224685	-42.2983487867136
			44.0174688224685	-42.2583692509984
			44.0574483581837	-42.2183897152831
			44.097427893899	-42.1784101795679
			44.097427893899	-42.1384306438527
			44.1374074296142	-42.0984511081374
			44.1773869653294	-42.0584715724222
			44.1773869653294	-42.018492036707
			44.2173665010446	-41.9785125009918
			44.2573460367599	-41.9385329652765
			44.2973255724751	-41.8985534295613
			44.3373051081903	-41.8585738938461
			44.3772846439056	-41.8185943581308
			44.4172641796208	-41.7786148224156
			44.457243715336	-41.7386352867004
			44.4972232510513	-41.6986557509851
			44.4972232510513	-41.6586762152699
			44.5372027867665	-41.6186966795547
			44.5771823224817	-41.5787171438394
			44.6171618581969	-41.5387376081242
			44.6571413939122	-41.498758072409
			44.6971209296274	-41.4587785366938
			44.7371004653426	-41.4187990009785
			44.7371004653426	-41.3788194652633
			44.7770800010579	-41.3788194652633
			44.8170595367731	-41.3388399295481
			44.8570390724883	-41.2988603938328
			44.8970186082036	-41.2588808581176
			44.9369981439188	-41.2189013224024
			44.976977679634	-41.1789217866871
			45.0169572153493	-41.1389422509719
			45.0569367510645	-41.0989627152567
			45.0969162867797	-41.0989627152567
			45.1368958224949	-41.0589831795415
			45.1768753582102	-41.0190036438262
			45.2168548939254	-40.979024108111
			45.2568344296406	-40.9390445723958
			45.2968139653559	-40.8990650366805
			45.3367935010711	-40.8990650366805
			45.3767730367863	-40.8590855009653
			45.4167525725016	-40.8191059652501
			45.4567321082168	-40.7791264295348
			45.496711643932	-40.7391468938196
			45.5366911796472	-40.7391468938196
			45.5766707153625	-40.6991673581044
			45.6166502510777	-40.6591878223892
			45.6566297867929	-40.6192082866739
			45.6966093225082	-40.5792287509587
			45.7365888582234	-40.5792287509587
			45.7765683939386	-40.5392492152435
			45.8165479296539	-40.4992696795282
			45.8565274653691	-40.4992696795282
			45.8965070010843	-40.459290143813
			45.9364865367995	-40.4193106080978
			45.9764660725148	-40.4193106080978
			46.01644560823	-40.3793310723825
			46.0564251439452	-40.3793310723825
			46.0564251439452	-40.3393515366673
			46.0964046796605	-40.2993720009521
			46.1363842153757	-40.2993720009521
			46.1763637510909	-40.2593924652369
			46.2163432868062	-40.2593924652369
			46.2563228225214	-40.2194129295216
			46.2963023582366	-40.2194129295216
			46.2963023582366	-40.1794333938064
			46.3362818939518	-40.1794333938064
			46.3762614296671	-40.1394538580912
			46.4162409653823	-40.1394538580912
			46.4562205010975	-40.0994743223759
			46.4962000368128	-40.0994743223759
			46.536179572528	-40.0594947866607
			46.5761591082432	-40.0594947866607
			46.5761591082432	-40.0195152509455
			46.6161386439585	-39.9795357152302
			46.6561181796737	-39.9795357152302
			46.6960977153889	-39.939556179515
			46.7360772511041	-39.939556179515
			46.7760567868194	-39.8995766437998
			46.8160363225346	-39.8995766437998
			46.8560158582498	-39.8595971080846
			46.8959953939651	-39.8595971080846
			46.9359749296803	-39.8196175723693
			46.9759544653955	-39.8196175723693
			47.0159340011108	-39.7796380366541
			47.055913536826	-39.7796380366541
			47.0958930725412	-39.7396585009389
			47.1358726082565	-39.7396585009389
			47.1758521439717	-39.6996789652236
			47.2158316796869	-39.6996789652236
			47.2558112154021	-39.6596994295084
			47.2957907511174	-39.6596994295084
			47.2957907511174	-39.6197198937932
			47.3357702868326	-39.6197198937932
			47.3757498225478	-39.5797403580779
			47.4157293582631	-39.5797403580779
			47.4557088939783	-39.5397608223627
			47.4956884296935	-39.5397608223627
			47.5356679654088	-39.5397608223627
			47.575647501124	-39.4997812866475
			47.6156270368392	-39.4997812866475
			47.6556065725544	-39.4598017509322
			47.6955861082697	-39.4598017509322
			47.7355656439849	-39.419822215217
			47.7755451797001	-39.419822215217
			47.8155247154154	-39.3798426795018
			47.8555042511306	-39.3798426795018
			47.8954837868458	-39.3398631437866
			47.9354633225611	-39.2998836080713
			47.9754428582763	-39.2599040723561
			48.0154223939915	-39.2199245366409
			48.0554019297067	-39.1799450009256
			48.095381465422	-39.1799450009256
			48.1353610011372	-39.1399654652104
			48.1753405368524	-39.0999859294952
			48.1753405368524	-39.0600063937799
			48.2153200725677	-39.0600063937799
			48.2552996082829	-39.0200268580647
			48.2952791439981	-38.9800473223495
			48.3352586797134	-38.9800473223495
			48.3752382154286	-38.9400677866343
			48.4152177511438	-38.900088250919
			48.4551972868591	-38.900088250919
			48.4551972868591	-38.8601087152038
			48.4951768225743	-38.8201291794886
			48.5351563582895	-38.8201291794886
			48.5751358940047	-38.7801496437733
			48.61511542972	-38.7401701080581
			48.6550949654352	-38.7401701080581
			48.6950745011504	-38.7001905723429
			48.7350540368657	-38.7001905723429
			48.7750335725809	-38.6602110366276
			48.8150131082961	-38.6202315009124
			48.8549926440114	-38.6202315009124
			48.8949721797266	-38.5802519651972
			48.9349517154418	-38.5802519651972
			48.974931251157	-38.540272429482
			49.0149107868723	-38.5002928937667
			49.0548903225875	-38.5002928937667
			49.0948698583027	-38.4603133580515
			49.134849394018	-38.4603133580515
			49.1748289297332	-38.4203338223363
			49.2148084654484	-38.4203338223363
			49.2547880011637	-38.380354286621
			49.2947675368789	-38.380354286621
			49.3347470725941	-38.3403747509058
			49.3747266083093	-38.3403747509058
			49.4147061440246	-38.3003952151906
			49.4546856797398	-38.3003952151906
			49.494665215455	-38.2604156794753
			49.5346447511703	-38.2604156794753
			49.5746242868855	-38.2204361437601
			49.6146038226007	-38.2204361437601
			49.654583358316	-38.1804566080449
			49.6945628940312	-38.1804566080449
			49.7345424297464	-38.1404770723296
			49.7745219654616	-38.1404770723296
			49.8145015011769	-38.1004975366144
			49.8544810368921	-38.1004975366144
			49.8944605726073	-38.1004975366144
			49.9344401083226	-38.0605180008992
			49.9744196440378	-38.0605180008992
			50.014399179753	-38.0605180008992
			50.0543787154683	-38.020538465184
			50.0943582511835	-38.020538465184
			50.1343377868987	-38.020538465184
			50.174317322614	-37.9805589294687
			50.2142968583292	-37.9805589294687
			50.2542763940444	-37.9805589294687
			50.2942559297596	-37.9405793937535
			50.3342354654749	-37.9405793937535
			50.3742150011901	-37.9405793937535
			50.4141945369053	-37.9005998580383
			50.4541740726206	-37.9005998580383
			50.4941536083358	-37.9005998580383
			50.534133144051	-37.860620322323
			50.5741126797663	-37.860620322323
			50.6140922154815	-37.860620322323
			50.6540717511967	-37.8206407866078
			50.6940512869119	-37.8206407866078
			50.7340308226272	-37.8206407866078
			50.7740103583424	-37.8206407866078
			50.8139898940576	-37.8206407866078
			50.8539694297729	-37.7806612508926
			50.8939489654881	-37.7806612508926
			50.9339285012033	-37.7806612508926
			50.9739080369186	-37.7806612508926
			50.9739080369186	-37.7406817151773
			51.0138875726338	-37.7406817151773
			51.053867108349	-37.7406817151773
			51.0938466440642	-37.7406817151773
			51.1338261797795	-37.7406817151773
			51.1738057154947	-37.7007021794621
			51.2137852512099	-37.7007021794621
			51.2537647869252	-37.7007021794621
			51.2937443226404	-37.7007021794621
			51.3337238583556	-37.7007021794621
			51.3737033940709	-37.6607226437469
			51.4136829297861	-37.6607226437469
			51.4536624655013	-37.6607226437469
			51.4936420012165	-37.6607226437469
			51.5336215369318	-37.6607226437469
			51.573601072647	-37.6607226437469
			51.6135806083622	-37.6207431080317
			51.6535601440775	-37.6207431080317
			51.6935396797927	-37.6207431080317
			51.7335192155079	-37.6207431080317
			51.7734987512232	-37.6207431080317
			51.8134782869384	-37.5807635723164
			51.8534578226536	-37.5807635723164
			51.8934373583688	-37.5807635723164
			51.9334168940841	-37.5807635723164
			51.9733964297993	-37.5407840366012
			52.0133759655145	-37.5407840366012
			52.0533555012298	-37.5407840366012
			52.093335036945	-37.500804500886
			52.1333145726602	-37.500804500886
			52.1732941083755	-37.500804500886
			52.2132736440907	-37.500804500886
			52.2532531798059	-37.4608249651707
			52.2932327155212	-37.4608249651707
			52.3332122512364	-37.4608249651707
			52.3731917869516	-37.4208454294555
			52.4131713226668	-37.4208454294555
			52.4531508583821	-37.4208454294555
			52.4931303940973	-37.4208454294555
			52.5331099298125	-37.3808658937403
			52.5730894655278	-37.3808658937403
			52.613069001243	-37.3808658937403
			52.6530485369582	-37.3808658937403
			52.6930280726735	-37.340886358025
			52.7330076083887	-37.340886358025
			52.7729871441039	-37.340886358025
			52.8129666798191	-37.340886358025
			52.8529462155344	-37.340886358025
			52.8929257512496	-37.3009068223098
			52.9329052869648	-37.3009068223098
			52.9728848226801	-37.3009068223098
			53.0128643583953	-37.3009068223098
			53.0528438941105	-37.2609272865946
			53.0928234298258	-37.2609272865946
			53.132802965541	-37.2609272865946
			53.1727825012562	-37.2609272865946
			53.2127620369714	-37.2609272865946
			53.2527415726867	-37.2209477508794
			53.2927211084019	-37.2209477508794
			53.3327006441171	-37.2209477508794
			53.3726801798324	-37.2209477508794
			53.4126597155476	-37.2209477508794
			53.4526392512628	-37.2209477508794
			53.4926187869781	-37.1809682151641
			53.5325983226933	-37.1809682151641
			53.5725778584085	-37.1809682151641
			53.6125573941238	-37.1809682151641
			53.652536929839	-37.1809682151641
			53.652536929839	-37.1409886794489
			53.6925164655542	-37.1409886794489
			53.7324960012694	-37.1409886794489
			53.7724755369847	-37.1409886794489
			53.8124550726999	-37.1409886794489
			53.8524346084151	-37.1409886794489
			53.8924141441304	-37.1409886794489
			53.9323936798456	-37.1010091437337
			53.9723732155608	-37.1010091437337
			54.0123527512761	-37.1010091437337
			54.0523322869913	-37.1010091437337
			54.0923118227065	-37.1010091437337
			54.1322913584217	-37.1010091437337
			54.172270894137	-37.1010091437337
			54.2122504298522	-37.1010091437337
			54.2522299655674	-37.0610296080184
			54.2922095012827	-37.0610296080184
			54.3321890369979	-37.0610296080184
			54.3721685727131	-37.0610296080184
			54.4121481084284	-37.0610296080184
			54.4521276441436	-37.0610296080184
			54.4921071798588	-37.0610296080184
			54.532086715574	-37.0610296080184
			54.5720662512893	-37.0610296080184
			54.6120457870045	-37.0210500723032
			54.6520253227197	-37.0210500723032
			54.692004858435	-37.0210500723032
			54.7319843941502	-37.0210500723032
			54.7719639298654	-37.0210500723032
			54.8119434655807	-37.0210500723032
			54.8519230012959	-37.0210500723032
			54.8919025370111	-37.0210500723032
			54.9318820727264	-37.0210500723032
			54.9718616084416	-37.0210500723032
			55.0118411441568	-37.0210500723032
			55.051820679872	-37.0210500723032
			55.0918002155873	-37.0210500723032
			55.1317797513025	-37.0210500723032
			55.1717592870177	-37.0210500723032
			55.211738822733	-37.0210500723032
			55.2517183584482	-37.0210500723032
			55.2916978941634	-37.0210500723032
			55.3316774298787	-37.0210500723032
			55.3716569655939	-37.0210500723032
			55.4116365013091	-37.0210500723032
			55.4516160370243	-37.0210500723032
			55.4915955727396	-37.0210500723032
			55.5315751084548	-37.0210500723032
			55.57155464417	-37.0210500723032
			55.6115341798853	-37.0210500723032
			55.6515137156005	-37.0210500723032
			55.6914932513157	-37.0210500723032
			55.731472787031	-37.0210500723032
			55.7714523227462	-37.0210500723032
			55.8114318584614	-37.0210500723032
			55.8514113941766	-37.0210500723032
			55.8913909298919	-37.0210500723032
			55.9313704656071	-37.0210500723032
			55.9713500013223	-37.0210500723032
			56.0113295370376	-37.0210500723032
			56.0513090727528	-37.0610296080184
			56.091288608468	-37.0610296080184
			56.1312681441833	-37.0610296080184
			56.1712476798985	-37.0610296080184
			56.2112272156137	-37.0610296080184
			56.2512067513289	-37.0610296080184
			56.2911862870442	-37.0610296080184
			56.3311658227594	-37.1010091437337
			56.3711453584746	-37.1010091437337
			56.4111248941899	-37.1010091437337
			56.4511044299051	-37.1010091437337
			56.4910839656203	-37.1010091437337
			56.5310635013356	-37.1010091437337
			56.5710430370508	-37.1409886794489
			56.611022572766	-37.1409886794489
			56.6510021084813	-37.1409886794489
			56.6909816441965	-37.1409886794489
			56.7309611799117	-37.1409886794489
			56.7709407156269	-37.1809682151641
			56.8109202513422	-37.1809682151641
			56.8508997870574	-37.1809682151641
			56.8908793227726	-37.2209477508794
			56.9308588584879	-37.2209477508794
			56.9708383942031	-37.2209477508794
			57.0108179299183	-37.2609272865946
			57.0507974656336	-37.2609272865946
			57.0907770013488	-37.2609272865946
			57.130756537064	-37.3009068223098
			57.1707360727792	-37.3009068223098
			57.2107156084945	-37.3009068223098
			57.2506951442097	-37.340886358025
			57.2906746799249	-37.340886358025
			57.3306542156402	-37.340886358025
			57.3706337513554	-37.3808658937403
			57.4106132870706	-37.3808658937403
			57.4505928227859	-37.4208454294555
			57.4905723585011	-37.4208454294555
			57.5305518942163	-37.4608249651707
			57.5705314299315	-37.4608249651707
			57.6105109656468	-37.500804500886
			57.650490501362	-37.500804500886
			57.6904700370772	-37.5407840366012
			57.7304495727925	-37.5807635723164
			57.7704291085077	-37.5807635723164
			57.8104086442229	-37.6207431080317
			57.8503881799382	-37.6607226437469
			57.8903677156534	-37.6607226437469
			57.9303472513686	-37.7007021794621
			57.9703267870838	-37.7007021794621
			58.0103063227991	-37.7406817151773
			58.0502858585143	-37.7806612508926
			58.0902653942295	-37.8206407866078
			58.1302449299448	-37.8206407866078
			58.17022446566	-37.860620322323
			58.2102040013752	-37.9005998580383
			58.2501835370905	-37.9405793937535
			58.2901630728057	-37.9805589294687
			58.3301426085209	-38.020538465184
			58.3701221442361	-38.0605180008992
			58.4101016799514	-38.1004975366144
			58.4500812156666	-38.1404770723296
			58.4900607513818	-38.1804566080449
			58.5300402870971	-38.2204361437601
			58.5700198228123	-38.2204361437601
			58.6099993585275	-38.2604156794753
			58.6499788942428	-38.2604156794753
			58.689958429958	-38.2604156794753
			58.7299379656732	-38.3003952151906
			58.7699175013885	-38.3003952151906
			58.8098970371037	-38.3003952151906
			58.8498765728189	-38.3403747509058
			58.8898561085341	-38.3403747509058
			58.9298356442494	-38.3403747509058
			58.9698151799646	-38.380354286621
			59.0097947156798	-38.380354286621
			59.0497742513951	-38.4203338223363
			59.0897537871103	-38.4203338223363
			59.1297333228255	-38.4603133580515
			59.1697128585408	-38.4603133580515
			59.209692394256	-38.5002928937667
			59.2496719299712	-38.5002928937667
			59.2896514656864	-38.540272429482
			59.3296310014017	-38.540272429482
			59.3696105371169	-38.5802519651972
			59.4095900728321	-38.5802519651972
			59.4495696085474	-38.6202315009124
			59.4895491442626	-38.6202315009124
			59.5295286799778	-38.6602110366276
			59.5695082156931	-38.6602110366276
			59.6094877514083	-38.7001905723429
			59.6494672871235	-38.7401701080581
			59.6894468228387	-38.7401701080581
			59.729426358554	-38.7801496437733
			59.7694058942692	-38.8201291794886
			59.8093854299844	-38.8201291794886
			59.8493649656997	-38.8601087152038
			59.8893445014149	-38.900088250919
			59.9293240371301	-38.9400677866343
			59.9693035728454	-38.9400677866343
			60.0092831085606	-38.9800473223495
			60.0492626442758	-39.0200268580647
			60.0892421799911	-39.0600063937799
			60.1292217157063	-39.0600063937799
			60.1692012514215	-39.0999859294952
			60.2091807871367	-39.1399654652104
			60.249160322852	-39.1799450009256
			60.2891398585672	-39.2199245366409
			60.3291193942824	-39.2599040723561
			60.3690989299977	-39.2599040723561
			60.4090784657129	-39.2998836080713
			60.4490580014281	-39.3398631437866
			60.4890375371434	-39.3798426795018
			60.5290170728586	-39.419822215217
			60.5290170728586	-39.4598017509322
			60.5689966085738	-39.4997812866475
			60.608976144289	-39.5397608223627
			60.6489556800043	-39.5797403580779
			60.6889352157195	-39.6197198937932
			60.7289147514347	-39.6596994295084
			60.76889428715	-39.6996789652236
			60.8088738228652	-39.7396585009389
			60.8088738228652	-39.7796380366541
			60.8488533585804	-39.8196175723693
			60.8888328942957	-39.8595971080846
			60.9288124300109	-39.8995766437998
			60.9687919657261	-39.939556179515
			60.9687919657261	-39.9795357152302
			61.0087715014413	-40.0195152509455
			61.0487510371566	-40.0594947866607
			61.0887305728718	-40.0994743223759
			61.128710108587	-40.1394538580912
			61.128710108587	-40.1794333938064
			61.1686896443023	-40.2194129295216
			61.1686896443023	-40.2593924652369
			61.2086691800175	-40.2593924652369
			61.2086691800175	-40.2993720009521
			61.2486487157327	-40.3393515366673
			61.2486487157327	-40.3793310723825
			61.288628251448	-40.4193106080978
			61.3286077871632	-40.459290143813
			61.3286077871632	-40.4992696795282
			61.3685873228784	-40.5392492152435
			61.3685873228784	-40.5792287509587
			61.4085668585936	-40.6192082866739
			61.4085668585936	-40.6591878223892
			61.4485463943089	-40.6991673581044
			61.4485463943089	-40.7391468938196
			61.4885259300241	-40.7791264295348
			61.5285054657393	-40.8191059652501
			61.5285054657393	-40.8590855009653
			61.5684850014546	-40.8990650366805
			61.6084645371698	-40.9390445723958
			61.648444072885	-40.979024108111
			61.648444072885	-41.0190036438262
			61.6884236086003	-41.0190036438262
			61.7284031443155	-41.0589831795415
			61.7284031443155	-41.0989627152567
			61.7683826800307	-41.0989627152567
			61.7683826800307	-41.1389422509719
			61.808362215746	-41.1389422509719
			61.808362215746	-41.1789217866871
			61.8483417514612	-41.1789217866871
			61.8483417514612	-41.2189013224024
			61.8883212871764	-41.2588808581176
			61.9283008228916	-41.2988603938328
			61.9682803586069	-41.3388399295481
			62.0082598943221	-41.3788194652633
			62.0482394300373	-41.4187990009785
			62.0882189657526	-41.4587785366938
			62.1281985014678	-41.498758072409
			62.1281985014678	-41.5387376081242
			62.168178037183	-41.5787171438394
			62.168178037183	-41.6186966795547
			62.2081575728983	-41.6186966795547
			62.2081575728983	-41.6586762152699
			62.2481371086135	-41.6986557509851
			62.2881166443287	-41.7386352867004
			62.3280961800439	-41.7786148224156
			62.3680757157592	-41.8185943581308
			62.4080552514744	-41.8585738938461
			62.4080552514744	-41.8985534295613
			62.4480347871896	-41.9385329652765
			62.4480347871896	-41.9785125009918
			62.4880143229049	-41.9785125009918
			62.4880143229049	-42.018492036707
			62.5279938586201	-42.0584715724222
			62.5679733943353	-42.0984511081374
			62.5679733943353	-42.1384306438527
			62.6079529300506	-42.1784101795679
			62.6479324657658	-42.2183897152831
			62.6479324657658	-42.2583692509984
			62.687912001481	-42.2983487867136
			62.687912001481	-42.3383283224288
			62.7278915371962	-42.3783078581441
			62.7678710729115	-42.4182873938593
			62.7678710729115	-42.4582669295745
			62.7678710729115	-42.4982464652897
			62.8078506086267	-42.538226001005
			62.8478301443419	-42.5782055367202
			62.8478301443419	-42.6181850724354
			62.8478301443419	-42.6581646081507
			62.8878096800572	-42.6981441438659
			62.8878096800572	-42.7381236795811
			62.8878096800572	-42.7781032152964
			62.8878096800572	-42.8180827510116
			62.9277892157724	-42.8580622867268
			62.9277892157724	-42.898041822442
			62.9277892157724	-42.9380213581573
			62.9277892157724	-42.9780008938725
			62.9277892157724	-43.0179804295877
			62.9277892157724	-43.057959965303
			62.9277892157724	-43.0979395010182
			62.8878096800572	-43.1379190367334
			62.8878096800572	-43.1778985724487
			62.8478301443419	-43.2178781081639
			62.8078506086267	-43.2578576438791
		</c1>
		<c2 type=matrix rownames=FALSE colnames=FALSE nrow=490 ncol=2 as.numeric=TRUE >
			62.8078506086267	-43.2578576438791
			62.7678710729115	-43.2578576438791
			62.7678710729115	-43.2978371795944
			62.7278915371962	-43.2978371795944
			62.687912001481	-43.3378167153096
			62.6479324657658	-43.3378167153096
			62.6079529300506	-43.3777962510248
			62.5679733943353	-43.3777962510248
			62.5279938586201	-43.41777578674
			62.4880143229049	-43.41777578674
			62.4480347871896	-43.41777578674
			62.4080552514744	-43.41777578674
			62.3680757157592	-43.41777578674
			62.3280961800439	-43.41777578674
			62.2881166443287	-43.41777578674
			62.2481371086135	-43.41777578674
			62.2081575728983	-43.41777578674
			62.168178037183	-43.41777578674
			62.1281985014678	-43.41777578674
			62.0882189657526	-43.3777962510248
			62.0482394300373	-43.3777962510248
			62.0082598943221	-43.3777962510248
			61.9682803586069	-43.3777962510248
			61.9283008228916	-43.3777962510248
			61.8883212871764	-43.3777962510248
			61.8483417514612	-43.3777962510248
			61.808362215746	-43.3378167153096
			61.7683826800307	-43.3378167153096
			61.7284031443155	-43.3378167153096
			61.6884236086003	-43.3378167153096
			61.648444072885	-43.3378167153096
			61.6084645371698	-43.3378167153096
			61.5684850014546	-43.3378167153096
			61.5285054657393	-43.3378167153096
			61.4885259300241	-43.2978371795944
			61.4485463943089	-43.2978371795944
			61.4085668585936	-43.2978371795944
			61.3685873228784	-43.2978371795944
			61.3286077871632	-43.2978371795944
			61.288628251448	-43.2578576438791
			61.2486487157327	-43.2578576438791
			61.2086691800175	-43.2578576438791
			61.1686896443023	-43.2578576438791
			61.128710108587	-43.2178781081639
			61.0887305728718	-43.2178781081639
			61.0487510371566	-43.2178781081639
			61.0087715014413	-43.2178781081639
			60.9687919657261	-43.1778985724487
			60.9288124300109	-43.1778985724487
			60.8888328942957	-43.1778985724487
			60.8488533585804	-43.1778985724487
			60.8088738228652	-43.1778985724487
			60.76889428715	-43.1778985724487
			60.7289147514347	-43.1778985724487
			60.6889352157195	-43.1778985724487
			60.6489556800043	-43.1778985724487
			60.608976144289	-43.1778985724487
			60.5689966085738	-43.1778985724487
			60.5290170728586	-43.1778985724487
			60.4890375371434	-43.1778985724487
			60.4490580014281	-43.1778985724487
			60.4090784657129	-43.1778985724487
			60.3690989299977	-43.1778985724487
			60.3291193942824	-43.1778985724487
			60.2891398585672	-43.1778985724487
			60.249160322852	-43.1778985724487
			60.2091807871367	-43.1778985724487
			60.1692012514215	-43.1778985724487
			60.1292217157063	-43.1778985724487
			60.0892421799911	-43.1778985724487
			60.0492626442758	-43.1778985724487
			60.0092831085606	-43.1778985724487
			59.9693035728454	-43.1778985724487
			59.9293240371301	-43.1778985724487
			59.8893445014149	-43.1778985724487
			59.8493649656997	-43.1778985724487
			59.8093854299844	-43.1778985724487
			59.7694058942692	-43.1778985724487
			59.729426358554	-43.1379190367334
			59.6894468228387	-43.1379190367334
			59.6494672871235	-43.1379190367334
			59.6094877514083	-43.1379190367334
			59.5695082156931	-43.1379190367334
			59.5295286799778	-43.0979395010182
			59.4895491442626	-43.0979395010182
			59.4495696085474	-43.0979395010182
			59.4095900728321	-43.0979395010182
			59.3696105371169	-43.0979395010182
			59.3696105371169	-43.057959965303
			59.3296310014017	-43.057959965303
			59.2896514656864	-43.057959965303
			59.2496719299712	-43.057959965303
			59.209692394256	-43.0179804295877
			59.1697128585408	-43.0179804295877
			59.1297333228255	-43.0179804295877
			59.0897537871103	-43.0179804295877
			59.0497742513951	-43.0179804295877
			59.0097947156798	-43.0179804295877
			58.9698151799646	-43.0179804295877
			58.9298356442494	-43.0179804295877
			58.8898561085341	-43.0179804295877
			58.8498765728189	-43.0179804295877
			58.8098970371037	-43.0179804295877
			58.7699175013885	-43.0179804295877
			58.7299379656732	-43.0179804295877
			58.689958429958	-43.0179804295877
			58.6499788942428	-43.0179804295877
			58.6099993585275	-43.0179804295877
			58.5700198228123	-43.0179804295877
			58.5300402870971	-43.0179804295877
			58.4900607513818	-43.0179804295877
			58.4500812156666	-43.0179804295877
			58.4101016799514	-43.0179804295877
			58.3701221442361	-43.0179804295877
			58.3301426085209	-43.0179804295877
			58.2901630728057	-43.0179804295877
			58.2501835370905	-43.0179804295877
			58.2102040013752	-43.0179804295877
			58.17022446566	-43.0179804295877
			58.1302449299448	-43.0179804295877
			58.0902653942295	-43.0179804295877
			58.0502858585143	-43.0179804295877
			58.0103063227991	-43.0179804295877
			57.9703267870838	-43.0179804295877
			57.9303472513686	-43.0179804295877
			57.8903677156534	-43.0179804295877
			57.8503881799382	-43.0179804295877
			57.8104086442229	-42.9780008938725
			57.7704291085077	-42.9780008938725
			57.7304495727925	-42.9780008938725
			57.6904700370772	-42.9780008938725
			57.650490501362	-42.9780008938725
			57.6105109656468	-42.9780008938725
			57.5705314299315	-42.9780008938725
			57.5305518942163	-42.9780008938725
			57.4905723585011	-42.9780008938725
			57.4505928227859	-42.9780008938725
			57.4106132870706	-42.9780008938725
			57.3706337513554	-42.9780008938725
			57.3306542156402	-42.9780008938725
			57.2906746799249	-42.9780008938725
			57.2506951442097	-42.9780008938725
			57.2107156084945	-42.9780008938725
			57.1707360727792	-42.9780008938725
			57.130756537064	-42.9780008938725
			57.0907770013488	-42.9780008938725
			57.0507974656336	-42.9780008938725
			57.0108179299183	-42.9780008938725
			57.0108179299183	-42.9380213581573
			56.9708383942031	-42.9380213581573
			56.9308588584879	-42.9380213581573
			56.8908793227726	-42.9380213581573
			56.8508997870574	-42.9380213581573
			56.8109202513422	-42.9380213581573
			56.7709407156269	-42.9380213581573
			56.7309611799117	-42.9380213581573
			56.6909816441965	-42.9380213581573
			56.6510021084813	-42.9380213581573
			56.611022572766	-42.9380213581573
			56.5710430370508	-42.9380213581573
			56.5310635013356	-42.9380213581573
			56.4910839656203	-42.9380213581573
			56.4511044299051	-42.9380213581573
			56.4111248941899	-42.898041822442
			56.3711453584746	-42.898041822442
			56.3311658227594	-42.898041822442
			56.2911862870442	-42.898041822442
			56.2512067513289	-42.898041822442
			56.2112272156137	-42.898041822442
			56.1712476798985	-42.898041822442
			56.1312681441833	-42.898041822442
			56.091288608468	-42.898041822442
			56.0513090727528	-42.898041822442
			56.0113295370376	-42.898041822442
			55.9713500013223	-42.898041822442
			55.9313704656071	-42.898041822442
			55.8913909298919	-42.898041822442
			55.8514113941766	-42.898041822442
			55.8114318584614	-42.8580622867268
			55.7714523227462	-42.8580622867268
			55.731472787031	-42.8580622867268
			55.6914932513157	-42.8580622867268
			55.6515137156005	-42.8580622867268
			55.6115341798853	-42.8580622867268
			55.57155464417	-42.8580622867268
			55.5315751084548	-42.8580622867268
			55.4915955727396	-42.8580622867268
			55.4516160370243	-42.8580622867268
			55.4116365013091	-42.8580622867268
			55.3716569655939	-42.8580622867268
			55.3316774298787	-42.8580622867268
			55.2916978941634	-42.8580622867268
			55.2517183584482	-42.8580622867268
			55.211738822733	-42.8580622867268
			55.1717592870177	-42.8580622867268
			55.1317797513025	-42.8180827510116
			55.0918002155873	-42.8180827510116
			55.051820679872	-42.8180827510116
			55.0118411441568	-42.8180827510116
			54.9718616084416	-42.8180827510116
			54.9318820727264	-42.8180827510116
			54.8919025370111	-42.8180827510116
			54.8519230012959	-42.8180827510116
			54.8119434655807	-42.8180827510116
			54.7719639298654	-42.8180827510116
			54.7319843941502	-42.8180827510116
			54.692004858435	-42.8180827510116
			54.6520253227197	-42.8180827510116
			54.6120457870045	-42.8180827510116
			54.5720662512893	-42.8180827510116
			54.532086715574	-42.8180827510116
			54.4921071798588	-42.8180827510116
			54.4521276441436	-42.8180827510116
			54.4121481084284	-42.7781032152964
			54.3721685727131	-42.7781032152964
			54.3321890369979	-42.7781032152964
			54.2922095012827	-42.7781032152964
			54.2522299655674	-42.7781032152964
			54.2122504298522	-42.7781032152964
			54.172270894137	-42.7781032152964
			54.1322913584217	-42.7781032152964
			54.0923118227065	-42.7781032152964
			54.0523322869913	-42.7781032152964
			54.0123527512761	-42.7781032152964
			53.9723732155608	-42.7781032152964
			53.9323936798456	-42.7781032152964
			53.8924141441304	-42.7781032152964
			53.8524346084151	-42.7781032152964
			53.8124550726999	-42.7781032152964
			53.7724755369847	-42.7781032152964
			53.7324960012694	-42.7781032152964
			53.6925164655542	-42.7781032152964
			53.652536929839	-42.7781032152964
			53.6125573941238	-42.7781032152964
			53.5725778584085	-42.7781032152964
			53.5325983226933	-42.7381236795811
			53.4926187869781	-42.7381236795811
			53.4526392512628	-42.7381236795811
			53.4126597155476	-42.7381236795811
			53.3726801798324	-42.7381236795811
			53.3327006441171	-42.7381236795811
			53.2927211084019	-42.7381236795811
			53.2527415726867	-42.7381236795811
			53.2127620369714	-42.7381236795811
			53.1727825012562	-42.7381236795811
			53.132802965541	-42.7381236795811
			53.0928234298258	-42.7381236795811
			53.0528438941105	-42.7381236795811
			53.0128643583953	-42.7381236795811
			52.9728848226801	-42.7381236795811
			52.9329052869648	-42.7381236795811
			52.8929257512496	-42.7381236795811
			52.8529462155344	-42.7381236795811
			52.8129666798191	-42.7381236795811
			52.7729871441039	-42.7381236795811
			52.7330076083887	-42.7381236795811
			52.6930280726735	-42.7381236795811
			52.6530485369582	-42.7381236795811
			52.613069001243	-42.7381236795811
			52.5730894655278	-42.7381236795811
			52.5331099298125	-42.7381236795811
			52.4931303940973	-42.7381236795811
			52.4531508583821	-42.7381236795811
			52.4131713226668	-42.6981441438659
			52.3731917869516	-42.6981441438659
			52.3332122512364	-42.6981441438659
			52.2932327155212	-42.6981441438659
			52.2532531798059	-42.6981441438659
			52.2132736440907	-42.6981441438659
			52.1732941083755	-42.6981441438659
			52.1333145726602	-42.6981441438659
			52.093335036945	-42.6981441438659
			52.0533555012298	-42.6981441438659
			52.0133759655145	-42.6981441438659
			51.9733964297993	-42.6981441438659
			51.9334168940841	-42.6981441438659
			51.8934373583688	-42.6981441438659
			51.8534578226536	-42.6981441438659
			51.8134782869384	-42.6981441438659
			51.7734987512232	-42.6981441438659
			51.7335192155079	-42.6981441438659
			51.6935396797927	-42.6981441438659
			51.6535601440775	-42.6981441438659
			51.6135806083622	-42.6981441438659
			51.573601072647	-42.6981441438659
			51.5336215369318	-42.6981441438659
			51.4936420012165	-42.6981441438659
			51.4536624655013	-42.6981441438659
			51.4136829297861	-42.6981441438659
			51.3737033940709	-42.6981441438659
			51.3337238583556	-42.7381236795811
			51.2937443226404	-42.7381236795811
			51.2537647869252	-42.7381236795811
			51.2137852512099	-42.7381236795811
			51.1738057154947	-42.7381236795811
			51.1338261797795	-42.7381236795811
			51.0938466440642	-42.7381236795811
			51.053867108349	-42.7381236795811
			51.0138875726338	-42.7381236795811
			50.9739080369186	-42.7381236795811
			50.9339285012033	-42.7381236795811
			50.8939489654881	-42.7781032152964
			50.8539694297729	-42.7781032152964
			50.8139898940576	-42.7781032152964
			50.7740103583424	-42.7781032152964
			50.7340308226272	-42.7781032152964
			50.6940512869119	-42.7781032152964
			50.6540717511967	-42.7781032152964
			50.6140922154815	-42.7781032152964
			50.5741126797663	-42.7781032152964
			50.534133144051	-42.7781032152964
			50.4941536083358	-42.7781032152964
			50.4541740726206	-42.7781032152964
			50.4141945369053	-42.7781032152964
			50.3742150011901	-42.8180827510116
			50.3342354654749	-42.8180827510116
			50.2942559297596	-42.8180827510116
			50.2542763940444	-42.8180827510116
			50.2142968583292	-42.8180827510116
			50.174317322614	-42.8180827510116
			50.1343377868987	-42.8180827510116
			50.0943582511835	-42.8180827510116
			50.0543787154683	-42.8180827510116
			50.014399179753	-42.8180827510116
			49.9744196440378	-42.8180827510116
			49.9344401083226	-42.8180827510116
			49.8944605726073	-42.8180827510116
			49.8544810368921	-42.8180827510116
			49.8544810368921	-42.8580622867268
			49.8145015011769	-42.8580622867268
			49.7745219654616	-42.8580622867268
			49.7345424297464	-42.8580622867268
			49.6945628940312	-42.8580622867268
			49.654583358316	-42.8580622867268
			49.6146038226007	-42.8580622867268
			49.5746242868855	-42.8580622867268
			49.5346447511703	-42.8580622867268
			49.494665215455	-42.8580622867268
			49.4546856797398	-42.8580622867268
			49.4147061440246	-42.8580622867268
			49.3747266083093	-42.8580622867268
			49.3347470725941	-42.8580622867268
			49.2947675368789	-42.8580622867268
			49.2547880011637	-42.8580622867268
			49.2148084654484	-42.8580622867268
			49.2148084654484	-42.898041822442
			49.1748289297332	-42.898041822442
			49.134849394018	-42.898041822442
			49.0948698583027	-42.898041822442
			49.0548903225875	-42.898041822442
			49.0149107868723	-42.898041822442
			48.974931251157	-42.898041822442
			48.9349517154418	-42.898041822442
			48.8949721797266	-42.898041822442
			48.8549926440114	-42.898041822442
			48.8150131082961	-42.898041822442
			48.7750335725809	-42.898041822442
			48.7350540368657	-42.898041822442
			48.6950745011504	-42.898041822442
			48.6550949654352	-42.898041822442
			48.61511542972	-42.898041822442
			48.5751358940047	-42.898041822442
			48.5351563582895	-42.898041822442
			48.4951768225743	-42.898041822442
			48.4551972868591	-42.898041822442
			48.4152177511438	-42.898041822442
			48.3752382154286	-42.898041822442
			48.3752382154286	-42.9380213581573
			48.3352586797134	-42.9380213581573
			48.2952791439981	-42.9380213581573
			48.2552996082829	-42.9380213581573
			48.2153200725677	-42.9380213581573
			48.1753405368524	-42.9380213581573
			48.1353610011372	-42.9380213581573
			48.095381465422	-42.9380213581573
			48.0554019297067	-42.9380213581573
			48.0154223939915	-42.9380213581573
			47.9754428582763	-42.9380213581573
			47.9354633225611	-42.9380213581573
			47.8954837868458	-42.9380213581573
			47.8555042511306	-42.9380213581573
			47.8155247154154	-42.9380213581573
			47.7755451797001	-42.9380213581573
			47.7355656439849	-42.9380213581573
			47.6955861082697	-42.9380213581573
			47.6556065725544	-42.9380213581573
			47.6156270368392	-42.9380213581573
			47.575647501124	-42.9380213581573
			47.5356679654088	-42.9380213581573
			47.4956884296935	-42.9380213581573
			47.4557088939783	-42.9380213581573
			47.4157293582631	-42.9380213581573
			47.3757498225478	-42.9380213581573
			47.3357702868326	-42.9380213581573
			47.2957907511174	-42.9380213581573
			47.2558112154021	-42.9380213581573
			47.2158316796869	-42.9380213581573
			47.1758521439717	-42.9380213581573
			47.1358726082565	-42.9380213581573
			47.0958930725412	-42.9380213581573
			47.055913536826	-42.9380213581573
			47.0159340011108	-42.9380213581573
			46.9759544653955	-42.9380213581573
			46.9359749296803	-42.9380213581573
			46.8959953939651	-42.9380213581573
			46.8560158582498	-42.9380213581573
			46.8160363225346	-42.9380213581573
			46.7760567868194	-42.9380213581573
			46.7360772511041	-42.9380213581573
			46.6960977153889	-42.9380213581573
			46.6561181796737	-42.9380213581573
			46.6161386439585	-42.9380213581573
			46.5761591082432	-42.9380213581573
			46.536179572528	-42.9380213581573
			46.4962000368128	-42.9380213581573
			46.4562205010975	-42.9780008938725
			46.4162409653823	-42.9780008938725
			46.3762614296671	-42.9780008938725
			46.3362818939518	-42.9780008938725
			46.2963023582366	-42.9780008938725
			46.2563228225214	-42.9780008938725
			46.2163432868062	-42.9780008938725
			46.1763637510909	-42.9780008938725
			46.1363842153757	-42.9780008938725
			46.0964046796605	-42.9780008938725
			46.0564251439452	-42.9780008938725
			46.01644560823	-43.0179804295877
			45.9764660725148	-43.0179804295877
			45.9364865367995	-43.0179804295877
			45.8965070010843	-43.0179804295877
			45.8565274653691	-43.0179804295877
			45.8165479296539	-43.0179804295877
			45.7765683939386	-43.0179804295877
			45.7365888582234	-43.0179804295877
			45.6966093225082	-43.0179804295877
			45.6566297867929	-43.0179804295877
			45.6166502510777	-43.0179804295877
			45.5766707153625	-43.0179804295877
			45.5366911796472	-43.057959965303
			45.496711643932	-43.057959965303
			45.4567321082168	-43.057959965303
			45.4167525725016	-43.057959965303
			45.3767730367863	-43.057959965303
			45.3367935010711	-43.057959965303
			45.2968139653559	-43.057959965303
			45.2568344296406	-43.057959965303
			45.2168548939254	-43.057959965303
			45.1768753582102	-43.057959965303
			45.1368958224949	-43.057959965303
			45.0969162867797	-43.057959965303
			45.0569367510645	-43.0979395010182
			45.0169572153493	-43.0979395010182
			44.976977679634	-43.0979395010182
			44.9369981439188	-43.0979395010182
			44.8970186082036	-43.0979395010182
			44.8570390724883	-43.0979395010182
			44.8170595367731	-43.0979395010182
			44.7770800010579	-43.0979395010182
			44.7371004653426	-43.0979395010182
			44.6971209296274	-43.0979395010182
			44.6571413939122	-43.0979395010182
			44.6171618581969	-43.0979395010182
			44.5771823224817	-43.0979395010182
			44.5372027867665	-43.0979395010182
			44.4972232510513	-43.1379190367334
			44.457243715336	-43.1379190367334
			44.4172641796208	-43.1379190367334
			44.3772846439056	-43.1379190367334
			44.3373051081903	-43.1379190367334
			44.2973255724751	-43.1379190367334
			44.2573460367599	-43.1379190367334
			44.2173665010446	-43.1379190367334
			44.1773869653294	-43.1379190367334
			44.1374074296142	-43.1379190367334
			44.097427893899	-43.1379190367334
			44.0574483581837	-43.1379190367334
			44.0174688224685	-43.1379190367334
			43.9774892867533	-43.1379190367334
			43.937509751038	-43.1379190367334
			43.8975302153228	-43.1379190367334
			43.8575506796076	-43.1379190367334
			43.8175711438923	-43.1778985724487
			43.7775916081771	-43.1778985724487
			43.7376120724619	-43.1778985724487
			43.6976325367467	-43.1778985724487
			43.6576530010314	-43.1778985724487
			43.6176734653162	-43.1778985724487
			43.577693929601	-43.1778985724487
			43.5377143938857	-43.1778985724487
			43.4977348581705	-43.1778985724487
		</c2>
	</curves.scaled>
	<ruler.points type=matrix rownames=TRUE colnames=FALSE nrow=2 ncol=2 as.numeric=TRUE >
		Ruler point 1	2115	278
		Ruler point 2	2365	270
	</ruler.points>
</shapes>

