<shapes type=list>
	<ruler.pixel type=vector names=FALSE length=1 as.numeric=TRUE >253.049402291331</ruler.pixel>
	<ruler.interval type=vector names=FALSE length=1 as.numeric=TRUE >10</ruler.interval>
	<scaling.units type=vector names=FALSE length=1 as.numeric=FALSE >undefined</scaling.units>
	<scaling type=vector names=FALSE length=1 as.numeric=TRUE >0.0395179751837042</scaling>
	<landmarks.pixel type=matrix rownames=TRUE colnames=FALSE nrow=2 ncol=2 as.numeric=TRUE >
		LM1	987	1087
		LM2	1485	1079
	</landmarks.pixel>
	<landmarks.scaled type=matrix rownames=TRUE colnames=FALSE nrow=2 ncol=2 as.numeric=TRUE >
		LM1	39.004241506316	-42.9560390246864
		LM2	58.6841931478007	-42.6398952232168
	</landmarks.scaled>
	<curves.control type=list>
		<c1 type=matrix rownames=FALSE colnames=FALSE nrow=11 ncol=2 as.numeric=TRUE >
			987	1087
			1032	1012
			1095	978
			1146	928
			1176	931
			1292	894
			1385	937
			1414	953
			1442	995
			1477	1052
			1485	1079
		</c1>
		<c2 type=matrix rownames=FALSE colnames=FALSE nrow=11 ncol=2 as.numeric=TRUE >
			1485	1079
			1453	1070
			1414	1068
			1373	1064
			1341	1064
			1308	1064
			1277	1062
			1158	1076
			1099	1071
			1064	1083
			987	1087
		</c2>
	</curves.control>
	<curves.pixel type=list>
		<c1 type=matrix rownames=FALSE colnames=FALSE nrow=599 ncol=2 as.numeric=TRUE >
			987	1087
			988	1086
			988	1085
			989	1084
			990	1083
			990	1082
			990	1081
			991	1081
			991	1080
			992	1079
			993	1078
			993	1077
			994	1076
			994	1075
			995	1074
			995	1073
			996	1073
			997	1072
			997	1071
			998	1070
			999	1069
			999	1068
			1000	1067
			1001	1066
			1001	1065
			1002	1064
			1002	1063
			1003	1062
			1004	1061
			1004	1060
			1005	1060
			1006	1059
			1006	1058
			1007	1057
			1008	1056
			1008	1055
			1009	1054
			1010	1053
			1010	1052
			1011	1052
			1012	1051
			1012	1050
			1013	1049
			1014	1048
			1014	1047
			1015	1046
			1016	1046
			1016	1045
			1017	1044
			1018	1043
			1018	1042
			1019	1041
			1020	1041
			1021	1040
			1021	1039
			1022	1038
			1023	1037
			1024	1036
			1025	1035
			1026	1034
			1027	1033
			1027	1032
			1028	1031
			1029	1030
			1030	1029
			1031	1028
			1032	1027
			1032	1026
			1033	1025
			1034	1025
			1035	1024
			1036	1023
			1037	1022
			1038	1021
			1039	1020
			1039	1019
			1040	1018
			1041	1018
			1042	1017
			1043	1016
			1044	1015
			1045	1014
			1046	1013
			1047	1013
			1047	1012
			1048	1011
			1049	1010
			1050	1009
			1051	1009
			1052	1008
			1053	1007
			1054	1006
			1055	1005
			1056	1005
			1057	1004
			1057	1003
			1058	1002
			1059	1002
			1060	1001
			1061	1000
			1062	999
			1063	999
			1064	998
			1065	997
			1066	997
			1067	996
			1068	995
			1069	994
			1070	994
			1071	993
			1072	992
			1073	992
			1074	991
			1075	990
			1076	990
			1076	989
			1077	988
			1078	988
			1079	987
			1080	987
			1081	986
			1082	985
			1083	985
			1084	984
			1085	984
			1086	983
			1087	982
			1088	982
			1089	981
			1090	981
			1091	980
			1092	979
			1093	979
			1094	978
			1095	978
			1096	977
			1097	976
			1098	975
			1099	975
			1099	974
			1100	973
			1101	972
			1102	971
			1103	971
			1103	970
			1104	969
			1105	969
			1106	968
			1107	967
			1107	966
			1108	966
			1109	965
			1110	964
			1111	963
			1112	962
			1113	961
			1114	961
			1115	960
			1116	959
			1117	958
			1118	958
			1118	957
			1119	956
			1120	955
			1121	955
			1122	954
			1123	953
			1124	953
			1125	952
			1125	951
			1126	951
			1127	950
			1128	950
			1129	949
			1130	948
			1131	948
			1131	947
			1132	947
			1133	946
			1134	946
			1135	945
			1135	944
			1136	944
			1137	943
			1138	943
			1139	942
			1140	942
			1141	941
			1142	940
			1143	940
			1144	939
			1145	939
			1146	938
			1147	938
			1148	938
			1149	937
			1150	936
			1151	936
			1152	935
			1153	935
			1154	935
			1155	934
			1156	934
			1157	934
			1158	933
			1159	933
			1160	933
			1161	932
			1162	932
			1163	932
			1164	932
			1165	931
			1166	931
			1167	931
			1168	931
			1169	931
			1170	931
			1171	931
			1172	931
			1173	931
			1174	931
			1175	931
			1176	931
			1177	931
			1178	930
			1179	930
			1180	930
			1181	929
			1182	929
			1183	929
			1184	928
			1185	928
			1186	928
			1187	928
			1188	927
			1189	927
			1190	927
			1191	927
			1192	926
			1193	926
			1194	926
			1195	925
			1196	925
			1197	925
			1198	925
			1199	924
			1200	924
			1201	924
			1202	924
			1203	923
			1204	923
			1205	923
			1206	923
			1207	922
			1208	922
			1209	922
			1210	922
			1211	922
			1212	921
			1213	921
			1214	921
			1215	921
			1216	921
			1217	920
			1218	920
			1219	920
			1220	920
			1221	919
			1222	919
			1223	919
			1224	919
			1225	919
			1226	919
			1227	918
			1228	918
			1229	918
			1230	918
			1231	918
			1232	918
			1233	917
			1234	917
			1235	917
			1236	917
			1237	917
			1238	917
			1239	917
			1240	916
			1241	916
			1242	916
			1243	916
			1244	916
			1245	916
			1246	916
			1247	916
			1248	916
			1248	915
			1249	915
			1250	915
			1251	915
			1252	915
			1253	915
			1254	915
			1255	915
			1256	915
			1257	915
			1258	915
			1259	915
			1260	915
			1261	914
			1262	914
			1263	914
			1264	914
			1265	914
			1266	914
			1267	914
			1268	914
			1269	914
			1270	914
			1271	914
			1272	914
			1273	914
			1274	914
			1275	914
			1276	914
			1277	914
			1278	914
			1279	914
			1280	914
			1281	914
			1282	914
			1283	914
			1284	914
			1285	914
			1286	914
			1287	914
			1288	914
			1289	914
			1290	914
			1291	914
			1292	914
			1293	914
			1294	914
			1295	914
			1296	914
			1297	915
			1298	915
			1299	915
			1300	915
			1301	915
			1302	915
			1303	915
			1304	915
			1305	915
			1306	915
			1307	915
			1308	915
			1309	916
			1310	916
			1311	916
			1312	916
			1313	916
			1314	916
			1315	916
			1316	917
			1317	917
			1318	917
			1319	917
			1320	917
			1321	917
			1322	918
			1323	918
			1324	918
			1325	918
			1326	918
			1327	918
			1328	919
			1329	919
			1330	919
			1331	919
			1332	919
			1333	920
			1334	920
			1335	920
			1336	920
			1337	920
			1338	921
			1339	921
			1340	921
			1341	921
			1341	922
			1342	922
			1343	922
			1344	922
			1345	922
			1346	923
			1347	923
			1348	923
			1349	924
			1350	924
			1351	924
			1352	925
			1353	925
			1354	925
			1355	925
			1356	926
			1357	926
			1358	926
			1359	927
			1360	927
			1361	927
			1362	928
			1363	928
			1364	928
			1365	929
			1366	929
			1367	929
			1367	930
			1368	930
			1369	930
			1370	931
			1371	931
			1372	932
			1373	932
			1374	932
			1375	933
			1376	933
			1377	933
			1378	934
			1379	934
			1380	935
			1381	935
			1382	935
			1383	936
			1384	936
			1384	937
			1385	937
			1386	937
			1386	938
			1387	938
			1388	939
			1389	939
			1390	940
			1391	941
			1392	941
			1393	942
			1394	942
			1394	943
			1395	943
			1396	944
			1397	945
			1398	946
			1399	946
			1400	947
			1401	948
			1402	948
			1403	949
			1403	950
			1404	951
			1405	951
			1406	952
			1407	953
			1408	953
			1408	954
			1409	955
			1410	956
			1411	957
			1412	957
			1412	958
			1413	959
			1414	960
			1415	961
			1416	962
			1417	962
			1417	963
			1418	964
			1419	965
			1420	966
			1421	967
			1421	968
			1422	969
			1423	970
			1424	971
			1425	972
			1426	973
			1426	974
			1427	975
			1428	976
			1429	977
			1430	978
			1430	979
			1431	980
			1432	981
			1433	982
			1434	983
			1435	984
			1435	985
			1436	986
			1437	987
			1437	988
			1438	989
			1439	990
			1440	991
			1440	992
			1441	993
			1441	994
			1442	995
			1443	996
			1443	997
			1444	998
			1445	999
			1445	1000
			1446	1001
			1446	1002
			1447	1003
			1447	1004
			1448	1005
			1449	1006
			1449	1007
			1450	1008
			1451	1009
			1451	1010
			1452	1011
			1452	1012
			1453	1013
			1453	1014
			1454	1015
			1454	1016
			1455	1017
			1456	1018
			1457	1019
			1457	1020
			1457	1021
			1458	1021
			1458	1022
			1458	1023
			1459	1023
			1459	1024
			1459	1025
			1460	1025
			1460	1026
			1461	1026
			1461	1027
			1461	1028
			1462	1028
			1462	1029
			1462	1030
			1463	1030
			1463	1031
			1464	1032
			1464	1033
			1465	1034
			1466	1035
			1466	1036
			1466	1037
			1467	1038
			1467	1039
			1468	1040
			1468	1041
			1469	1042
			1469	1043
			1470	1043
			1470	1044
			1471	1045
			1471	1046
			1471	1047
			1472	1047
			1472	1048
			1472	1049
			1473	1050
			1474	1051
			1474	1052
			1474	1053
			1475	1054
			1475	1055
			1476	1055
			1476	1056
			1476	1057
			1477	1058
			1477	1059
			1478	1060
			1478	1061
			1479	1062
			1479	1063
			1479	1064
			1480	1065
			1480	1066
			1481	1067
			1481	1068
			1482	1069
			1482	1070
			1482	1071
			1483	1072
			1483	1073
			1483	1074
			1484	1075
			1484	1076
			1484	1077
			1485	1078
			1485	1079
		</c1>
		<c2 type=matrix rownames=FALSE colnames=FALSE nrow=505 ncol=2 as.numeric=TRUE >
			1485	1079
			1484	1079
			1483	1078
			1482	1078
			1481	1078
			1480	1078
			1479	1078
			1479	1077
			1478	1077
			1477	1077
			1476	1077
			1475	1076
			1474	1076
			1473	1076
			1472	1076
			1471	1075
			1470	1075
			1469	1075
			1468	1075
			1467	1075
			1466	1074
			1465	1074
			1464	1074
			1463	1074
			1462	1074
			1461	1073
			1460	1073
			1459	1073
			1458	1073
			1457	1073
			1456	1073
			1455	1072
			1454	1072
			1453	1072
			1452	1072
			1451	1072
			1450	1072
			1449	1071
			1448	1071
			1447	1071
			1446	1071
			1445	1071
			1444	1071
			1443	1071
			1442	1070
			1441	1070
			1440	1070
			1439	1070
			1438	1070
			1437	1070
			1436	1070
			1435	1070
			1434	1070
			1433	1069
			1432	1069
			1431	1069
			1430	1069
			1429	1069
			1428	1069
			1427	1069
			1426	1069
			1425	1069
			1424	1069
			1423	1069
			1422	1069
			1421	1068
			1420	1068
			1419	1068
			1418	1068
			1417	1068
			1416	1068
			1415	1068
			1414	1068
			1413	1068
			1412	1068
			1411	1068
			1410	1068
			1409	1068
			1408	1067
			1407	1067
			1406	1067
			1405	1067
			1404	1067
			1403	1067
			1402	1067
			1401	1067
			1400	1067
			1399	1067
			1398	1067
			1397	1066
			1396	1066
			1395	1066
			1394	1066
			1393	1066
			1392	1066
			1391	1066
			1390	1066
			1389	1066
			1388	1066
			1387	1066
			1386	1066
			1385	1066
			1384	1066
			1383	1065
			1382	1065
			1381	1065
			1380	1065
			1379	1065
			1378	1065
			1377	1065
			1376	1065
			1375	1065
			1374	1065
			1373	1065
			1372	1065
			1371	1065
			1370	1065
			1369	1065
			1368	1065
			1367	1065
			1366	1065
			1365	1065
			1364	1064
			1363	1064
			1362	1064
			1361	1064
			1360	1064
			1359	1064
			1358	1064
			1357	1064
			1356	1064
			1355	1064
			1354	1064
			1353	1064
			1352	1064
			1351	1064
			1350	1064
			1349	1064
			1348	1064
			1347	1064
			1346	1064
			1345	1064
			1344	1064
			1343	1064
			1342	1064
			1341	1064
			1340	1064
			1339	1064
			1338	1064
			1337	1064
			1336	1064
			1335	1064
			1334	1064
			1333	1064
			1332	1064
			1331	1064
			1330	1064
			1329	1064
			1328	1064
			1327	1064
			1326	1064
			1325	1064
			1324	1064
			1323	1064
			1322	1064
			1321	1064
			1320	1064
			1319	1064
			1318	1064
			1317	1064
			1316	1064
			1315	1064
			1314	1064
			1313	1064
			1312	1064
			1311	1064
			1310	1064
			1309	1064
			1308	1063
			1307	1063
			1306	1063
			1305	1063
			1304	1063
			1303	1063
			1302	1063
			1301	1063
			1300	1063
			1299	1063
			1298	1063
			1297	1063
			1296	1063
			1295	1063
			1294	1063
			1293	1063
			1292	1063
			1291	1063
			1290	1063
			1289	1063
			1288	1063
			1287	1063
			1286	1063
			1285	1063
			1285	1062
			1284	1062
			1283	1062
			1282	1062
			1281	1062
			1280	1062
			1279	1062
			1278	1062
			1277	1062
			1276	1062
			1275	1062
			1274	1062
			1273	1062
			1273	1063
			1272	1063
			1271	1063
			1270	1063
			1269	1063
			1268	1063
			1267	1063
			1266	1063
			1265	1063
			1264	1063
			1263	1064
			1262	1064
			1261	1064
			1260	1064
			1259	1064
			1258	1064
			1257	1064
			1256	1064
			1255	1065
			1254	1065
			1253	1065
			1252	1065
			1251	1065
			1250	1065
			1249	1065
			1248	1065
			1247	1065
			1246	1065
			1245	1066
			1244	1066
			1243	1066
			1242	1066
			1241	1066
			1240	1066
			1239	1066
			1238	1066
			1237	1066
			1236	1066
			1235	1067
			1234	1067
			1233	1067
			1232	1067
			1231	1067
			1230	1067
			1229	1067
			1228	1067
			1227	1067
			1226	1067
			1225	1067
			1225	1068
			1224	1068
			1223	1068
			1222	1068
			1221	1068
			1220	1068
			1219	1068
			1218	1068
			1217	1068
			1216	1068
			1215	1068
			1214	1068
			1213	1069
			1212	1069
			1211	1069
			1210	1069
			1209	1069
			1208	1069
			1207	1069
			1206	1069
			1205	1069
			1204	1069
			1203	1069
			1202	1069
			1201	1069
			1200	1070
			1199	1070
			1198	1070
			1197	1070
			1196	1070
			1195	1070
			1194	1070
			1193	1070
			1192	1070
			1191	1070
			1190	1070
			1189	1070
			1188	1070
			1187	1070
			1186	1071
			1185	1071
			1184	1071
			1183	1071
			1182	1071
			1181	1071
			1180	1071
			1179	1071
			1178	1071
			1177	1071
			1176	1071
			1175	1071
			1174	1071
			1173	1071
			1172	1071
			1171	1071
			1170	1071
			1169	1071
			1168	1071
			1167	1072
			1166	1072
			1165	1072
			1164	1072
			1163	1072
			1162	1072
			1161	1072
			1160	1072
			1159	1072
			1158	1072
			1157	1072
			1156	1072
			1155	1072
			1154	1072
			1153	1072
			1152	1072
			1151	1072
			1150	1072
			1149	1072
			1148	1072
			1147	1072
			1146	1072
			1145	1072
			1144	1072
			1143	1072
			1142	1072
			1141	1072
			1140	1072
			1139	1072
			1138	1072
			1137	1072
			1136	1072
			1135	1072
			1134	1072
			1133	1072
			1132	1072
			1131	1072
			1130	1072
			1129	1072
			1128	1072
			1127	1072
			1126	1072
			1125	1072
			1124	1072
			1123	1072
			1122	1072
			1121	1072
			1120	1072
			1119	1072
			1118	1072
			1117	1072
			1116	1072
			1115	1072
			1114	1072
			1113	1072
			1112	1072
			1111	1072
			1110	1072
			1109	1072
			1108	1072
			1107	1072
			1106	1071
			1105	1071
			1104	1071
			1103	1071
			1102	1071
			1101	1071
			1100	1071
			1099	1071
			1098	1071
			1097	1072
			1096	1072
			1095	1072
			1094	1073
			1093	1073
			1092	1073
			1091	1074
			1090	1074
			1089	1074
			1088	1074
			1087	1075
			1086	1075
			1085	1075
			1084	1075
			1083	1075
			1083	1076
			1082	1076
			1081	1076
			1080	1076
			1079	1076
			1078	1077
			1077	1077
			1076	1077
			1075	1077
			1074	1078
			1073	1078
			1072	1078
			1071	1078
			1070	1078
			1069	1078
			1068	1079
			1067	1079
			1066	1079
			1065	1079
			1064	1079
			1063	1080
			1062	1080
			1061	1080
			1060	1080
			1059	1080
			1058	1080
			1057	1081
			1056	1081
			1055	1081
			1054	1081
			1053	1081
			1052	1081
			1051	1081
			1050	1082
			1049	1082
			1048	1082
			1047	1082
			1046	1082
			1045	1082
			1044	1082
			1043	1082
			1042	1082
			1042	1083
			1041	1083
			1040	1083
			1039	1083
			1038	1083
			1037	1083
			1036	1083
			1035	1083
			1034	1083
			1033	1084
			1032	1084
			1031	1084
			1030	1084
			1029	1084
			1028	1084
			1027	1084
			1026	1084
			1025	1084
			1024	1084
			1023	1084
			1022	1085
			1021	1085
			1020	1085
			1019	1085
			1018	1085
			1017	1085
			1016	1085
			1015	1085
			1014	1085
			1013	1085
			1012	1085
			1011	1085
			1010	1086
			1009	1086
			1008	1086
			1007	1086
			1006	1086
			1005	1086
			1004	1086
			1003	1086
			1002	1086
			1001	1086
			1000	1086
			999	1086
			998	1086
			997	1086
			996	1086
			995	1087
			994	1087
			993	1087
			992	1087
			991	1087
			990	1087
			989	1087
			988	1087
			987	1087
		</c2>
	</curves.pixel>
	<curves.scaled type=list>
		<c1 type=matrix rownames=FALSE colnames=FALSE nrow=599 ncol=2 as.numeric=TRUE >
			39.004241506316	-42.9560390246864
			39.0437594814997	-42.9165210495027
			39.0437594814997	-42.877003074319
			39.0832774566834	-42.8374850991353
			39.1227954318671	-42.7979671239516
			39.1227954318671	-42.7584491487679
			39.1227954318671	-42.7189311735842
			39.1623134070508	-42.7189311735842
			39.1623134070508	-42.6794131984005
			39.2018313822345	-42.6398952232168
			39.2413493574182	-42.6003772480331
			39.2413493574182	-42.5608592728494
			39.2808673326019	-42.5213412976657
			39.2808673326019	-42.481823322482
			39.3203853077856	-42.4423053472983
			39.3203853077856	-42.4027873721146
			39.3599032829693	-42.4027873721146
			39.3994212581531	-42.3632693969309
			39.3994212581531	-42.3237514217472
			39.4389392333368	-42.2842334465635
			39.4784572085205	-42.2447154713798
			39.4784572085205	-42.205197496196
			39.5179751837042	-42.1656795210123
			39.5574931588879	-42.1261615458286
			39.5574931588879	-42.0866435706449
			39.5970111340716	-42.0471255954612
			39.5970111340716	-42.0076076202775
			39.6365291092553	-41.9680896450938
			39.676047084439	-41.9285716699101
			39.676047084439	-41.8890536947264
			39.7155650596227	-41.8890536947264
			39.7550830348064	-41.8495357195427
			39.7550830348064	-41.810017744359
			39.7946010099901	-41.7704997691753
			39.8341189851738	-41.7309817939916
			39.8341189851738	-41.6914638188079
			39.8736369603575	-41.6519458436242
			39.9131549355412	-41.6124278684405
			39.9131549355412	-41.5729098932568
			39.9526729107249	-41.5729098932568
			39.9921908859086	-41.5333919180731
			39.9921908859086	-41.4938739428894
			40.0317088610923	-41.4543559677057
			40.071226836276	-41.414837992522
			40.071226836276	-41.3753200173383
			40.1107448114597	-41.3358020421546
			40.1502627866434	-41.3358020421546
			40.1502627866434	-41.2962840669709
			40.1897807618271	-41.2567660917871
			40.2292987370108	-41.2172481166034
			40.2292987370108	-41.1777301414197
			40.2688167121945	-41.138212166236
			40.3083346873782	-41.138212166236
			40.347852662562	-41.0986941910523
			40.347852662562	-41.0591762158686
			40.3873706377457	-41.0196582406849
			40.4268886129294	-40.9801402655012
			40.4664065881131	-40.9406222903175
			40.5059245632968	-40.9011043151338
			40.5454425384805	-40.8615863399501
			40.5849605136642	-40.8220683647664
			40.5849605136642	-40.7825503895827
			40.6244784888479	-40.743032414399
			40.6639964640316	-40.7035144392153
			40.7035144392153	-40.6639964640316
			40.743032414399	-40.6244784888479
			40.7825503895827	-40.5849605136642
			40.7825503895827	-40.5454425384805
			40.8220683647664	-40.5059245632968
			40.8615863399501	-40.5059245632968
			40.9011043151338	-40.4664065881131
			40.9406222903175	-40.4268886129294
			40.9801402655012	-40.3873706377457
			41.0196582406849	-40.347852662562
			41.0591762158686	-40.3083346873782
			41.0591762158686	-40.2688167121945
			41.0986941910523	-40.2292987370108
			41.138212166236	-40.2292987370108
			41.1777301414197	-40.1897807618271
			41.2172481166034	-40.1502627866434
			41.2567660917871	-40.1107448114597
			41.2962840669709	-40.071226836276
			41.3358020421546	-40.0317088610923
			41.3753200173383	-40.0317088610923
			41.3753200173383	-39.9921908859086
			41.414837992522	-39.9526729107249
			41.4543559677057	-39.9131549355412
			41.4938739428894	-39.8736369603575
			41.5333919180731	-39.8736369603575
			41.5729098932568	-39.8341189851738
			41.6124278684405	-39.7946010099901
			41.6519458436242	-39.7550830348064
			41.6914638188079	-39.7155650596227
			41.7309817939916	-39.7155650596227
			41.7704997691753	-39.676047084439
			41.7704997691753	-39.6365291092553
			41.810017744359	-39.5970111340716
			41.8495357195427	-39.5970111340716
			41.8890536947264	-39.5574931588879
			41.9285716699101	-39.5179751837042
			41.9680896450938	-39.4784572085205
			42.0076076202775	-39.4784572085205
			42.0471255954612	-39.4389392333368
			42.0866435706449	-39.3994212581531
			42.1261615458286	-39.3994212581531
			42.1656795210123	-39.3599032829693
			42.205197496196	-39.3203853077856
			42.2447154713798	-39.2808673326019
			42.2842334465635	-39.2808673326019
			42.3237514217472	-39.2413493574182
			42.3632693969309	-39.2018313822345
			42.4027873721146	-39.2018313822345
			42.4423053472983	-39.1623134070508
			42.481823322482	-39.1227954318671
			42.5213412976657	-39.1227954318671
			42.5213412976657	-39.0832774566834
			42.5608592728494	-39.0437594814997
			42.6003772480331	-39.0437594814997
			42.6398952232168	-39.004241506316
			42.6794131984005	-39.004241506316
			42.7189311735842	-38.9647235311323
			42.7584491487679	-38.9252055559486
			42.7979671239516	-38.9252055559486
			42.8374850991353	-38.8856875807649
			42.877003074319	-38.8856875807649
			42.9165210495027	-38.8461696055812
			42.9560390246864	-38.8066516303975
			42.9955569998701	-38.8066516303975
			43.0350749750538	-38.7671336552138
			43.0745929502375	-38.7671336552138
			43.1141109254212	-38.7276156800301
			43.153628900605	-38.6880977048464
			43.1931468757887	-38.6880977048464
			43.2326648509724	-38.6485797296627
			43.2721828261561	-38.6485797296627
			43.3117008013398	-38.609061754479
			43.3512187765235	-38.5695437792953
			43.3907367517072	-38.5300258041116
			43.4302547268909	-38.5300258041116
			43.4302547268909	-38.4905078289279
			43.4697727020746	-38.4509898537442
			43.5092906772583	-38.4114718785604
			43.548808652442	-38.3719539033767
			43.5883266276257	-38.3719539033767
			43.5883266276257	-38.332435928193
			43.6278446028094	-38.2929179530093
			43.6673625779931	-38.2929179530093
			43.7068805531768	-38.2533999778256
			43.7463985283605	-38.2138820026419
			43.7463985283605	-38.1743640274582
			43.7859165035442	-38.1743640274582
			43.8254344787279	-38.1348460522745
			43.8649524539116	-38.0953280770908
			43.9044704290953	-38.0558101019071
			43.943988404279	-38.0162921267234
			43.9835063794627	-37.9767741515397
			44.0230243546464	-37.9767741515397
			44.0625423298301	-37.937256176356
			44.1020603050139	-37.8977382011723
			44.1415782801976	-37.8582202259886
			44.1810962553813	-37.8582202259886
			44.1810962553813	-37.8187022508049
			44.220614230565	-37.7791842756212
			44.2601322057487	-37.7396663004375
			44.2996501809324	-37.7396663004375
			44.3391681561161	-37.7001483252538
			44.3786861312998	-37.6606303500701
			44.4182041064835	-37.6606303500701
			44.4577220816672	-37.6211123748864
			44.4577220816672	-37.5815943997027
			44.4972400568509	-37.5815943997027
			44.5367580320346	-37.542076424519
			44.5762760072183	-37.542076424519
			44.615793982402	-37.5025584493353
			44.6553119575857	-37.4630404741515
			44.6948299327694	-37.4630404741515
			44.6948299327694	-37.4235224989678
			44.7343479079531	-37.4235224989678
			44.7738658831368	-37.3840045237841
			44.8133838583205	-37.3840045237841
			44.8529018335042	-37.3444865486004
			44.8529018335042	-37.3049685734167
			44.8924198086879	-37.3049685734167
			44.9319377838716	-37.265450598233
			44.9714557590553	-37.265450598233
			45.010973734239	-37.2259326230493
			45.0504917094228	-37.2259326230493
			45.0900096846065	-37.1864146478656
			45.1295276597902	-37.1468966726819
			45.1690456349739	-37.1468966726819
			45.2085636101576	-37.1073786974982
			45.2480815853413	-37.1073786974982
			45.287599560525	-37.0678607223145
			45.3271175357087	-37.0678607223145
			45.3666355108924	-37.0678607223145
			45.4061534860761	-37.0283427471308
			45.4456714612598	-36.9888247719471
			45.4851894364435	-36.9888247719471
			45.5247074116272	-36.9493067967634
			45.5642253868109	-36.9493067967634
			45.6037433619946	-36.9493067967634
			45.6432613371783	-36.9097888215797
			45.682779312362	-36.9097888215797
			45.7222972875457	-36.9097888215797
			45.7618152627294	-36.870270846396
			45.8013332379131	-36.870270846396
			45.8408512130968	-36.870270846396
			45.8803691882805	-36.8307528712123
			45.9198871634642	-36.8307528712123
			45.9594051386479	-36.8307528712123
			45.9989231138317	-36.8307528712123
			46.0384410890154	-36.7912348960286
			46.0779590641991	-36.7912348960286
			46.1174770393828	-36.7912348960286
			46.1569950145665	-36.7912348960286
			46.1965129897502	-36.7912348960286
			46.2360309649339	-36.7912348960286
			46.2755489401176	-36.7912348960286
			46.3150669153013	-36.7912348960286
			46.354584890485	-36.7912348960286
			46.3941028656687	-36.7912348960286
			46.4336208408524	-36.7912348960286
			46.4731388160361	-36.7912348960286
			46.5126567912198	-36.7912348960286
			46.5521747664035	-36.7517169208449
			46.5916927415872	-36.7517169208449
			46.6312107167709	-36.7517169208449
			46.6707286919546	-36.7121989456612
			46.7102466671383	-36.7121989456612
			46.749764642322	-36.7121989456612
			46.7892826175057	-36.6726809704775
			46.8288005926894	-36.6726809704775
			46.8683185678731	-36.6726809704775
			46.9078365430568	-36.6726809704775
			46.9473545182406	-36.6331629952938
			46.9868724934243	-36.6331629952938
			47.026390468608	-36.6331629952938
			47.0659084437917	-36.6331629952938
			47.1054264189754	-36.5936450201101
			47.1449443941591	-36.5936450201101
			47.1844623693428	-36.5936450201101
			47.2239803445265	-36.5541270449264
			47.2634983197102	-36.5541270449264
			47.3030162948939	-36.5541270449264
			47.3425342700776	-36.5541270449264
			47.3820522452613	-36.5146090697426
			47.421570220445	-36.5146090697426
			47.4610881956287	-36.5146090697426
			47.5006061708124	-36.5146090697426
			47.5401241459961	-36.4750910945589
			47.5796421211798	-36.4750910945589
			47.6191600963635	-36.4750910945589
			47.6586780715472	-36.4750910945589
			47.6981960467309	-36.4355731193752
			47.7377140219146	-36.4355731193752
			47.7772319970983	-36.4355731193752
			47.816749972282	-36.4355731193752
			47.8562679474657	-36.4355731193752
			47.8957859226495	-36.3960551441915
			47.9353038978332	-36.3960551441915
			47.9748218730169	-36.3960551441915
			48.0143398482006	-36.3960551441915
			48.0538578233843	-36.3960551441915
			48.093375798568	-36.3565371690078
			48.1328937737517	-36.3565371690078
			48.1724117489354	-36.3565371690078
			48.2119297241191	-36.3565371690078
			48.2514476993028	-36.3170191938241
			48.2909656744865	-36.3170191938241
			48.3304836496702	-36.3170191938241
			48.3700016248539	-36.3170191938241
			48.4095196000376	-36.3170191938241
			48.4490375752213	-36.3170191938241
			48.488555550405	-36.2775012186404
			48.5280735255887	-36.2775012186404
			48.5675915007724	-36.2775012186404
			48.6071094759561	-36.2775012186404
			48.6466274511398	-36.2775012186404
			48.6861454263235	-36.2775012186404
			48.7256634015072	-36.2379832434567
			48.7651813766909	-36.2379832434567
			48.8046993518746	-36.2379832434567
			48.8442173270584	-36.2379832434567
			48.8837353022421	-36.2379832434567
			48.9232532774258	-36.2379832434567
			48.9627712526095	-36.2379832434567
			49.0022892277932	-36.198465268273
			49.0418072029769	-36.198465268273
			49.0813251781606	-36.198465268273
			49.1208431533443	-36.198465268273
			49.160361128528	-36.198465268273
			49.1998791037117	-36.198465268273
			49.2393970788954	-36.198465268273
			49.2789150540791	-36.198465268273
			49.3184330292628	-36.198465268273
			49.3184330292628	-36.1589472930893
			49.3579510044465	-36.1589472930893
			49.3974689796302	-36.1589472930893
			49.4369869548139	-36.1589472930893
			49.4765049299976	-36.1589472930893
			49.5160229051813	-36.1589472930893
			49.555540880365	-36.1589472930893
			49.5950588555487	-36.1589472930893
			49.6345768307324	-36.1589472930893
			49.6740948059161	-36.1589472930893
			49.7136127810998	-36.1589472930893
			49.7531307562835	-36.1589472930893
			49.7926487314673	-36.1589472930893
			49.832166706651	-36.1194293179056
			49.8716846818347	-36.1194293179056
			49.9112026570184	-36.1194293179056
			49.9507206322021	-36.1194293179056
			49.9902386073858	-36.1194293179056
			50.0297565825695	-36.1194293179056
			50.0692745577532	-36.1194293179056
			50.1087925329369	-36.1194293179056
			50.1483105081206	-36.1194293179056
			50.1878284833043	-36.1194293179056
			50.227346458488	-36.1194293179056
			50.2668644336717	-36.1194293179056
			50.3063824088554	-36.1194293179056
			50.3459003840391	-36.1194293179056
			50.3854183592228	-36.1194293179056
			50.4249363344065	-36.1194293179056
			50.4644543095902	-36.1194293179056
			50.5039722847739	-36.1194293179056
			50.5434902599576	-36.1194293179056
			50.5830082351413	-36.1194293179056
			50.622526210325	-36.1194293179056
			50.6620441855087	-36.1194293179056
			50.7015621606924	-36.1194293179056
			50.7410801358762	-36.1194293179056
			50.7805981110599	-36.1194293179056
			50.8201160862436	-36.1194293179056
			50.8596340614273	-36.1194293179056
			50.899152036611	-36.1194293179056
			50.9386700117947	-36.1194293179056
			50.9781879869784	-36.1194293179056
			51.0177059621621	-36.1194293179056
			51.0572239373458	-36.1194293179056
			51.0967419125295	-36.1194293179056
			51.1362598877132	-36.1194293179056
			51.1757778628969	-36.1194293179056
			51.2152958380806	-36.1194293179056
			51.2548138132643	-36.1589472930893
			51.294331788448	-36.1589472930893
			51.3338497636317	-36.1589472930893
			51.3733677388154	-36.1589472930893
			51.4128857139991	-36.1589472930893
			51.4524036891828	-36.1589472930893
			51.4919216643665	-36.1589472930893
			51.5314396395502	-36.1589472930893
			51.5709576147339	-36.1589472930893
			51.6104755899176	-36.1589472930893
			51.6499935651013	-36.1589472930893
			51.6895115402851	-36.1589472930893
			51.7290295154688	-36.198465268273
			51.7685474906525	-36.198465268273
			51.8080654658362	-36.198465268273
			51.8475834410199	-36.198465268273
			51.8871014162036	-36.198465268273
			51.9266193913873	-36.198465268273
			51.966137366571	-36.198465268273
			52.0056553417547	-36.2379832434567
			52.0451733169384	-36.2379832434567
			52.0846912921221	-36.2379832434567
			52.1242092673058	-36.2379832434567
			52.1637272424895	-36.2379832434567
			52.2032452176732	-36.2379832434567
			52.2427631928569	-36.2775012186404
			52.2822811680406	-36.2775012186404
			52.3217991432243	-36.2775012186404
			52.361317118408	-36.2775012186404
			52.4008350935917	-36.2775012186404
			52.4403530687754	-36.2775012186404
			52.4798710439591	-36.3170191938241
			52.5193890191428	-36.3170191938241
			52.5589069943265	-36.3170191938241
			52.5984249695102	-36.3170191938241
			52.6379429446939	-36.3170191938241
			52.6774609198777	-36.3565371690078
			52.7169788950614	-36.3565371690078
			52.7564968702451	-36.3565371690078
			52.7960148454288	-36.3565371690078
			52.8355328206125	-36.3565371690078
			52.8750507957962	-36.3960551441915
			52.9145687709799	-36.3960551441915
			52.9540867461636	-36.3960551441915
			52.9936047213473	-36.3960551441915
			52.9936047213473	-36.4355731193752
			53.033122696531	-36.4355731193752
			53.0726406717147	-36.4355731193752
			53.1121586468984	-36.4355731193752
			53.1516766220821	-36.4355731193752
			53.1911945972658	-36.4750910945589
			53.2307125724495	-36.4750910945589
			53.2702305476332	-36.4750910945589
			53.3097485228169	-36.5146090697426
			53.3492664980006	-36.5146090697426
			53.3887844731843	-36.5146090697426
			53.428302448368	-36.5541270449264
			53.4678204235517	-36.5541270449264
			53.5073383987354	-36.5541270449264
			53.5468563739191	-36.5541270449264
			53.5863743491028	-36.5936450201101
			53.6258923242866	-36.5936450201101
			53.6654102994703	-36.5936450201101
			53.704928274654	-36.6331629952938
			53.7444462498377	-36.6331629952938
			53.7839642250214	-36.6331629952938
			53.8234822002051	-36.6726809704775
			53.8630001753888	-36.6726809704775
			53.9025181505725	-36.6726809704775
			53.9420361257562	-36.7121989456612
			53.9815541009399	-36.7121989456612
			54.0210720761236	-36.7121989456612
			54.0210720761236	-36.7517169208449
			54.0605900513073	-36.7517169208449
			54.100108026491	-36.7517169208449
			54.1396260016747	-36.7912348960286
			54.1791439768584	-36.7912348960286
			54.2186619520421	-36.8307528712123
			54.2581799272258	-36.8307528712123
			54.2976979024095	-36.8307528712123
			54.3372158775932	-36.870270846396
			54.3767338527769	-36.870270846396
			54.4162518279606	-36.870270846396
			54.4557698031443	-36.9097888215797
			54.495287778328	-36.9097888215797
			54.5348057535117	-36.9493067967634
			54.5743237286955	-36.9493067967634
			54.6138417038792	-36.9493067967634
			54.6533596790629	-36.9888247719471
			54.6928776542466	-36.9888247719471
			54.6928776542466	-37.0283427471308
			54.7323956294303	-37.0283427471308
			54.771913604614	-37.0283427471308
			54.771913604614	-37.0678607223145
			54.8114315797977	-37.0678607223145
			54.8509495549814	-37.1073786974982
			54.8904675301651	-37.1073786974982
			54.9299855053488	-37.1468966726819
			54.9695034805325	-37.1864146478656
			55.0090214557162	-37.1864146478656
			55.0485394308999	-37.2259326230493
			55.0880574060836	-37.2259326230493
			55.0880574060836	-37.265450598233
			55.1275753812673	-37.265450598233
			55.167093356451	-37.3049685734167
			55.2066113316347	-37.3444865486004
			55.2461293068184	-37.3840045237841
			55.2856472820021	-37.3840045237841
			55.3251652571858	-37.4235224989678
			55.3646832323695	-37.4630404741515
			55.4042012075532	-37.4630404741515
			55.4437191827369	-37.5025584493353
			55.4437191827369	-37.542076424519
			55.4832371579206	-37.5815943997027
			55.5227551331044	-37.5815943997027
			55.5622731082881	-37.6211123748864
			55.6017910834718	-37.6606303500701
			55.6413090586555	-37.6606303500701
			55.6413090586555	-37.7001483252538
			55.6808270338392	-37.7396663004375
			55.7203450090229	-37.7791842756212
			55.7598629842066	-37.8187022508049
			55.7993809593903	-37.8187022508049
			55.7993809593903	-37.8582202259886
			55.838898934574	-37.8977382011723
			55.8784169097577	-37.937256176356
			55.9179348849414	-37.9767741515397
			55.9574528601251	-38.0162921267234
			55.9969708353088	-38.0162921267234
			55.9969708353088	-38.0558101019071
			56.0364888104925	-38.0953280770908
			56.0760067856762	-38.1348460522745
			56.1155247608599	-38.1743640274582
			56.1550427360436	-38.2138820026419
			56.1550427360436	-38.2533999778256
			56.1945607112273	-38.2929179530093
			56.234078686411	-38.332435928193
			56.2735966615947	-38.3719539033767
			56.3131146367784	-38.4114718785604
			56.3526326119621	-38.4509898537442
			56.3526326119621	-38.4905078289279
			56.3921505871458	-38.5300258041116
			56.4316685623295	-38.5695437792953
			56.4711865375133	-38.609061754479
			56.510704512697	-38.6485797296627
			56.510704512697	-38.6880977048464
			56.5502224878807	-38.7276156800301
			56.5897404630644	-38.7671336552138
			56.6292584382481	-38.8066516303975
			56.6687764134318	-38.8461696055812
			56.7082943886155	-38.8856875807649
			56.7082943886155	-38.9252055559486
			56.7478123637992	-38.9647235311323
			56.7873303389829	-39.004241506316
			56.7873303389829	-39.0437594814997
			56.8268483141666	-39.0832774566834
			56.8663662893503	-39.1227954318671
			56.905884264534	-39.1623134070508
			56.905884264534	-39.2018313822345
			56.9454022397177	-39.2413493574182
			56.9454022397177	-39.2808673326019
			56.9849202149014	-39.3203853077856
			57.0244381900851	-39.3599032829693
			57.0244381900851	-39.3994212581531
			57.0639561652688	-39.4389392333368
			57.1034741404525	-39.4784572085205
			57.1034741404525	-39.5179751837042
			57.1429921156362	-39.5574931588879
			57.1429921156362	-39.5970111340716
			57.1825100908199	-39.6365291092553
			57.1825100908199	-39.676047084439
			57.2220280660036	-39.7155650596227
			57.2615460411873	-39.7550830348064
			57.2615460411873	-39.7946010099901
			57.301064016371	-39.8341189851738
			57.3405819915547	-39.8736369603575
			57.3405819915547	-39.9131549355412
			57.3800999667384	-39.9526729107249
			57.3800999667384	-39.9921908859086
			57.4196179419222	-40.0317088610923
			57.4196179419222	-40.071226836276
			57.4591359171059	-40.1107448114597
			57.4591359171059	-40.1502627866434
			57.4986538922896	-40.1897807618271
			57.5381718674733	-40.2292987370108
			57.577689842657	-40.2688167121945
			57.577689842657	-40.3083346873782
			57.577689842657	-40.347852662562
			57.6172078178407	-40.347852662562
			57.6172078178407	-40.3873706377457
			57.6172078178407	-40.4268886129294
			57.6567257930244	-40.4268886129294
			57.6567257930244	-40.4664065881131
			57.6567257930244	-40.5059245632968
			57.6962437682081	-40.5059245632968
			57.6962437682081	-40.5454425384805
			57.7357617433918	-40.5454425384805
			57.7357617433918	-40.5849605136642
			57.7357617433918	-40.6244784888479
			57.7752797185755	-40.6244784888479
			57.7752797185755	-40.6639964640316
			57.7752797185755	-40.7035144392153
			57.8147976937592	-40.7035144392153
			57.8147976937592	-40.743032414399
			57.8543156689429	-40.7825503895827
			57.8543156689429	-40.8220683647664
			57.8938336441266	-40.8615863399501
			57.9333516193103	-40.9011043151338
			57.9333516193103	-40.9406222903175
			57.9333516193103	-40.9801402655012
			57.972869594494	-41.0196582406849
			57.972869594494	-41.0591762158686
			58.0123875696777	-41.0986941910523
			58.0123875696777	-41.138212166236
			58.0519055448614	-41.1777301414197
			58.0519055448614	-41.2172481166034
			58.0914235200451	-41.2172481166034
			58.0914235200451	-41.2567660917871
			58.1309414952288	-41.2962840669709
			58.1309414952288	-41.3358020421546
			58.1309414952288	-41.3753200173383
			58.1704594704125	-41.3753200173383
			58.1704594704125	-41.414837992522
			58.1704594704125	-41.4543559677057
			58.2099774455962	-41.4938739428894
			58.2494954207799	-41.5333919180731
			58.2494954207799	-41.5729098932568
			58.2494954207799	-41.6124278684405
			58.2890133959636	-41.6519458436242
			58.2890133959636	-41.6914638188079
			58.3285313711473	-41.6914638188079
			58.3285313711473	-41.7309817939916
			58.3285313711473	-41.7704997691753
			58.3680493463311	-41.810017744359
			58.3680493463311	-41.8495357195427
			58.4075673215148	-41.8890536947264
			58.4075673215148	-41.9285716699101
			58.4470852966985	-41.9680896450938
			58.4470852966985	-42.0076076202775
			58.4470852966985	-42.0471255954612
			58.4866032718822	-42.0866435706449
			58.4866032718822	-42.1261615458286
			58.5261212470659	-42.1656795210123
			58.5261212470659	-42.205197496196
			58.5656392222496	-42.2447154713798
			58.5656392222496	-42.2842334465635
			58.5656392222496	-42.3237514217472
			58.6051571974333	-42.3632693969309
			58.6051571974333	-42.4027873721146
			58.6051571974333	-42.4423053472983
			58.644675172617	-42.481823322482
			58.644675172617	-42.5213412976657
			58.644675172617	-42.5608592728494
			58.6841931478007	-42.6003772480331
			58.6841931478007	-42.6398952232168
		</c1>
		<c2 type=matrix rownames=FALSE colnames=FALSE nrow=505 ncol=2 as.numeric=TRUE >
			58.6841931478007	-42.6398952232168
			58.644675172617	-42.6398952232168
			58.6051571974333	-42.6003772480331
			58.5656392222496	-42.6003772480331
			58.5261212470659	-42.6003772480331
			58.4866032718822	-42.6003772480331
			58.4470852966985	-42.6003772480331
			58.4470852966985	-42.5608592728494
			58.4075673215148	-42.5608592728494
			58.3680493463311	-42.5608592728494
			58.3285313711473	-42.5608592728494
			58.2890133959636	-42.5213412976657
			58.2494954207799	-42.5213412976657
			58.2099774455962	-42.5213412976657
			58.1704594704125	-42.5213412976657
			58.1309414952288	-42.481823322482
			58.0914235200451	-42.481823322482
			58.0519055448614	-42.481823322482
			58.0123875696777	-42.481823322482
			57.972869594494	-42.481823322482
			57.9333516193103	-42.4423053472983
			57.8938336441266	-42.4423053472983
			57.8543156689429	-42.4423053472983
			57.8147976937592	-42.4423053472983
			57.7752797185755	-42.4423053472983
			57.7357617433918	-42.4027873721146
			57.6962437682081	-42.4027873721146
			57.6567257930244	-42.4027873721146
			57.6172078178407	-42.4027873721146
			57.577689842657	-42.4027873721146
			57.5381718674733	-42.4027873721146
			57.4986538922896	-42.3632693969309
			57.4591359171059	-42.3632693969309
			57.4196179419222	-42.3632693969309
			57.3800999667384	-42.3632693969309
			57.3405819915547	-42.3632693969309
			57.301064016371	-42.3632693969309
			57.2615460411873	-42.3237514217472
			57.2220280660036	-42.3237514217472
			57.1825100908199	-42.3237514217472
			57.1429921156362	-42.3237514217472
			57.1034741404525	-42.3237514217472
			57.0639561652688	-42.3237514217472
			57.0244381900851	-42.3237514217472
			56.9849202149014	-42.2842334465635
			56.9454022397177	-42.2842334465635
			56.905884264534	-42.2842334465635
			56.8663662893503	-42.2842334465635
			56.8268483141666	-42.2842334465635
			56.7873303389829	-42.2842334465635
			56.7478123637992	-42.2842334465635
			56.7082943886155	-42.2842334465635
			56.6687764134318	-42.2842334465635
			56.6292584382481	-42.2447154713798
			56.5897404630644	-42.2447154713798
			56.5502224878807	-42.2447154713798
			56.510704512697	-42.2447154713798
			56.4711865375133	-42.2447154713798
			56.4316685623295	-42.2447154713798
			56.3921505871458	-42.2447154713798
			56.3526326119621	-42.2447154713798
			56.3131146367784	-42.2447154713798
			56.2735966615947	-42.2447154713798
			56.234078686411	-42.2447154713798
			56.1945607112273	-42.2447154713798
			56.1550427360436	-42.205197496196
			56.1155247608599	-42.205197496196
			56.0760067856762	-42.205197496196
			56.0364888104925	-42.205197496196
			55.9969708353088	-42.205197496196
			55.9574528601251	-42.205197496196
			55.9179348849414	-42.205197496196
			55.8784169097577	-42.205197496196
			55.838898934574	-42.205197496196
			55.7993809593903	-42.205197496196
			55.7598629842066	-42.205197496196
			55.7203450090229	-42.205197496196
			55.6808270338392	-42.205197496196
			55.6413090586555	-42.1656795210123
			55.6017910834718	-42.1656795210123
			55.5622731082881	-42.1656795210123
			55.5227551331044	-42.1656795210123
			55.4832371579206	-42.1656795210123
			55.4437191827369	-42.1656795210123
			55.4042012075532	-42.1656795210123
			55.3646832323695	-42.1656795210123
			55.3251652571858	-42.1656795210123
			55.2856472820021	-42.1656795210123
			55.2461293068184	-42.1656795210123
			55.2066113316347	-42.1261615458286
			55.167093356451	-42.1261615458286
			55.1275753812673	-42.1261615458286
			55.0880574060836	-42.1261615458286
			55.0485394308999	-42.1261615458286
			55.0090214557162	-42.1261615458286
			54.9695034805325	-42.1261615458286
			54.9299855053488	-42.1261615458286
			54.8904675301651	-42.1261615458286
			54.8509495549814	-42.1261615458286
			54.8114315797977	-42.1261615458286
			54.771913604614	-42.1261615458286
			54.7323956294303	-42.1261615458286
			54.6928776542466	-42.1261615458286
			54.6533596790629	-42.0866435706449
			54.6138417038792	-42.0866435706449
			54.5743237286955	-42.0866435706449
			54.5348057535117	-42.0866435706449
			54.495287778328	-42.0866435706449
			54.4557698031443	-42.0866435706449
			54.4162518279606	-42.0866435706449
			54.3767338527769	-42.0866435706449
			54.3372158775932	-42.0866435706449
			54.2976979024095	-42.0866435706449
			54.2581799272258	-42.0866435706449
			54.2186619520421	-42.0866435706449
			54.1791439768584	-42.0866435706449
			54.1396260016747	-42.0866435706449
			54.100108026491	-42.0866435706449
			54.0605900513073	-42.0866435706449
			54.0210720761236	-42.0866435706449
			53.9815541009399	-42.0866435706449
			53.9420361257562	-42.0866435706449
			53.9025181505725	-42.0471255954612
			53.8630001753888	-42.0471255954612
			53.8234822002051	-42.0471255954612
			53.7839642250214	-42.0471255954612
			53.7444462498377	-42.0471255954612
			53.704928274654	-42.0471255954612
			53.6654102994703	-42.0471255954612
			53.6258923242866	-42.0471255954612
			53.5863743491028	-42.0471255954612
			53.5468563739191	-42.0471255954612
			53.5073383987354	-42.0471255954612
			53.4678204235517	-42.0471255954612
			53.428302448368	-42.0471255954612
			53.3887844731843	-42.0471255954612
			53.3492664980006	-42.0471255954612
			53.3097485228169	-42.0471255954612
			53.2702305476332	-42.0471255954612
			53.2307125724495	-42.0471255954612
			53.1911945972658	-42.0471255954612
			53.1516766220821	-42.0471255954612
			53.1121586468984	-42.0471255954612
			53.0726406717147	-42.0471255954612
			53.033122696531	-42.0471255954612
			52.9936047213473	-42.0471255954612
			52.9540867461636	-42.0471255954612
			52.9145687709799	-42.0471255954612
			52.8750507957962	-42.0471255954612
			52.8355328206125	-42.0471255954612
			52.7960148454288	-42.0471255954612
			52.7564968702451	-42.0471255954612
			52.7169788950614	-42.0471255954612
			52.6774609198777	-42.0471255954612
			52.6379429446939	-42.0471255954612
			52.5984249695102	-42.0471255954612
			52.5589069943265	-42.0471255954612
			52.5193890191428	-42.0471255954612
			52.4798710439591	-42.0471255954612
			52.4403530687754	-42.0471255954612
			52.4008350935917	-42.0471255954612
			52.361317118408	-42.0471255954612
			52.3217991432243	-42.0471255954612
			52.2822811680406	-42.0471255954612
			52.2427631928569	-42.0471255954612
			52.2032452176732	-42.0471255954612
			52.1637272424895	-42.0471255954612
			52.1242092673058	-42.0471255954612
			52.0846912921221	-42.0471255954612
			52.0451733169384	-42.0471255954612
			52.0056553417547	-42.0471255954612
			51.966137366571	-42.0471255954612
			51.9266193913873	-42.0471255954612
			51.8871014162036	-42.0471255954612
			51.8475834410199	-42.0471255954612
			51.8080654658362	-42.0471255954612
			51.7685474906525	-42.0471255954612
			51.7290295154688	-42.0471255954612
			51.6895115402851	-42.0076076202775
			51.6499935651013	-42.0076076202775
			51.6104755899176	-42.0076076202775
			51.5709576147339	-42.0076076202775
			51.5314396395502	-42.0076076202775
			51.4919216643665	-42.0076076202775
			51.4524036891828	-42.0076076202775
			51.4128857139991	-42.0076076202775
			51.3733677388154	-42.0076076202775
			51.3338497636317	-42.0076076202775
			51.294331788448	-42.0076076202775
			51.2548138132643	-42.0076076202775
			51.2152958380806	-42.0076076202775
			51.1757778628969	-42.0076076202775
			51.1362598877132	-42.0076076202775
			51.0967419125295	-42.0076076202775
			51.0572239373458	-42.0076076202775
			51.0177059621621	-42.0076076202775
			50.9781879869784	-42.0076076202775
			50.9386700117947	-42.0076076202775
			50.899152036611	-42.0076076202775
			50.8596340614273	-42.0076076202775
			50.8201160862436	-42.0076076202775
			50.7805981110599	-42.0076076202775
			50.7805981110599	-41.9680896450938
			50.7410801358762	-41.9680896450938
			50.7015621606924	-41.9680896450938
			50.6620441855087	-41.9680896450938
			50.622526210325	-41.9680896450938
			50.5830082351413	-41.9680896450938
			50.5434902599576	-41.9680896450938
			50.5039722847739	-41.9680896450938
			50.4644543095902	-41.9680896450938
			50.4249363344065	-41.9680896450938
			50.3854183592228	-41.9680896450938
			50.3459003840391	-41.9680896450938
			50.3063824088554	-41.9680896450938
			50.3063824088554	-42.0076076202775
			50.2668644336717	-42.0076076202775
			50.227346458488	-42.0076076202775
			50.1878284833043	-42.0076076202775
			50.1483105081206	-42.0076076202775
			50.1087925329369	-42.0076076202775
			50.0692745577532	-42.0076076202775
			50.0297565825695	-42.0076076202775
			49.9902386073858	-42.0076076202775
			49.9507206322021	-42.0076076202775
			49.9112026570184	-42.0471255954612
			49.8716846818347	-42.0471255954612
			49.832166706651	-42.0471255954612
			49.7926487314673	-42.0471255954612
			49.7531307562835	-42.0471255954612
			49.7136127810998	-42.0471255954612
			49.6740948059161	-42.0471255954612
			49.6345768307324	-42.0471255954612
			49.5950588555487	-42.0866435706449
			49.555540880365	-42.0866435706449
			49.5160229051813	-42.0866435706449
			49.4765049299976	-42.0866435706449
			49.4369869548139	-42.0866435706449
			49.3974689796302	-42.0866435706449
			49.3579510044465	-42.0866435706449
			49.3184330292628	-42.0866435706449
			49.2789150540791	-42.0866435706449
			49.2393970788954	-42.0866435706449
			49.1998791037117	-42.1261615458286
			49.160361128528	-42.1261615458286
			49.1208431533443	-42.1261615458286
			49.0813251781606	-42.1261615458286
			49.0418072029769	-42.1261615458286
			49.0022892277932	-42.1261615458286
			48.9627712526095	-42.1261615458286
			48.9232532774258	-42.1261615458286
			48.8837353022421	-42.1261615458286
			48.8442173270584	-42.1261615458286
			48.8046993518746	-42.1656795210123
			48.7651813766909	-42.1656795210123
			48.7256634015072	-42.1656795210123
			48.6861454263235	-42.1656795210123
			48.6466274511398	-42.1656795210123
			48.6071094759561	-42.1656795210123
			48.5675915007724	-42.1656795210123
			48.5280735255887	-42.1656795210123
			48.488555550405	-42.1656795210123
			48.4490375752213	-42.1656795210123
			48.4095196000376	-42.1656795210123
			48.4095196000376	-42.205197496196
			48.3700016248539	-42.205197496196
			48.3304836496702	-42.205197496196
			48.2909656744865	-42.205197496196
			48.2514476993028	-42.205197496196
			48.2119297241191	-42.205197496196
			48.1724117489354	-42.205197496196
			48.1328937737517	-42.205197496196
			48.093375798568	-42.205197496196
			48.0538578233843	-42.205197496196
			48.0143398482006	-42.205197496196
			47.9748218730169	-42.205197496196
			47.9353038978332	-42.2447154713798
			47.8957859226495	-42.2447154713798
			47.8562679474657	-42.2447154713798
			47.816749972282	-42.2447154713798
			47.7772319970983	-42.2447154713798
			47.7377140219146	-42.2447154713798
			47.6981960467309	-42.2447154713798
			47.6586780715472	-42.2447154713798
			47.6191600963635	-42.2447154713798
			47.5796421211798	-42.2447154713798
			47.5401241459961	-42.2447154713798
			47.5006061708124	-42.2447154713798
			47.4610881956287	-42.2447154713798
			47.421570220445	-42.2842334465635
			47.3820522452613	-42.2842334465635
			47.3425342700776	-42.2842334465635
			47.3030162948939	-42.2842334465635
			47.2634983197102	-42.2842334465635
			47.2239803445265	-42.2842334465635
			47.1844623693428	-42.2842334465635
			47.1449443941591	-42.2842334465635
			47.1054264189754	-42.2842334465635
			47.0659084437917	-42.2842334465635
			47.026390468608	-42.2842334465635
			46.9868724934243	-42.2842334465635
			46.9473545182406	-42.2842334465635
			46.9078365430568	-42.2842334465635
			46.8683185678731	-42.3237514217472
			46.8288005926894	-42.3237514217472
			46.7892826175057	-42.3237514217472
			46.749764642322	-42.3237514217472
			46.7102466671383	-42.3237514217472
			46.6707286919546	-42.3237514217472
			46.6312107167709	-42.3237514217472
			46.5916927415872	-42.3237514217472
			46.5521747664035	-42.3237514217472
			46.5126567912198	-42.3237514217472
			46.4731388160361	-42.3237514217472
			46.4336208408524	-42.3237514217472
			46.3941028656687	-42.3237514217472
			46.354584890485	-42.3237514217472
			46.3150669153013	-42.3237514217472
			46.2755489401176	-42.3237514217472
			46.2360309649339	-42.3237514217472
			46.1965129897502	-42.3237514217472
			46.1569950145665	-42.3237514217472
			46.1174770393828	-42.3632693969309
			46.0779590641991	-42.3632693969309
			46.0384410890154	-42.3632693969309
			45.9989231138317	-42.3632693969309
			45.9594051386479	-42.3632693969309
			45.9198871634642	-42.3632693969309
			45.8803691882805	-42.3632693969309
			45.8408512130968	-42.3632693969309
			45.8013332379131	-42.3632693969309
			45.7618152627294	-42.3632693969309
			45.7222972875457	-42.3632693969309
			45.682779312362	-42.3632693969309
			45.6432613371783	-42.3632693969309
			45.6037433619946	-42.3632693969309
			45.5642253868109	-42.3632693969309
			45.5247074116272	-42.3632693969309
			45.4851894364435	-42.3632693969309
			45.4456714612598	-42.3632693969309
			45.4061534860761	-42.3632693969309
			45.3666355108924	-42.3632693969309
			45.3271175357087	-42.3632693969309
			45.287599560525	-42.3632693969309
			45.2480815853413	-42.3632693969309
			45.2085636101576	-42.3632693969309
			45.1690456349739	-42.3632693969309
			45.1295276597902	-42.3632693969309
			45.0900096846065	-42.3632693969309
			45.0504917094228	-42.3632693969309
			45.010973734239	-42.3632693969309
			44.9714557590553	-42.3632693969309
			44.9319377838716	-42.3632693969309
			44.8924198086879	-42.3632693969309
			44.8529018335042	-42.3632693969309
			44.8133838583205	-42.3632693969309
			44.7738658831368	-42.3632693969309
			44.7343479079531	-42.3632693969309
			44.6948299327694	-42.3632693969309
			44.6553119575857	-42.3632693969309
			44.615793982402	-42.3632693969309
			44.5762760072183	-42.3632693969309
			44.5367580320346	-42.3632693969309
			44.4972400568509	-42.3632693969309
			44.4577220816672	-42.3632693969309
			44.4182041064835	-42.3632693969309
			44.3786861312998	-42.3632693969309
			44.3391681561161	-42.3632693969309
			44.2996501809324	-42.3632693969309
			44.2601322057487	-42.3632693969309
			44.220614230565	-42.3632693969309
			44.1810962553813	-42.3632693969309
			44.1415782801976	-42.3632693969309
			44.1020603050139	-42.3632693969309
			44.0625423298301	-42.3632693969309
			44.0230243546464	-42.3632693969309
			43.9835063794627	-42.3632693969309
			43.943988404279	-42.3632693969309
			43.9044704290953	-42.3632693969309
			43.8649524539116	-42.3632693969309
			43.8254344787279	-42.3632693969309
			43.7859165035442	-42.3632693969309
			43.7463985283605	-42.3632693969309
			43.7068805531768	-42.3237514217472
			43.6673625779931	-42.3237514217472
			43.6278446028094	-42.3237514217472
			43.5883266276257	-42.3237514217472
			43.548808652442	-42.3237514217472
			43.5092906772583	-42.3237514217472
			43.4697727020746	-42.3237514217472
			43.4302547268909	-42.3237514217472
			43.3907367517072	-42.3237514217472
			43.3512187765235	-42.3632693969309
			43.3117008013398	-42.3632693969309
			43.2721828261561	-42.3632693969309
			43.2326648509724	-42.4027873721146
			43.1931468757887	-42.4027873721146
			43.153628900605	-42.4027873721146
			43.1141109254212	-42.4423053472983
			43.0745929502375	-42.4423053472983
			43.0350749750538	-42.4423053472983
			42.9955569998701	-42.4423053472983
			42.9560390246864	-42.481823322482
			42.9165210495027	-42.481823322482
			42.877003074319	-42.481823322482
			42.8374850991353	-42.481823322482
			42.7979671239516	-42.481823322482
			42.7979671239516	-42.5213412976657
			42.7584491487679	-42.5213412976657
			42.7189311735842	-42.5213412976657
			42.6794131984005	-42.5213412976657
			42.6398952232168	-42.5213412976657
			42.6003772480331	-42.5608592728494
			42.5608592728494	-42.5608592728494
			42.5213412976657	-42.5608592728494
			42.481823322482	-42.5608592728494
			42.4423053472983	-42.6003772480331
			42.4027873721146	-42.6003772480331
			42.3632693969309	-42.6003772480331
			42.3237514217472	-42.6003772480331
			42.2842334465635	-42.6003772480331
			42.2447154713798	-42.6003772480331
			42.205197496196	-42.6398952232168
			42.1656795210123	-42.6398952232168
			42.1261615458286	-42.6398952232168
			42.0866435706449	-42.6398952232168
			42.0471255954612	-42.6398952232168
			42.0076076202775	-42.6794131984005
			41.9680896450938	-42.6794131984005
			41.9285716699101	-42.6794131984005
			41.8890536947264	-42.6794131984005
			41.8495357195427	-42.6794131984005
			41.810017744359	-42.6794131984005
			41.7704997691753	-42.7189311735842
			41.7309817939916	-42.7189311735842
			41.6914638188079	-42.7189311735842
			41.6519458436242	-42.7189311735842
			41.6124278684405	-42.7189311735842
			41.5729098932568	-42.7189311735842
			41.5333919180731	-42.7189311735842
			41.4938739428894	-42.7584491487679
			41.4543559677057	-42.7584491487679
			41.414837992522	-42.7584491487679
			41.3753200173383	-42.7584491487679
			41.3358020421546	-42.7584491487679
			41.2962840669709	-42.7584491487679
			41.2567660917871	-42.7584491487679
			41.2172481166034	-42.7584491487679
			41.1777301414197	-42.7584491487679
			41.1777301414197	-42.7979671239516
			41.138212166236	-42.7979671239516
			41.0986941910523	-42.7979671239516
			41.0591762158686	-42.7979671239516
			41.0196582406849	-42.7979671239516
			40.9801402655012	-42.7979671239516
			40.9406222903175	-42.7979671239516
			40.9011043151338	-42.7979671239516
			40.8615863399501	-42.7979671239516
			40.8220683647664	-42.8374850991353
			40.7825503895827	-42.8374850991353
			40.743032414399	-42.8374850991353
			40.7035144392153	-42.8374850991353
			40.6639964640316	-42.8374850991353
			40.6244784888479	-42.8374850991353
			40.5849605136642	-42.8374850991353
			40.5454425384805	-42.8374850991353
			40.5059245632968	-42.8374850991353
			40.4664065881131	-42.8374850991353
			40.4268886129294	-42.8374850991353
			40.3873706377457	-42.877003074319
			40.347852662562	-42.877003074319
			40.3083346873782	-42.877003074319
			40.2688167121945	-42.877003074319
			40.2292987370108	-42.877003074319
			40.1897807618271	-42.877003074319
			40.1502627866434	-42.877003074319
			40.1107448114597	-42.877003074319
			40.071226836276	-42.877003074319
			40.0317088610923	-42.877003074319
			39.9921908859086	-42.877003074319
			39.9526729107249	-42.877003074319
			39.9131549355412	-42.9165210495027
			39.8736369603575	-42.9165210495027
			39.8341189851738	-42.9165210495027
			39.7946010099901	-42.9165210495027
			39.7550830348064	-42.9165210495027
			39.7155650596227	-42.9165210495027
			39.676047084439	-42.9165210495027
			39.6365291092553	-42.9165210495027
			39.5970111340716	-42.9165210495027
			39.5574931588879	-42.9165210495027
			39.5179751837042	-42.9165210495027
			39.4784572085205	-42.9165210495027
			39.4389392333368	-42.9165210495027
			39.3994212581531	-42.9165210495027
			39.3599032829693	-42.9165210495027
			39.3203853077856	-42.9560390246864
			39.2808673326019	-42.9560390246864
			39.2413493574182	-42.9560390246864
			39.2018313822345	-42.9560390246864
			39.1623134070508	-42.9560390246864
			39.1227954318671	-42.9560390246864
			39.0832774566834	-42.9560390246864
			39.0437594814997	-42.9560390246864
			39.004241506316	-42.9560390246864
		</c2>
	</curves.scaled>
	<ruler.points type=matrix rownames=TRUE colnames=FALSE nrow=2 ncol=2 as.numeric=TRUE >
		Ruler point 1	2111	268
		Ruler point 2	2364	263
	</ruler.points>
</shapes>

