<shapes type=list>
	<ruler.pixel type=vector names=FALSE length=1 as.numeric=TRUE >251.049795857316</ruler.pixel>
	<ruler.interval type=vector names=FALSE length=1 as.numeric=TRUE >10</ruler.interval>
	<scaling.units type=vector names=FALSE length=1 as.numeric=FALSE >undefined</scaling.units>
	<scaling type=vector names=FALSE length=1 as.numeric=TRUE >0.0398327350390816</scaling>
	<landmarks.pixel type=matrix rownames=TRUE colnames=FALSE nrow=2 ncol=2 as.numeric=TRUE >
		LM1	968	1149
		LM2	1552	1171
	</landmarks.pixel>
	<landmarks.scaled type=matrix rownames=TRUE colnames=FALSE nrow=2 ncol=2 as.numeric=TRUE >
		LM1	38.558087517831	-45.7678125599048
		LM2	61.8204047806547	-46.6441327307646
	</landmarks.scaled>
	<curves.control type=list>
		<c1 type=matrix rownames=FALSE colnames=FALSE nrow=11 ncol=2 as.numeric=TRUE >
			968	1149
			1035	1061
			1147	1012
			1170	994
			1254	980
			1402	947
			1464	1029
			1486	1035
			1526	1117
			1563	1160
			1552	1171
		</c1>
		<c2 type=matrix rownames=FALSE colnames=FALSE nrow=11 ncol=2 as.numeric=TRUE >
			1552	1171
			1493	1148
			1390	1148
			1369	1150
			1282	1147
			1245	1153
			1149	1146
			1087	1154
			1014	1150
			989	1156
			968	1149
		</c2>
	</curves.control>
	<curves.pixel type=list>
		<c1 type=matrix rownames=FALSE colnames=FALSE nrow=688 ncol=2 as.numeric=TRUE >
			968	1149
			969	1148
			970	1147
			970	1146
			971	1145
			972	1144
			973	1143
			973	1142
			974	1141
			975	1140
			976	1139
			977	1138
			978	1137
			978	1136
			979	1135
			980	1134
			981	1133
			982	1132
			983	1131
			983	1130
			984	1129
			985	1128
			986	1127
			987	1126
			988	1125
			989	1124
			989	1123
			990	1122
			991	1121
			992	1120
			993	1119
			994	1118
			995	1117
			996	1116
			997	1115
			998	1114
			999	1113
			1000	1112
			1001	1111
			1002	1110
			1003	1109
			1003	1108
			1004	1108
			1005	1107
			1006	1106
			1007	1105
			1007	1104
			1008	1104
			1009	1103
			1010	1102
			1011	1101
			1012	1100
			1013	1099
			1014	1098
			1015	1097
			1016	1096
			1017	1095
			1018	1094
			1019	1093
			1020	1093
			1021	1092
			1022	1091
			1023	1090
			1024	1089
			1025	1088
			1026	1087
			1027	1086
			1028	1085
			1029	1085
			1030	1084
			1031	1083
			1032	1082
			1033	1081
			1034	1080
			1035	1079
			1036	1079
			1037	1078
			1038	1077
			1039	1076
			1040	1076
			1040	1075
			1041	1075
			1042	1074
			1043	1073
			1044	1072
			1045	1072
			1046	1071
			1047	1071
			1047	1070
			1048	1069
			1049	1069
			1050	1068
			1051	1067
			1052	1066
			1053	1066
			1054	1065
			1055	1064
			1056	1063
			1057	1063
			1058	1062
			1059	1061
			1060	1061
			1061	1060
			1062	1059
			1063	1059
			1064	1058
			1065	1057
			1066	1057
			1067	1056
			1068	1055
			1069	1055
			1070	1054
			1071	1053
			1072	1053
			1073	1052
			1074	1051
			1075	1051
			1076	1050
			1077	1049
			1078	1049
			1079	1048
			1080	1047
			1081	1047
			1082	1046
			1083	1046
			1084	1045
			1085	1044
			1086	1044
			1087	1043
			1088	1042
			1089	1042
			1090	1041
			1091	1041
			1092	1040
			1093	1039
			1094	1039
			1095	1038
			1096	1037
			1097	1037
			1098	1036
			1099	1036
			1100	1036
			1100	1035
			1101	1035
			1102	1034
			1103	1034
			1104	1033
			1105	1033
			1106	1032
			1107	1032
			1107	1031
			1108	1031
			1109	1030
			1110	1030
			1111	1029
			1112	1029
			1113	1028
			1114	1028
			1115	1027
			1116	1027
			1117	1026
			1118	1026
			1119	1025
			1120	1025
			1121	1024
			1122	1024
			1123	1023
			1124	1023
			1125	1022
			1126	1022
			1127	1021
			1128	1021
			1129	1020
			1130	1020
			1131	1019
			1132	1019
			1133	1018
			1134	1018
			1135	1017
			1136	1017
			1137	1016
			1138	1016
			1139	1016
			1140	1015
			1141	1015
			1142	1014
			1143	1014
			1144	1013
			1145	1013
			1146	1012
			1147	1012
			1148	1012
			1148	1011
			1149	1011
			1150	1010
			1151	1009
			1152	1009
			1153	1008
			1154	1007
			1155	1007
			1156	1006
			1157	1006
			1158	1005
			1159	1005
			1160	1004
			1161	1004
			1162	1003
			1163	1003
			1164	1002
			1165	1002
			1166	1001
			1167	1001
			1168	1001
			1169	1001
			1169	1000
			1170	1000
			1171	1000
			1172	999
			1173	999
			1174	999
			1175	998
			1176	998
			1177	998
			1178	997
			1179	997
			1180	996
			1181	996
			1182	996
			1183	996
			1184	995
			1185	995
			1186	995
			1187	995
			1188	994
			1189	994
			1190	994
			1190	993
			1191	993
			1192	993
			1193	993
			1194	992
			1195	992
			1196	992
			1197	992
			1198	991
			1199	991
			1200	991
			1201	991
			1202	990
			1203	990
			1204	990
			1205	990
			1206	989
			1207	989
			1208	989
			1209	989
			1210	989
			1210	988
			1211	988
			1212	988
			1213	988
			1214	988
			1215	988
			1215	987
			1216	987
			1217	987
			1218	987
			1219	987
			1220	986
			1221	986
			1222	986
			1223	986
			1224	985
			1225	985
			1226	985
			1227	985
			1228	985
			1229	985
			1230	984
			1231	984
			1232	984
			1233	984
			1234	984
			1235	983
			1236	983
			1237	983
			1238	983
			1239	983
			1240	982
			1241	982
			1242	982
			1243	982
			1244	982
			1245	982
			1246	981
			1247	981
			1248	981
			1249	981
			1250	981
			1251	980
			1252	980
			1253	980
			1254	980
			1255	980
			1256	980
			1257	979
			1258	979
			1259	979
			1260	979
			1261	979
			1261	978
			1262	978
			1263	978
			1264	978
			1265	978
			1266	977
			1267	977
			1268	977
			1269	977
			1270	977
			1271	977
			1272	976
			1273	976
			1274	976
			1275	976
			1276	976
			1277	976
			1277	975
			1278	975
			1279	975
			1280	975
			1281	975
			1282	975
			1283	975
			1284	974
			1285	974
			1286	974
			1287	974
			1288	974
			1289	974
			1290	973
			1291	973
			1292	973
			1293	973
			1294	973
			1295	973
			1296	973
			1297	973
			1298	973
			1299	972
			1300	972
			1301	972
			1302	972
			1303	972
			1304	972
			1305	972
			1306	972
			1307	972
			1308	972
			1309	971
			1310	971
			1311	971
			1312	971
			1313	971
			1314	971
			1315	971
			1316	971
			1317	971
			1318	971
			1319	971
			1320	971
			1321	971
			1322	971
			1323	971
			1324	971
			1325	971
			1326	971
			1327	971
			1328	971
			1329	971
			1330	971
			1331	971
			1332	971
			1333	971
			1334	971
			1335	971
			1336	971
			1337	971
			1338	971
			1339	971
			1340	971
			1341	971
			1342	971
			1343	971
			1344	971
			1345	971
			1346	971
			1347	971
			1348	971
			1349	971
			1350	971
			1351	971
			1352	971
			1353	971
			1354	972
			1355	972
			1356	972
			1357	972
			1358	972
			1359	972
			1360	972
			1361	972
			1362	972
			1363	973
			1364	973
			1365	973
			1366	973
			1367	973
			1368	973
			1369	974
			1370	974
			1371	974
			1372	974
			1373	974
			1374	974
			1375	975
			1376	975
			1377	975
			1378	975
			1379	975
			1380	976
			1381	976
			1382	976
			1383	976
			1384	977
			1385	977
			1386	977
			1387	977
			1388	978
			1389	978
			1390	978
			1391	979
			1392	979
			1393	979
			1394	979
			1395	980
			1396	980
			1397	981
			1398	981
			1399	981
			1400	982
			1401	982
			1402	982
			1403	983
			1404	983
			1405	984
			1406	984
			1407	985
			1408	985
			1409	985
			1410	986
			1411	986
			1412	987
			1413	987
			1414	987
			1415	988
			1416	989
			1417	989
			1418	990
			1419	990
			1420	991
			1421	991
			1422	992
			1423	992
			1423	993
			1424	993
			1425	994
			1426	994
			1427	995
			1428	996
			1429	996
			1430	997
			1431	997
			1432	998
			1433	999
			1434	999
			1435	1000
			1436	1001
			1437	1002
			1438	1002
			1439	1003
			1439	1004
			1440	1004
			1441	1005
			1442	1006
			1443	1007
			1444	1007
			1445	1008
			1446	1009
			1446	1010
			1447	1010
			1448	1011
			1449	1012
			1450	1013
			1451	1014
			1452	1015
			1453	1016
			1454	1017
			1455	1018
			1456	1019
			1457	1020
			1458	1021
			1459	1022
			1459	1023
			1460	1024
			1461	1025
			1462	1026
			1463	1027
			1463	1028
			1464	1029
			1465	1029
			1466	1030
			1467	1030
			1468	1030
			1469	1031
			1469	1032
			1470	1032
			1471	1033
			1472	1034
			1473	1034
			1474	1035
			1475	1035
			1475	1036
			1476	1037
			1477	1037
			1477	1038
			1478	1039
			1479	1039
			1479	1040
			1480	1041
			1481	1041
			1481	1042
			1482	1043
			1483	1044
			1483	1045
			1484	1045
			1485	1046
			1485	1047
			1486	1048
			1487	1049
			1488	1050
			1488	1051
			1489	1052
			1490	1053
			1490	1054
			1491	1055
			1492	1056
			1493	1057
			1494	1058
			1494	1059
			1494	1060
			1495	1060
			1495	1061
			1496	1062
			1496	1063
			1497	1063
			1497	1064
			1498	1065
			1498	1066
			1499	1066
			1499	1067
			1500	1068
			1500	1069
			1501	1070
			1502	1071
			1502	1072
			1503	1073
			1503	1074
			1504	1075
			1505	1076
			1505	1077
			1506	1078
			1506	1079
			1507	1080
			1507	1081
			1508	1082
			1509	1083
			1509	1084
			1509	1085
			1510	1086
			1510	1087
			1511	1087
			1511	1088
			1512	1089
			1512	1090
			1513	1091
			1513	1092
			1514	1093
			1515	1094
			1515	1095
			1516	1096
			1516	1097
			1516	1098
			1517	1098
			1517	1099
			1517	1100
			1518	1100
			1518	1101
			1518	1102
			1519	1102
			1519	1103
			1519	1104
			1520	1104
			1520	1105
			1520	1106
			1521	1106
			1521	1107
			1521	1108
			1522	1109
			1523	1110
			1523	1111
			1524	1112
			1524	1113
			1525	1114
			1525	1115
			1525	1116
			1526	1117
			1527	1118
			1527	1119
			1528	1120
			1529	1120
			1530	1121
			1530	1122
			1531	1123
			1532	1124
			1533	1125
			1533	1126
			1534	1127
			1535	1127
			1535	1128
			1536	1129
			1537	1130
			1537	1131
			1538	1131
			1538	1132
			1539	1133
			1540	1134
			1540	1135
			1541	1135
			1541	1136
			1542	1137
			1542	1138
			1543	1138
			1543	1139
			1544	1140
			1544	1141
			1545	1141
			1545	1142
			1546	1143
			1547	1144
			1547	1145
			1548	1146
			1548	1147
			1549	1148
			1550	1149
			1550	1150
			1550	1151
			1551	1152
			1551	1153
			1552	1153
			1552	1154
			1552	1155
			1553	1156
			1553	1157
			1553	1158
			1554	1159
			1554	1160
			1554	1161
			1554	1162
			1554	1163
			1555	1164
			1554	1165
			1554	1166
			1554	1167
			1554	1168
			1554	1169
			1553	1170
			1552	1171
		</c1>
		<c2 type=matrix rownames=FALSE colnames=FALSE nrow=590 ncol=2 as.numeric=TRUE >
			1552	1171
			1551	1171
			1550	1170
			1549	1170
			1548	1169
			1547	1169
			1546	1169
			1545	1168
			1544	1168
			1543	1168
			1542	1167
			1541	1167
			1540	1167
			1539	1166
			1538	1166
			1537	1166
			1536	1165
			1535	1165
			1534	1165
			1533	1165
			1533	1164
			1532	1164
			1531	1164
			1530	1164
			1529	1163
			1528	1163
			1527	1163
			1526	1162
			1525	1162
			1524	1162
			1523	1162
			1522	1161
			1521	1161
			1520	1161
			1519	1161
			1518	1160
			1517	1160
			1516	1160
			1515	1160
			1514	1160
			1514	1159
			1513	1159
			1512	1159
			1511	1159
			1510	1159
			1509	1158
			1508	1158
			1507	1158
			1506	1158
			1505	1158
			1504	1157
			1503	1157
			1502	1157
			1501	1157
			1500	1157
			1499	1157
			1498	1156
			1497	1156
			1496	1156
			1495	1156
			1494	1156
			1493	1155
			1492	1155
			1491	1155
			1490	1155
			1489	1155
			1488	1155
			1487	1155
			1486	1154
			1485	1154
			1484	1154
			1483	1154
			1482	1154
			1481	1154
			1480	1153
			1479	1153
			1478	1153
			1477	1153
			1476	1153
			1475	1153
			1474	1153
			1473	1153
			1472	1152
			1471	1152
			1470	1152
			1469	1152
			1468	1152
			1467	1152
			1466	1152
			1465	1152
			1464	1152
			1463	1151
			1462	1151
			1461	1151
			1460	1151
			1459	1151
			1458	1151
			1457	1151
			1456	1151
			1455	1151
			1454	1151
			1453	1151
			1452	1150
			1451	1150
			1450	1150
			1449	1150
			1448	1150
			1447	1150
			1446	1150
			1445	1150
			1444	1150
			1443	1150
			1442	1150
			1441	1150
			1440	1150
			1439	1149
			1438	1149
			1437	1149
			1436	1149
			1435	1149
			1434	1149
			1433	1149
			1432	1149
			1431	1149
			1430	1149
			1429	1149
			1428	1149
			1427	1149
			1426	1149
			1425	1149
			1424	1149
			1423	1149
			1422	1149
			1421	1149
			1420	1149
			1419	1148
			1418	1148
			1417	1148
			1416	1148
			1415	1148
			1414	1148
			1413	1148
			1412	1148
			1411	1148
			1410	1148
			1409	1148
			1408	1148
			1407	1148
			1406	1148
			1405	1148
			1404	1148
			1403	1148
			1402	1148
			1401	1148
			1400	1148
			1399	1148
			1398	1148
			1397	1148
			1396	1148
			1395	1148
			1394	1148
			1393	1148
			1392	1148
			1391	1148
			1390	1148
			1389	1148
			1388	1148
			1387	1148
			1386	1148
			1385	1148
			1384	1148
			1383	1148
			1382	1149
			1381	1149
			1380	1149
			1379	1149
			1378	1149
			1377	1149
			1376	1149
			1375	1149
			1374	1149
			1373	1149
			1372	1149
			1371	1149
			1370	1149
			1369	1149
			1368	1149
			1367	1149
			1366	1149
			1365	1149
			1364	1149
			1363	1149
			1362	1149
			1361	1149
			1360	1149
			1359	1149
			1358	1149
			1357	1149
			1356	1149
			1355	1149
			1354	1149
			1353	1149
			1352	1149
			1351	1149
			1350	1149
			1349	1149
			1348	1149
			1347	1149
			1346	1149
			1345	1149
			1344	1149
			1343	1149
			1342	1149
			1341	1149
			1340	1149
			1339	1149
			1338	1149
			1337	1149
			1336	1149
			1335	1148
			1334	1148
			1333	1148
			1332	1148
			1331	1148
			1330	1148
			1329	1148
			1328	1148
			1327	1148
			1326	1148
			1325	1148
			1324	1148
			1323	1148
			1322	1148
			1321	1148
			1320	1148
			1319	1148
			1318	1148
			1317	1148
			1316	1148
			1315	1148
			1314	1148
			1313	1148
			1312	1148
			1311	1148
			1310	1148
			1309	1148
			1308	1148
			1307	1148
			1306	1148
			1305	1148
			1304	1148
			1303	1148
			1302	1148
			1301	1148
			1300	1148
			1299	1148
			1298	1148
			1297	1147
			1296	1147
			1295	1147
			1294	1147
			1293	1147
			1292	1147
			1291	1147
			1290	1147
			1289	1147
			1288	1147
			1287	1147
			1286	1147
			1285	1147
			1284	1147
			1283	1147
			1282	1147
			1281	1147
			1280	1147
			1279	1147
			1278	1148
			1277	1148
			1276	1148
			1275	1148
			1274	1148
			1273	1148
			1272	1148
			1271	1148
			1270	1149
			1269	1149
			1268	1149
			1267	1149
			1266	1149
			1265	1149
			1264	1149
			1263	1149
			1262	1149
			1261	1149
			1260	1149
			1259	1149
			1258	1149
			1257	1149
			1256	1149
			1255	1149
			1254	1149
			1253	1149
			1252	1150
			1251	1150
			1250	1150
			1249	1150
			1248	1150
			1247	1150
			1246	1150
			1245	1150
			1244	1150
			1243	1150
			1242	1150
			1241	1150
			1240	1150
			1239	1150
			1238	1150
			1237	1150
			1236	1150
			1235	1150
			1234	1150
			1233	1150
			1232	1150
			1231	1150
			1230	1150
			1229	1150
			1228	1150
			1227	1150
			1226	1150
			1225	1150
			1224	1150
			1223	1150
			1222	1150
			1221	1150
			1220	1150
			1219	1150
			1218	1150
			1217	1150
			1216	1150
			1215	1149
			1214	1149
			1213	1149
			1212	1149
			1211	1149
			1210	1149
			1209	1149
			1208	1149
			1207	1149
			1206	1149
			1205	1149
			1204	1149
			1203	1149
			1202	1149
			1201	1149
			1200	1149
			1199	1149
			1198	1149
			1197	1149
			1196	1149
			1195	1149
			1194	1149
			1193	1149
			1192	1149
			1191	1149
			1190	1149
			1189	1148
			1188	1148
			1187	1148
			1186	1148
			1185	1148
			1184	1148
			1183	1148
			1182	1148
			1181	1148
			1180	1148
			1179	1148
			1178	1148
			1177	1148
			1176	1148
			1175	1148
			1174	1148
			1173	1148
			1172	1148
			1171	1147
			1170	1147
			1169	1147
			1168	1147
			1167	1147
			1166	1147
			1165	1147
			1164	1147
			1163	1147
			1162	1147
			1161	1147
			1160	1147
			1159	1147
			1158	1147
			1157	1147
			1156	1147
			1155	1146
			1154	1146
			1153	1146
			1152	1146
			1151	1146
			1150	1146
			1149	1146
			1148	1146
			1147	1146
			1146	1146
			1145	1146
			1144	1147
			1143	1147
			1142	1147
			1141	1147
			1140	1147
			1139	1147
			1138	1147
			1137	1147
			1136	1148
			1135	1148
			1134	1148
			1133	1148
			1132	1148
			1131	1148
			1130	1148
			1129	1148
			1128	1148
			1127	1148
			1126	1148
			1126	1149
			1125	1149
			1124	1149
			1123	1149
			1122	1149
			1121	1149
			1120	1149
			1119	1149
			1118	1149
			1117	1149
			1116	1149
			1115	1149
			1114	1150
			1113	1150
			1112	1150
			1111	1150
			1110	1150
			1109	1150
			1108	1150
			1107	1150
			1106	1150
			1105	1150
			1104	1150
			1103	1150
			1102	1150
			1101	1150
			1100	1150
			1099	1150
			1098	1150
			1097	1151
			1096	1151
			1095	1151
			1094	1151
			1093	1151
			1092	1151
			1091	1151
			1090	1151
			1089	1151
			1088	1151
			1087	1151
			1086	1151
			1085	1151
			1084	1151
			1083	1151
			1082	1151
			1081	1151
			1080	1151
			1079	1151
			1078	1151
			1077	1151
			1076	1151
			1075	1151
			1074	1151
			1073	1151
			1072	1151
			1071	1151
			1070	1151
			1069	1151
			1068	1151
			1067	1151
			1066	1151
			1065	1151
			1064	1151
			1063	1151
			1062	1151
			1061	1151
			1060	1151
			1059	1151
			1058	1151
			1057	1151
			1056	1151
			1055	1151
			1054	1151
			1053	1151
			1052	1151
			1051	1151
			1050	1151
			1049	1151
			1048	1151
			1047	1151
			1046	1151
			1045	1151
			1044	1151
			1043	1151
			1042	1151
			1041	1151
			1040	1151
			1039	1151
			1038	1151
			1037	1151
			1036	1151
			1035	1151
			1034	1151
			1033	1151
			1032	1151
			1031	1151
			1030	1151
			1029	1151
			1028	1151
			1027	1151
			1026	1151
			1025	1151
			1024	1150
			1023	1150
			1022	1150
			1021	1150
			1020	1150
			1019	1150
			1018	1150
			1017	1150
			1016	1150
			1015	1150
			1014	1150
			1013	1150
			1012	1150
			1011	1151
			1010	1151
			1009	1151
			1008	1151
			1007	1151
			1006	1152
			1005	1152
			1004	1152
			1003	1152
			1002	1152
			1001	1152
			1000	1152
			999	1152
			998	1153
			997	1153
			996	1153
			995	1153
			994	1153
			993	1153
			992	1153
			991	1153
			990	1153
			989	1153
			988	1153
			987	1153
			986	1153
			985	1153
			985	1152
			984	1152
			983	1152
			982	1152
			981	1152
			980	1152
			979	1152
			978	1152
			978	1151
			977	1151
			976	1151
			975	1151
			974	1151
			973	1150
			972	1150
			971	1150
			970	1150
			969	1149
			968	1149
		</c2>
	</curves.pixel>
	<curves.scaled type=list>
		<c1 type=matrix rownames=FALSE colnames=FALSE nrow=688 ncol=2 as.numeric=TRUE >
			38.558087517831	-45.7678125599048
			38.5979202528701	-45.7279798248657
			38.6377529879092	-45.6881470898266
			38.6377529879092	-45.6483143547876
			38.6775857229483	-45.6084816197485
			38.7174184579873	-45.5686488847094
			38.7572511930264	-45.5288161496703
			38.7572511930264	-45.4889834146312
			38.7970839280655	-45.4491506795921
			38.8369166631046	-45.4093179445531
			38.8767493981437	-45.369485209514
			38.9165821331828	-45.3296524744749
			38.9564148682218	-45.2898197394358
			38.9564148682218	-45.2499870043967
			38.9962476032609	-45.2101542693577
			39.0360803383	-45.1703215343186
			39.0759130733391	-45.1304887992795
			39.1157458083782	-45.0906560642404
			39.1555785434172	-45.0508233292013
			39.1555785434172	-45.0109905941622
			39.1954112784563	-44.9711578591232
			39.2352440134954	-44.9313251240841
			39.2750767485345	-44.891492389045
			39.3149094835736	-44.8516596540059
			39.3547422186127	-44.8118269189668
			39.3945749536517	-44.7719941839278
			39.3945749536517	-44.7321614488887
			39.4344076886908	-44.6923287138496
			39.4742404237299	-44.6524959788105
			39.514073158769	-44.6126632437714
			39.5539058938081	-44.5728305087324
			39.5937386288471	-44.5329977736933
			39.6335713638862	-44.4931650386542
			39.6734040989253	-44.4533323036151
			39.7132368339644	-44.413499568576
			39.7530695690035	-44.3736668335369
			39.7929023040426	-44.3338340984979
			39.8327350390816	-44.2940013634588
			39.8725677741207	-44.2541686284197
			39.9124005091598	-44.2143358933806
			39.9522332441989	-44.1745031583415
			39.9522332441989	-44.1346704233025
			39.992065979238	-44.1346704233025
			40.031898714277	-44.0948376882634
			40.0717314493161	-44.0550049532243
			40.1115641843552	-44.0151722181852
			40.1115641843552	-43.9753394831461
			40.1513969193943	-43.9753394831461
			40.1912296544334	-43.935506748107
			40.2310623894724	-43.895674013068
			40.2708951245115	-43.8558412780289
			40.3107278595506	-43.8160085429898
			40.3505605945897	-43.7761758079507
			40.3903933296288	-43.7363430729116
			40.4302260646679	-43.6965103378726
			40.4700587997069	-43.6566776028335
			40.509891534746	-43.6168448677944
			40.5497242697851	-43.5770121327553
			40.5895570048242	-43.5371793977162
			40.6293897398633	-43.5371793977162
			40.6692224749023	-43.4973466626771
			40.7090552099414	-43.4575139276381
			40.7488879449805	-43.417681192599
			40.7887206800196	-43.3778484575599
			40.8285534150587	-43.3380157225208
			40.8683861500978	-43.2981829874817
			40.9082188851368	-43.2583502524427
			40.9480516201759	-43.2185175174036
			40.987884355215	-43.2185175174036
			41.0277170902541	-43.1786847823645
			41.0675498252932	-43.1388520473254
			41.1073825603322	-43.0990193122863
			41.1472152953713	-43.0591865772472
			41.1870480304104	-43.0193538422082
			41.2268807654495	-42.9795211071691
			41.2667135004886	-42.9795211071691
			41.3065462355277	-42.93968837213
			41.3463789705667	-42.8998556370909
			41.3862117056058	-42.8600229020518
			41.4260444406449	-42.8600229020518
			41.4260444406449	-42.8201901670128
			41.465877175684	-42.8201901670128
			41.5057099107231	-42.7803574319737
			41.5455426457621	-42.7405246969346
			41.5853753808012	-42.7006919618955
			41.6252081158403	-42.7006919618955
			41.6650408508794	-42.6608592268564
			41.7048735859185	-42.6608592268564
			41.7048735859185	-42.6210264918173
			41.7447063209576	-42.5811937567783
			41.7845390559966	-42.5811937567783
			41.8243717910357	-42.5413610217392
			41.8642045260748	-42.5015282867001
			41.9040372611139	-42.461695551661
			41.943869996153	-42.461695551661
			41.983702731192	-42.4218628166219
			42.0235354662311	-42.3820300815829
			42.0633682012702	-42.3421973465438
			42.1032009363093	-42.3421973465438
			42.1430336713484	-42.3023646115047
			42.1828664063875	-42.2625318764656
			42.2226991414265	-42.2625318764656
			42.2625318764656	-42.2226991414265
			42.3023646115047	-42.1828664063875
			42.3421973465438	-42.1828664063875
			42.3820300815829	-42.1430336713484
			42.4218628166219	-42.1032009363093
			42.461695551661	-42.1032009363093
			42.5015282867001	-42.0633682012702
			42.5413610217392	-42.0235354662311
			42.5811937567783	-42.0235354662311
			42.6210264918173	-41.983702731192
			42.6608592268564	-41.943869996153
			42.7006919618955	-41.943869996153
			42.7405246969346	-41.9040372611139
			42.7803574319737	-41.8642045260748
			42.8201901670128	-41.8642045260748
			42.8600229020518	-41.8243717910357
			42.8998556370909	-41.7845390559966
			42.93968837213	-41.7845390559966
			42.9795211071691	-41.7447063209576
			43.0193538422082	-41.7048735859185
			43.0591865772472	-41.7048735859185
			43.0990193122863	-41.6650408508794
			43.1388520473254	-41.6650408508794
			43.1786847823645	-41.6252081158403
			43.2185175174036	-41.5853753808012
			43.2583502524427	-41.5853753808012
			43.2981829874817	-41.5455426457621
			43.3380157225208	-41.5057099107231
			43.3778484575599	-41.5057099107231
			43.417681192599	-41.465877175684
			43.4575139276381	-41.465877175684
			43.4973466626771	-41.4260444406449
			43.5371793977162	-41.3862117056058
			43.5770121327553	-41.3862117056058
			43.6168448677944	-41.3463789705667
			43.6566776028335	-41.3065462355277
			43.6965103378726	-41.3065462355277
			43.7363430729116	-41.2667135004886
			43.7761758079507	-41.2667135004886
			43.8160085429898	-41.2667135004886
			43.8160085429898	-41.2268807654495
			43.8558412780289	-41.2268807654495
			43.895674013068	-41.1870480304104
			43.935506748107	-41.1870480304104
			43.9753394831461	-41.1472152953713
			44.0151722181852	-41.1472152953713
			44.0550049532243	-41.1073825603322
			44.0948376882634	-41.1073825603322
			44.0948376882634	-41.0675498252932
			44.1346704233025	-41.0675498252932
			44.1745031583415	-41.0277170902541
			44.2143358933806	-41.0277170902541
			44.2541686284197	-40.987884355215
			44.2940013634588	-40.987884355215
			44.3338340984979	-40.9480516201759
			44.3736668335369	-40.9480516201759
			44.413499568576	-40.9082188851368
			44.4533323036151	-40.9082188851368
			44.4931650386542	-40.8683861500978
			44.5329977736933	-40.8683861500978
			44.5728305087324	-40.8285534150587
			44.6126632437714	-40.8285534150587
			44.6524959788105	-40.7887206800196
			44.6923287138496	-40.7887206800196
			44.7321614488887	-40.7488879449805
			44.7719941839278	-40.7488879449805
			44.8118269189668	-40.7090552099414
			44.8516596540059	-40.7090552099414
			44.891492389045	-40.6692224749023
			44.9313251240841	-40.6692224749023
			44.9711578591232	-40.6293897398633
			45.0109905941622	-40.6293897398633
			45.0508233292013	-40.5895570048242
			45.0906560642404	-40.5895570048242
			45.1304887992795	-40.5497242697851
			45.1703215343186	-40.5497242697851
			45.2101542693577	-40.509891534746
			45.2499870043967	-40.509891534746
			45.2898197394358	-40.4700587997069
			45.3296524744749	-40.4700587997069
			45.369485209514	-40.4700587997069
			45.4093179445531	-40.4302260646679
			45.4491506795921	-40.4302260646679
			45.4889834146312	-40.3903933296288
			45.5288161496703	-40.3903933296288
			45.5686488847094	-40.3505605945897
			45.6084816197485	-40.3505605945897
			45.6483143547876	-40.3107278595506
			45.6881470898266	-40.3107278595506
			45.7279798248657	-40.3107278595506
			45.7279798248657	-40.2708951245115
			45.7678125599048	-40.2708951245115
			45.8076452949439	-40.2310623894724
			45.847478029983	-40.1912296544334
			45.887310765022	-40.1912296544334
			45.9271435000611	-40.1513969193943
			45.9669762351002	-40.1115641843552
			46.0068089701393	-40.1115641843552
			46.0466417051784	-40.0717314493161
			46.0864744402175	-40.0717314493161
			46.1263071752565	-40.031898714277
			46.1661399102956	-40.031898714277
			46.2059726453347	-39.992065979238
			46.2458053803738	-39.992065979238
			46.2856381154129	-39.9522332441989
			46.3254708504519	-39.9522332441989
			46.365303585491	-39.9124005091598
			46.4051363205301	-39.9124005091598
			46.4449690555692	-39.8725677741207
			46.4848017906083	-39.8725677741207
			46.5246345256474	-39.8725677741207
			46.5644672606864	-39.8725677741207
			46.5644672606864	-39.8327350390816
			46.6042999957255	-39.8327350390816
			46.6441327307646	-39.8327350390816
			46.6839654658037	-39.7929023040426
			46.7237982008428	-39.7929023040426
			46.7636309358818	-39.7929023040426
			46.8034636709209	-39.7530695690035
			46.84329640596	-39.7530695690035
			46.8831291409991	-39.7530695690035
			46.9229618760382	-39.7132368339644
			46.9627946110772	-39.7132368339644
			47.0026273461163	-39.6734040989253
			47.0424600811554	-39.6734040989253
			47.0822928161945	-39.6734040989253
			47.1221255512336	-39.6734040989253
			47.1619582862727	-39.6335713638862
			47.2017910213117	-39.6335713638862
			47.2416237563508	-39.6335713638862
			47.2814564913899	-39.6335713638862
			47.321289226429	-39.5937386288471
			47.3611219614681	-39.5937386288471
			47.4009546965071	-39.5937386288471
			47.4009546965071	-39.5539058938081
			47.4407874315462	-39.5539058938081
			47.4806201665853	-39.5539058938081
			47.5204529016244	-39.5539058938081
			47.5602856366635	-39.514073158769
			47.6001183717026	-39.514073158769
			47.6399511067416	-39.514073158769
			47.6797838417807	-39.514073158769
			47.7196165768198	-39.4742404237299
			47.7594493118589	-39.4742404237299
			47.799282046898	-39.4742404237299
			47.839114781937	-39.4742404237299
			47.8789475169761	-39.4344076886908
			47.9187802520152	-39.4344076886908
			47.9586129870543	-39.4344076886908
			47.9984457220934	-39.4344076886908
			48.0382784571324	-39.3945749536517
			48.0781111921715	-39.3945749536517
			48.1179439272106	-39.3945749536517
			48.1577766622497	-39.3945749536517
			48.1976093972888	-39.3945749536517
			48.1976093972888	-39.3547422186127
			48.2374421323279	-39.3547422186127
			48.2772748673669	-39.3547422186127
			48.317107602406	-39.3547422186127
			48.3569403374451	-39.3547422186127
			48.3967730724842	-39.3547422186127
			48.3967730724842	-39.3149094835736
			48.4366058075233	-39.3149094835736
			48.4764385425623	-39.3149094835736
			48.5162712776014	-39.3149094835736
			48.5561040126405	-39.3149094835736
			48.5959367476796	-39.2750767485345
			48.6357694827187	-39.2750767485345
			48.6756022177578	-39.2750767485345
			48.7154349527968	-39.2750767485345
			48.7552676878359	-39.2352440134954
			48.795100422875	-39.2352440134954
			48.8349331579141	-39.2352440134954
			48.8747658929532	-39.2352440134954
			48.9145986279922	-39.2352440134954
			48.9544313630313	-39.2352440134954
			48.9942640980704	-39.1954112784563
			49.0340968331095	-39.1954112784563
			49.0739295681486	-39.1954112784563
			49.1137623031877	-39.1954112784563
			49.1535950382267	-39.1954112784563
			49.1934277732658	-39.1555785434172
			49.2332605083049	-39.1555785434172
			49.273093243344	-39.1555785434172
			49.3129259783831	-39.1555785434172
			49.3527587134221	-39.1555785434172
			49.3925914484612	-39.1157458083782
			49.4324241835003	-39.1157458083782
			49.4722569185394	-39.1157458083782
			49.5120896535785	-39.1157458083782
			49.5519223886176	-39.1157458083782
			49.5917551236566	-39.1157458083782
			49.6315878586957	-39.0759130733391
			49.6714205937348	-39.0759130733391
			49.7112533287739	-39.0759130733391
			49.751086063813	-39.0759130733391
			49.790918798852	-39.0759130733391
			49.8307515338911	-39.0360803383
			49.8705842689302	-39.0360803383
			49.9104170039693	-39.0360803383
			49.9502497390084	-39.0360803383
			49.9900824740475	-39.0360803383
			50.0299152090865	-39.0360803383
			50.0697479441256	-38.9962476032609
			50.1095806791647	-38.9962476032609
			50.1494134142038	-38.9962476032609
			50.1892461492429	-38.9962476032609
			50.2290788842819	-38.9962476032609
			50.2290788842819	-38.9564148682218
			50.268911619321	-38.9564148682218
			50.3087443543601	-38.9564148682218
			50.3485770893992	-38.9564148682218
			50.3884098244383	-38.9564148682218
			50.4282425594773	-38.9165821331828
			50.4680752945164	-38.9165821331828
			50.5079080295555	-38.9165821331828
			50.5477407645946	-38.9165821331828
			50.5875734996337	-38.9165821331828
			50.6274062346728	-38.9165821331828
			50.6672389697118	-38.8767493981437
			50.7070717047509	-38.8767493981437
			50.74690443979	-38.8767493981437
			50.7867371748291	-38.8767493981437
			50.8265699098682	-38.8767493981437
			50.8664026449072	-38.8767493981437
			50.8664026449072	-38.8369166631046
			50.9062353799463	-38.8369166631046
			50.9460681149854	-38.8369166631046
			50.9859008500245	-38.8369166631046
			51.0257335850636	-38.8369166631046
			51.0655663201027	-38.8369166631046
			51.1053990551417	-38.8369166631046
			51.1452317901808	-38.7970839280655
			51.1850645252199	-38.7970839280655
			51.224897260259	-38.7970839280655
			51.2647299952981	-38.7970839280655
			51.3045627303371	-38.7970839280655
			51.3443954653762	-38.7970839280655
			51.3842282004153	-38.7572511930264
			51.4240609354544	-38.7572511930264
			51.4638936704935	-38.7572511930264
			51.5037264055326	-38.7572511930264
			51.5435591405716	-38.7572511930264
			51.5833918756107	-38.7572511930264
			51.6232246106498	-38.7572511930264
			51.6630573456889	-38.7572511930264
			51.702890080728	-38.7572511930264
			51.742722815767	-38.7174184579873
			51.7825555508061	-38.7174184579873
			51.8223882858452	-38.7174184579873
			51.8622210208843	-38.7174184579873
			51.9020537559234	-38.7174184579873
			51.9418864909625	-38.7174184579873
			51.9817192260015	-38.7174184579873
			52.0215519610406	-38.7174184579873
			52.0613846960797	-38.7174184579873
			52.1012174311188	-38.7174184579873
			52.1410501661579	-38.6775857229483
			52.1808829011969	-38.6775857229483
			52.220715636236	-38.6775857229483
			52.2605483712751	-38.6775857229483
			52.3003811063142	-38.6775857229483
			52.3402138413533	-38.6775857229483
			52.3800465763924	-38.6775857229483
			52.4198793114314	-38.6775857229483
			52.4597120464705	-38.6775857229483
			52.4995447815096	-38.6775857229483
			52.5393775165487	-38.6775857229483
			52.5792102515878	-38.6775857229483
			52.6190429866268	-38.6775857229483
			52.6588757216659	-38.6775857229483
			52.698708456705	-38.6775857229483
			52.7385411917441	-38.6775857229483
			52.7783739267832	-38.6775857229483
			52.8182066618222	-38.6775857229483
			52.8580393968613	-38.6775857229483
			52.8978721319004	-38.6775857229483
			52.9377048669395	-38.6775857229483
			52.9775376019786	-38.6775857229483
			53.0173703370177	-38.6775857229483
			53.0572030720567	-38.6775857229483
			53.0970358070958	-38.6775857229483
			53.1368685421349	-38.6775857229483
			53.176701277174	-38.6775857229483
			53.2165340122131	-38.6775857229483
			53.2563667472521	-38.6775857229483
			53.2961994822912	-38.6775857229483
			53.3360322173303	-38.6775857229483
			53.3758649523694	-38.6775857229483
			53.4156976874085	-38.6775857229483
			53.4555304224476	-38.6775857229483
			53.4953631574866	-38.6775857229483
			53.5351958925257	-38.6775857229483
			53.5750286275648	-38.6775857229483
			53.6148613626039	-38.6775857229483
			53.654694097643	-38.6775857229483
			53.694526832682	-38.6775857229483
			53.7343595677211	-38.6775857229483
			53.7741923027602	-38.6775857229483
			53.8140250377993	-38.6775857229483
			53.8538577728384	-38.6775857229483
			53.8936905078775	-38.6775857229483
			53.9335232429165	-38.7174184579873
			53.9733559779556	-38.7174184579873
			54.0131887129947	-38.7174184579873
			54.0530214480338	-38.7174184579873
			54.0928541830729	-38.7174184579873
			54.1326869181119	-38.7174184579873
			54.172519653151	-38.7174184579873
			54.2123523881901	-38.7174184579873
			54.2521851232292	-38.7174184579873
			54.2920178582683	-38.7572511930264
			54.3318505933074	-38.7572511930264
			54.3716833283464	-38.7572511930264
			54.4115160633855	-38.7572511930264
			54.4513487984246	-38.7572511930264
			54.4911815334637	-38.7572511930264
			54.5310142685028	-38.7970839280655
			54.5708470035418	-38.7970839280655
			54.6106797385809	-38.7970839280655
			54.65051247362	-38.7970839280655
			54.6903452086591	-38.7970839280655
			54.7301779436982	-38.7970839280655
			54.7700106787373	-38.8369166631046
			54.8098434137763	-38.8369166631046
			54.8496761488154	-38.8369166631046
			54.8895088838545	-38.8369166631046
			54.9293416188936	-38.8369166631046
			54.9691743539327	-38.8767493981437
			55.0090070889717	-38.8767493981437
			55.0488398240108	-38.8767493981437
			55.0886725590499	-38.8767493981437
			55.128505294089	-38.9165821331828
			55.1683380291281	-38.9165821331828
			55.2081707641671	-38.9165821331828
			55.2480034992062	-38.9165821331828
			55.2878362342453	-38.9564148682218
			55.3276689692844	-38.9564148682218
			55.3675017043235	-38.9564148682218
			55.4073344393626	-38.9962476032609
			55.4471671744016	-38.9962476032609
			55.4869999094407	-38.9962476032609
			55.5268326444798	-38.9962476032609
			55.5666653795189	-39.0360803383
			55.606498114558	-39.0360803383
			55.646330849597	-39.0759130733391
			55.6861635846361	-39.0759130733391
			55.7259963196752	-39.0759130733391
			55.7658290547143	-39.1157458083782
			55.8056617897534	-39.1157458083782
			55.8454945247924	-39.1157458083782
			55.8853272598315	-39.1555785434172
			55.9251599948706	-39.1555785434172
			55.9649927299097	-39.1954112784563
			56.0048254649488	-39.1954112784563
			56.0446581999879	-39.2352440134954
			56.0844909350269	-39.2352440134954
			56.124323670066	-39.2352440134954
			56.1641564051051	-39.2750767485345
			56.2039891401442	-39.2750767485345
			56.2438218751833	-39.3149094835736
			56.2836546102223	-39.3149094835736
			56.3234873452614	-39.3149094835736
			56.3633200803005	-39.3547422186127
			56.4031528153396	-39.3945749536517
			56.4429855503787	-39.3945749536517
			56.4828182854178	-39.4344076886908
			56.5226510204568	-39.4344076886908
			56.5624837554959	-39.4742404237299
			56.602316490535	-39.4742404237299
			56.6421492255741	-39.514073158769
			56.6819819606132	-39.514073158769
			56.6819819606132	-39.5539058938081
			56.7218146956522	-39.5539058938081
			56.7616474306913	-39.5937386288471
			56.8014801657304	-39.5937386288471
			56.8413129007695	-39.6335713638862
			56.8811456358086	-39.6734040989253
			56.9209783708477	-39.6734040989253
			56.9608111058867	-39.7132368339644
			57.0006438409258	-39.7132368339644
			57.0404765759649	-39.7530695690035
			57.080309311004	-39.7929023040426
			57.1201420460431	-39.7929023040426
			57.1599747810821	-39.8327350390816
			57.1998075161212	-39.8725677741207
			57.2396402511603	-39.9124005091598
			57.2794729861994	-39.9124005091598
			57.3193057212385	-39.9522332441989
			57.3193057212385	-39.992065979238
			57.3591384562776	-39.992065979238
			57.3989711913166	-40.031898714277
			57.4388039263557	-40.0717314493161
			57.4786366613948	-40.1115641843552
			57.5184693964339	-40.1115641843552
			57.558302131473	-40.1513969193943
			57.598134866512	-40.1912296544334
			57.598134866512	-40.2310623894724
			57.6379676015511	-40.2310623894724
			57.6778003365902	-40.2708951245115
			57.7176330716293	-40.3107278595506
			57.7574658066684	-40.3505605945897
			57.7972985417075	-40.3903933296288
			57.8371312767465	-40.4302260646679
			57.8769640117856	-40.4700587997069
			57.9167967468247	-40.509891534746
			57.9566294818638	-40.5497242697851
			57.9964622169029	-40.5895570048242
			58.0362949519419	-40.6293897398633
			58.076127686981	-40.6692224749023
			58.1159604220201	-40.7090552099414
			58.1159604220201	-40.7488879449805
			58.1557931570592	-40.7887206800196
			58.1956258920983	-40.8285534150587
			58.2354586271373	-40.8683861500978
			58.2752913621764	-40.9082188851368
			58.2752913621764	-40.9480516201759
			58.3151240972155	-40.987884355215
			58.3549568322546	-40.987884355215
			58.3947895672937	-41.0277170902541
			58.4346223023328	-41.0277170902541
			58.4744550373718	-41.0277170902541
			58.5142877724109	-41.0675498252932
			58.5142877724109	-41.1073825603322
			58.55412050745	-41.1073825603322
			58.5939532424891	-41.1472152953713
			58.6337859775282	-41.1870480304104
			58.6736187125672	-41.1870480304104
			58.7134514476063	-41.2268807654495
			58.7532841826454	-41.2268807654495
			58.7532841826454	-41.2667135004886
			58.7931169176845	-41.3065462355277
			58.8329496527236	-41.3065462355277
			58.8329496527236	-41.3463789705667
			58.8727823877627	-41.3862117056058
			58.9126151228017	-41.3862117056058
			58.9126151228017	-41.4260444406449
			58.9524478578408	-41.465877175684
			58.9922805928799	-41.465877175684
			58.9922805928799	-41.5057099107231
			59.032113327919	-41.5455426457621
			59.0719460629581	-41.5853753808012
			59.0719460629581	-41.6252081158403
			59.1117787979971	-41.6252081158403
			59.1516115330362	-41.6650408508794
			59.1516115330362	-41.7048735859185
			59.1914442680753	-41.7447063209576
			59.2312770031144	-41.7845390559966
			59.2711097381535	-41.8243717910357
			59.2711097381535	-41.8642045260748
			59.3109424731926	-41.9040372611139
			59.3507752082316	-41.943869996153
			59.3507752082316	-41.983702731192
			59.3906079432707	-42.0235354662311
			59.4304406783098	-42.0633682012702
			59.4702734133489	-42.1032009363093
			59.510106148388	-42.1430336713484
			59.510106148388	-42.1828664063875
			59.510106148388	-42.2226991414265
			59.549938883427	-42.2226991414265
			59.549938883427	-42.2625318764656
			59.5897716184661	-42.3023646115047
			59.5897716184661	-42.3421973465438
			59.6296043535052	-42.3421973465438
			59.6296043535052	-42.3820300815829
			59.6694370885443	-42.4218628166219
			59.6694370885443	-42.461695551661
			59.7092698235834	-42.461695551661
			59.7092698235834	-42.5015282867001
			59.7491025586225	-42.5413610217392
			59.7491025586225	-42.5811937567783
			59.7889352936615	-42.6210264918173
			59.8287680287006	-42.6608592268564
			59.8287680287006	-42.7006919618955
			59.8686007637397	-42.7405246969346
			59.8686007637397	-42.7803574319737
			59.9084334987788	-42.8201901670128
			59.9482662338179	-42.8600229020518
			59.9482662338179	-42.8998556370909
			59.9880989688569	-42.93968837213
			59.9880989688569	-42.9795211071691
			60.027931703896	-43.0193538422082
			60.027931703896	-43.0591865772472
			60.0677644389351	-43.0990193122863
			60.1075971739742	-43.1388520473254
			60.1075971739742	-43.1786847823645
			60.1075971739742	-43.2185175174036
			60.1474299090133	-43.2583502524427
			60.1474299090133	-43.2981829874817
			60.1872626440524	-43.2981829874817
			60.1872626440524	-43.3380157225208
			60.2270953790914	-43.3778484575599
			60.2270953790914	-43.417681192599
			60.2669281141305	-43.4575139276381
			60.2669281141305	-43.4973466626771
			60.3067608491696	-43.5371793977162
			60.3465935842087	-43.5770121327553
			60.3465935842087	-43.6168448677944
			60.3864263192478	-43.6566776028335
			60.3864263192478	-43.6965103378726
			60.3864263192478	-43.7363430729116
			60.4262590542868	-43.7363430729116
			60.4262590542868	-43.7761758079507
			60.4262590542868	-43.8160085429898
			60.4660917893259	-43.8160085429898
			60.4660917893259	-43.8558412780289
			60.4660917893259	-43.895674013068
			60.505924524365	-43.895674013068
			60.505924524365	-43.935506748107
			60.505924524365	-43.9753394831461
			60.5457572594041	-43.9753394831461
			60.5457572594041	-44.0151722181852
			60.5457572594041	-44.0550049532243
			60.5855899944432	-44.0550049532243
			60.5855899944432	-44.0948376882634
			60.5855899944432	-44.1346704233025
			60.6254227294822	-44.1745031583415
			60.6652554645213	-44.2143358933806
			60.6652554645213	-44.2541686284197
			60.7050881995604	-44.2940013634588
			60.7050881995604	-44.3338340984979
			60.7449209345995	-44.3736668335369
			60.7449209345995	-44.413499568576
			60.7449209345995	-44.4533323036151
			60.7847536696386	-44.4931650386542
			60.8245864046777	-44.5329977736933
			60.8245864046777	-44.5728305087324
			60.8644191397167	-44.6126632437714
			60.9042518747558	-44.6126632437714
			60.9440846097949	-44.6524959788105
			60.9440846097949	-44.6923287138496
			60.983917344834	-44.7321614488887
			61.0237500798731	-44.7719941839278
			61.0635828149121	-44.8118269189668
			61.0635828149121	-44.8516596540059
			61.1034155499512	-44.891492389045
			61.1432482849903	-44.891492389045
			61.1432482849903	-44.9313251240841
			61.1830810200294	-44.9711578591232
			61.2229137550685	-45.0109905941622
			61.2229137550685	-45.0508233292013
			61.2627464901076	-45.0508233292013
			61.2627464901076	-45.0906560642404
			61.3025792251466	-45.1304887992795
			61.3424119601857	-45.1703215343186
			61.3424119601857	-45.2101542693577
			61.3822446952248	-45.2101542693577
			61.3822446952248	-45.2499870043967
			61.4220774302639	-45.2898197394358
			61.4220774302639	-45.3296524744749
			61.461910165303	-45.3296524744749
			61.461910165303	-45.369485209514
			61.501742900342	-45.4093179445531
			61.501742900342	-45.4491506795921
			61.5415756353811	-45.4491506795921
			61.5415756353811	-45.4889834146312
			61.5814083704202	-45.5288161496703
			61.6212411054593	-45.5686488847094
			61.6212411054593	-45.6084816197485
			61.6610738404984	-45.6483143547876
			61.6610738404984	-45.6881470898266
			61.7009065755375	-45.7279798248657
			61.7407393105765	-45.7678125599048
			61.7407393105765	-45.8076452949439
			61.7407393105765	-45.847478029983
			61.7805720456156	-45.887310765022
			61.7805720456156	-45.9271435000611
			61.8204047806547	-45.9271435000611
			61.8204047806547	-45.9669762351002
			61.8204047806547	-46.0068089701393
			61.8602375156938	-46.0466417051784
			61.8602375156938	-46.0864744402175
			61.8602375156938	-46.1263071752565
			61.9000702507329	-46.1661399102956
			61.9000702507329	-46.2059726453347
			61.9000702507329	-46.2458053803738
			61.9000702507329	-46.2856381154129
			61.9000702507329	-46.3254708504519
			61.9399029857719	-46.365303585491
			61.9000702507329	-46.4051363205301
			61.9000702507329	-46.4449690555692
			61.9000702507329	-46.4848017906083
			61.9000702507329	-46.5246345256474
			61.9000702507329	-46.5644672606864
			61.8602375156938	-46.6042999957255
			61.8204047806547	-46.6441327307646
		</c1>
		<c2 type=matrix rownames=FALSE colnames=FALSE nrow=590 ncol=2 as.numeric=TRUE >
			61.8204047806547	-46.6441327307646
			61.7805720456156	-46.6441327307646
			61.7407393105765	-46.6042999957255
			61.7009065755375	-46.6042999957255
			61.6610738404984	-46.5644672606864
			61.6212411054593	-46.5644672606864
			61.5814083704202	-46.5644672606864
			61.5415756353811	-46.5246345256474
			61.501742900342	-46.5246345256474
			61.461910165303	-46.5246345256474
			61.4220774302639	-46.4848017906083
			61.3822446952248	-46.4848017906083
			61.3424119601857	-46.4848017906083
			61.3025792251466	-46.4449690555692
			61.2627464901076	-46.4449690555692
			61.2229137550685	-46.4449690555692
			61.1830810200294	-46.4051363205301
			61.1432482849903	-46.4051363205301
			61.1034155499512	-46.4051363205301
			61.0635828149121	-46.4051363205301
			61.0635828149121	-46.365303585491
			61.0237500798731	-46.365303585491
			60.983917344834	-46.365303585491
			60.9440846097949	-46.365303585491
			60.9042518747558	-46.3254708504519
			60.8644191397167	-46.3254708504519
			60.8245864046777	-46.3254708504519
			60.7847536696386	-46.2856381154129
			60.7449209345995	-46.2856381154129
			60.7050881995604	-46.2856381154129
			60.6652554645213	-46.2856381154129
			60.6254227294822	-46.2458053803738
			60.5855899944432	-46.2458053803738
			60.5457572594041	-46.2458053803738
			60.505924524365	-46.2458053803738
			60.4660917893259	-46.2059726453347
			60.4262590542868	-46.2059726453347
			60.3864263192478	-46.2059726453347
			60.3465935842087	-46.2059726453347
			60.3067608491696	-46.2059726453347
			60.3067608491696	-46.1661399102956
			60.2669281141305	-46.1661399102956
			60.2270953790914	-46.1661399102956
			60.1872626440524	-46.1661399102956
			60.1474299090133	-46.1661399102956
			60.1075971739742	-46.1263071752565
			60.0677644389351	-46.1263071752565
			60.027931703896	-46.1263071752565
			59.9880989688569	-46.1263071752565
			59.9482662338179	-46.1263071752565
			59.9084334987788	-46.0864744402175
			59.8686007637397	-46.0864744402175
			59.8287680287006	-46.0864744402175
			59.7889352936615	-46.0864744402175
			59.7491025586225	-46.0864744402175
			59.7092698235834	-46.0864744402175
			59.6694370885443	-46.0466417051784
			59.6296043535052	-46.0466417051784
			59.5897716184661	-46.0466417051784
			59.549938883427	-46.0466417051784
			59.510106148388	-46.0466417051784
			59.4702734133489	-46.0068089701393
			59.4304406783098	-46.0068089701393
			59.3906079432707	-46.0068089701393
			59.3507752082316	-46.0068089701393
			59.3109424731926	-46.0068089701393
			59.2711097381535	-46.0068089701393
			59.2312770031144	-46.0068089701393
			59.1914442680753	-45.9669762351002
			59.1516115330362	-45.9669762351002
			59.1117787979971	-45.9669762351002
			59.0719460629581	-45.9669762351002
			59.032113327919	-45.9669762351002
			58.9922805928799	-45.9669762351002
			58.9524478578408	-45.9271435000611
			58.9126151228017	-45.9271435000611
			58.8727823877627	-45.9271435000611
			58.8329496527236	-45.9271435000611
			58.7931169176845	-45.9271435000611
			58.7532841826454	-45.9271435000611
			58.7134514476063	-45.9271435000611
			58.6736187125672	-45.9271435000611
			58.6337859775282	-45.887310765022
			58.5939532424891	-45.887310765022
			58.55412050745	-45.887310765022
			58.5142877724109	-45.887310765022
			58.4744550373718	-45.887310765022
			58.4346223023328	-45.887310765022
			58.3947895672937	-45.887310765022
			58.3549568322546	-45.887310765022
			58.3151240972155	-45.887310765022
			58.2752913621764	-45.847478029983
			58.2354586271373	-45.847478029983
			58.1956258920983	-45.847478029983
			58.1557931570592	-45.847478029983
			58.1159604220201	-45.847478029983
			58.076127686981	-45.847478029983
			58.0362949519419	-45.847478029983
			57.9964622169029	-45.847478029983
			57.9566294818638	-45.847478029983
			57.9167967468247	-45.847478029983
			57.8769640117856	-45.847478029983
			57.8371312767465	-45.8076452949439
			57.7972985417075	-45.8076452949439
			57.7574658066684	-45.8076452949439
			57.7176330716293	-45.8076452949439
			57.6778003365902	-45.8076452949439
			57.6379676015511	-45.8076452949439
			57.598134866512	-45.8076452949439
			57.558302131473	-45.8076452949439
			57.5184693964339	-45.8076452949439
			57.4786366613948	-45.8076452949439
			57.4388039263557	-45.8076452949439
			57.3989711913166	-45.8076452949439
			57.3591384562776	-45.8076452949439
			57.3193057212385	-45.7678125599048
			57.2794729861994	-45.7678125599048
			57.2396402511603	-45.7678125599048
			57.1998075161212	-45.7678125599048
			57.1599747810821	-45.7678125599048
			57.1201420460431	-45.7678125599048
			57.080309311004	-45.7678125599048
			57.0404765759649	-45.7678125599048
			57.0006438409258	-45.7678125599048
			56.9608111058867	-45.7678125599048
			56.9209783708477	-45.7678125599048
			56.8811456358086	-45.7678125599048
			56.8413129007695	-45.7678125599048
			56.8014801657304	-45.7678125599048
			56.7616474306913	-45.7678125599048
			56.7218146956522	-45.7678125599048
			56.6819819606132	-45.7678125599048
			56.6421492255741	-45.7678125599048
			56.602316490535	-45.7678125599048
			56.5624837554959	-45.7678125599048
			56.5226510204568	-45.7279798248657
			56.4828182854178	-45.7279798248657
			56.4429855503787	-45.7279798248657
			56.4031528153396	-45.7279798248657
			56.3633200803005	-45.7279798248657
			56.3234873452614	-45.7279798248657
			56.2836546102223	-45.7279798248657
			56.2438218751833	-45.7279798248657
			56.2039891401442	-45.7279798248657
			56.1641564051051	-45.7279798248657
			56.124323670066	-45.7279798248657
			56.0844909350269	-45.7279798248657
			56.0446581999879	-45.7279798248657
			56.0048254649488	-45.7279798248657
			55.9649927299097	-45.7279798248657
			55.9251599948706	-45.7279798248657
			55.8853272598315	-45.7279798248657
			55.8454945247924	-45.7279798248657
			55.8056617897534	-45.7279798248657
			55.7658290547143	-45.7279798248657
			55.7259963196752	-45.7279798248657
			55.6861635846361	-45.7279798248657
			55.646330849597	-45.7279798248657
			55.606498114558	-45.7279798248657
			55.5666653795189	-45.7279798248657
			55.5268326444798	-45.7279798248657
			55.4869999094407	-45.7279798248657
			55.4471671744016	-45.7279798248657
			55.4073344393626	-45.7279798248657
			55.3675017043235	-45.7279798248657
			55.3276689692844	-45.7279798248657
			55.2878362342453	-45.7279798248657
			55.2480034992062	-45.7279798248657
			55.2081707641671	-45.7279798248657
			55.1683380291281	-45.7279798248657
			55.128505294089	-45.7279798248657
			55.0886725590499	-45.7279798248657
			55.0488398240108	-45.7678125599048
			55.0090070889717	-45.7678125599048
			54.9691743539327	-45.7678125599048
			54.9293416188936	-45.7678125599048
			54.8895088838545	-45.7678125599048
			54.8496761488154	-45.7678125599048
			54.8098434137763	-45.7678125599048
			54.7700106787373	-45.7678125599048
			54.7301779436982	-45.7678125599048
			54.6903452086591	-45.7678125599048
			54.65051247362	-45.7678125599048
			54.6106797385809	-45.7678125599048
			54.5708470035418	-45.7678125599048
			54.5310142685028	-45.7678125599048
			54.4911815334637	-45.7678125599048
			54.4513487984246	-45.7678125599048
			54.4115160633855	-45.7678125599048
			54.3716833283464	-45.7678125599048
			54.3318505933074	-45.7678125599048
			54.2920178582683	-45.7678125599048
			54.2521851232292	-45.7678125599048
			54.2123523881901	-45.7678125599048
			54.172519653151	-45.7678125599048
			54.1326869181119	-45.7678125599048
			54.0928541830729	-45.7678125599048
			54.0530214480338	-45.7678125599048
			54.0131887129947	-45.7678125599048
			53.9733559779556	-45.7678125599048
			53.9335232429165	-45.7678125599048
			53.8936905078775	-45.7678125599048
			53.8538577728384	-45.7678125599048
			53.8140250377993	-45.7678125599048
			53.7741923027602	-45.7678125599048
			53.7343595677211	-45.7678125599048
			53.694526832682	-45.7678125599048
			53.654694097643	-45.7678125599048
			53.6148613626039	-45.7678125599048
			53.5750286275648	-45.7678125599048
			53.5351958925257	-45.7678125599048
			53.4953631574866	-45.7678125599048
			53.4555304224476	-45.7678125599048
			53.4156976874085	-45.7678125599048
			53.3758649523694	-45.7678125599048
			53.3360322173303	-45.7678125599048
			53.2961994822912	-45.7678125599048
			53.2563667472521	-45.7678125599048
			53.2165340122131	-45.7678125599048
			53.176701277174	-45.7279798248657
			53.1368685421349	-45.7279798248657
			53.0970358070958	-45.7279798248657
			53.0572030720567	-45.7279798248657
			53.0173703370177	-45.7279798248657
			52.9775376019786	-45.7279798248657
			52.9377048669395	-45.7279798248657
			52.8978721319004	-45.7279798248657
			52.8580393968613	-45.7279798248657
			52.8182066618222	-45.7279798248657
			52.7783739267832	-45.7279798248657
			52.7385411917441	-45.7279798248657
			52.698708456705	-45.7279798248657
			52.6588757216659	-45.7279798248657
			52.6190429866268	-45.7279798248657
			52.5792102515878	-45.7279798248657
			52.5393775165487	-45.7279798248657
			52.4995447815096	-45.7279798248657
			52.4597120464705	-45.7279798248657
			52.4198793114314	-45.7279798248657
			52.3800465763924	-45.7279798248657
			52.3402138413533	-45.7279798248657
			52.3003811063142	-45.7279798248657
			52.2605483712751	-45.7279798248657
			52.220715636236	-45.7279798248657
			52.1808829011969	-45.7279798248657
			52.1410501661579	-45.7279798248657
			52.1012174311188	-45.7279798248657
			52.0613846960797	-45.7279798248657
			52.0215519610406	-45.7279798248657
			51.9817192260015	-45.7279798248657
			51.9418864909625	-45.7279798248657
			51.9020537559234	-45.7279798248657
			51.8622210208843	-45.7279798248657
			51.8223882858452	-45.7279798248657
			51.7825555508061	-45.7279798248657
			51.742722815767	-45.7279798248657
			51.702890080728	-45.7279798248657
			51.6630573456889	-45.6881470898266
			51.6232246106498	-45.6881470898266
			51.5833918756107	-45.6881470898266
			51.5435591405716	-45.6881470898266
			51.5037264055326	-45.6881470898266
			51.4638936704935	-45.6881470898266
			51.4240609354544	-45.6881470898266
			51.3842282004153	-45.6881470898266
			51.3443954653762	-45.6881470898266
			51.3045627303371	-45.6881470898266
			51.2647299952981	-45.6881470898266
			51.224897260259	-45.6881470898266
			51.1850645252199	-45.6881470898266
			51.1452317901808	-45.6881470898266
			51.1053990551417	-45.6881470898266
			51.0655663201027	-45.6881470898266
			51.0257335850636	-45.6881470898266
			50.9859008500245	-45.6881470898266
			50.9460681149854	-45.6881470898266
			50.9062353799463	-45.7279798248657
			50.8664026449072	-45.7279798248657
			50.8265699098682	-45.7279798248657
			50.7867371748291	-45.7279798248657
			50.74690443979	-45.7279798248657
			50.7070717047509	-45.7279798248657
			50.6672389697118	-45.7279798248657
			50.6274062346728	-45.7279798248657
			50.5875734996337	-45.7678125599048
			50.5477407645946	-45.7678125599048
			50.5079080295555	-45.7678125599048
			50.4680752945164	-45.7678125599048
			50.4282425594773	-45.7678125599048
			50.3884098244383	-45.7678125599048
			50.3485770893992	-45.7678125599048
			50.3087443543601	-45.7678125599048
			50.268911619321	-45.7678125599048
			50.2290788842819	-45.7678125599048
			50.1892461492429	-45.7678125599048
			50.1494134142038	-45.7678125599048
			50.1095806791647	-45.7678125599048
			50.0697479441256	-45.7678125599048
			50.0299152090865	-45.7678125599048
			49.9900824740475	-45.7678125599048
			49.9502497390084	-45.7678125599048
			49.9104170039693	-45.7678125599048
			49.8705842689302	-45.8076452949439
			49.8307515338911	-45.8076452949439
			49.790918798852	-45.8076452949439
			49.751086063813	-45.8076452949439
			49.7112533287739	-45.8076452949439
			49.6714205937348	-45.8076452949439
			49.6315878586957	-45.8076452949439
			49.5917551236566	-45.8076452949439
			49.5519223886176	-45.8076452949439
			49.5120896535785	-45.8076452949439
			49.4722569185394	-45.8076452949439
			49.4324241835003	-45.8076452949439
			49.3925914484612	-45.8076452949439
			49.3527587134221	-45.8076452949439
			49.3129259783831	-45.8076452949439
			49.273093243344	-45.8076452949439
			49.2332605083049	-45.8076452949439
			49.1934277732658	-45.8076452949439
			49.1535950382267	-45.8076452949439
			49.1137623031877	-45.8076452949439
			49.0739295681486	-45.8076452949439
			49.0340968331095	-45.8076452949439
			48.9942640980704	-45.8076452949439
			48.9544313630313	-45.8076452949439
			48.9145986279922	-45.8076452949439
			48.8747658929532	-45.8076452949439
			48.8349331579141	-45.8076452949439
			48.795100422875	-45.8076452949439
			48.7552676878359	-45.8076452949439
			48.7154349527968	-45.8076452949439
			48.6756022177578	-45.8076452949439
			48.6357694827187	-45.8076452949439
			48.5959367476796	-45.8076452949439
			48.5561040126405	-45.8076452949439
			48.5162712776014	-45.8076452949439
			48.4764385425623	-45.8076452949439
			48.4366058075233	-45.8076452949439
			48.3967730724842	-45.7678125599048
			48.3569403374451	-45.7678125599048
			48.317107602406	-45.7678125599048
			48.2772748673669	-45.7678125599048
			48.2374421323279	-45.7678125599048
			48.1976093972888	-45.7678125599048
			48.1577766622497	-45.7678125599048
			48.1179439272106	-45.7678125599048
			48.0781111921715	-45.7678125599048
			48.0382784571324	-45.7678125599048
			47.9984457220934	-45.7678125599048
			47.9586129870543	-45.7678125599048
			47.9187802520152	-45.7678125599048
			47.8789475169761	-45.7678125599048
			47.839114781937	-45.7678125599048
			47.799282046898	-45.7678125599048
			47.7594493118589	-45.7678125599048
			47.7196165768198	-45.7678125599048
			47.6797838417807	-45.7678125599048
			47.6399511067416	-45.7678125599048
			47.6001183717026	-45.7678125599048
			47.5602856366635	-45.7678125599048
			47.5204529016244	-45.7678125599048
			47.4806201665853	-45.7678125599048
			47.4407874315462	-45.7678125599048
			47.4009546965071	-45.7678125599048
			47.3611219614681	-45.7279798248657
			47.321289226429	-45.7279798248657
			47.2814564913899	-45.7279798248657
			47.2416237563508	-45.7279798248657
			47.2017910213117	-45.7279798248657
			47.1619582862727	-45.7279798248657
			47.1221255512336	-45.7279798248657
			47.0822928161945	-45.7279798248657
			47.0424600811554	-45.7279798248657
			47.0026273461163	-45.7279798248657
			46.9627946110772	-45.7279798248657
			46.9229618760382	-45.7279798248657
			46.8831291409991	-45.7279798248657
			46.84329640596	-45.7279798248657
			46.8034636709209	-45.7279798248657
			46.7636309358818	-45.7279798248657
			46.7237982008428	-45.7279798248657
			46.6839654658037	-45.7279798248657
			46.6441327307646	-45.6881470898266
			46.6042999957255	-45.6881470898266
			46.5644672606864	-45.6881470898266
			46.5246345256474	-45.6881470898266
			46.4848017906083	-45.6881470898266
			46.4449690555692	-45.6881470898266
			46.4051363205301	-45.6881470898266
			46.365303585491	-45.6881470898266
			46.3254708504519	-45.6881470898266
			46.2856381154129	-45.6881470898266
			46.2458053803738	-45.6881470898266
			46.2059726453347	-45.6881470898266
			46.1661399102956	-45.6881470898266
			46.1263071752565	-45.6881470898266
			46.0864744402175	-45.6881470898266
			46.0466417051784	-45.6881470898266
			46.0068089701393	-45.6483143547876
			45.9669762351002	-45.6483143547876
			45.9271435000611	-45.6483143547876
			45.887310765022	-45.6483143547876
			45.847478029983	-45.6483143547876
			45.8076452949439	-45.6483143547876
			45.7678125599048	-45.6483143547876
			45.7279798248657	-45.6483143547876
			45.6881470898266	-45.6483143547876
			45.6483143547876	-45.6483143547876
			45.6084816197485	-45.6483143547876
			45.5686488847094	-45.6881470898266
			45.5288161496703	-45.6881470898266
			45.4889834146312	-45.6881470898266
			45.4491506795921	-45.6881470898266
			45.4093179445531	-45.6881470898266
			45.369485209514	-45.6881470898266
			45.3296524744749	-45.6881470898266
			45.2898197394358	-45.6881470898266
			45.2499870043967	-45.7279798248657
			45.2101542693577	-45.7279798248657
			45.1703215343186	-45.7279798248657
			45.1304887992795	-45.7279798248657
			45.0906560642404	-45.7279798248657
			45.0508233292013	-45.7279798248657
			45.0109905941622	-45.7279798248657
			44.9711578591232	-45.7279798248657
			44.9313251240841	-45.7279798248657
			44.891492389045	-45.7279798248657
			44.8516596540059	-45.7279798248657
			44.8516596540059	-45.7678125599048
			44.8118269189668	-45.7678125599048
			44.7719941839278	-45.7678125599048
			44.7321614488887	-45.7678125599048
			44.6923287138496	-45.7678125599048
			44.6524959788105	-45.7678125599048
			44.6126632437714	-45.7678125599048
			44.5728305087324	-45.7678125599048
			44.5329977736933	-45.7678125599048
			44.4931650386542	-45.7678125599048
			44.4533323036151	-45.7678125599048
			44.413499568576	-45.7678125599048
			44.3736668335369	-45.8076452949439
			44.3338340984979	-45.8076452949439
			44.2940013634588	-45.8076452949439
			44.2541686284197	-45.8076452949439
			44.2143358933806	-45.8076452949439
			44.1745031583415	-45.8076452949439
			44.1346704233025	-45.8076452949439
			44.0948376882634	-45.8076452949439
			44.0550049532243	-45.8076452949439
			44.0151722181852	-45.8076452949439
			43.9753394831461	-45.8076452949439
			43.935506748107	-45.8076452949439
			43.895674013068	-45.8076452949439
			43.8558412780289	-45.8076452949439
			43.8160085429898	-45.8076452949439
			43.7761758079507	-45.8076452949439
			43.7363430729116	-45.8076452949439
			43.6965103378726	-45.847478029983
			43.6566776028335	-45.847478029983
			43.6168448677944	-45.847478029983
			43.5770121327553	-45.847478029983
			43.5371793977162	-45.847478029983
			43.4973466626771	-45.847478029983
			43.4575139276381	-45.847478029983
			43.417681192599	-45.847478029983
			43.3778484575599	-45.847478029983
			43.3380157225208	-45.847478029983
			43.2981829874817	-45.847478029983
			43.2583502524427	-45.847478029983
			43.2185175174036	-45.847478029983
			43.1786847823645	-45.847478029983
			43.1388520473254	-45.847478029983
			43.0990193122863	-45.847478029983
			43.0591865772472	-45.847478029983
			43.0193538422082	-45.847478029983
			42.9795211071691	-45.847478029983
			42.93968837213	-45.847478029983
			42.8998556370909	-45.847478029983
			42.8600229020518	-45.847478029983
			42.8201901670128	-45.847478029983
			42.7803574319737	-45.847478029983
			42.7405246969346	-45.847478029983
			42.7006919618955	-45.847478029983
			42.6608592268564	-45.847478029983
			42.6210264918173	-45.847478029983
			42.5811937567783	-45.847478029983
			42.5413610217392	-45.847478029983
			42.5015282867001	-45.847478029983
			42.461695551661	-45.847478029983
			42.4218628166219	-45.847478029983
			42.3820300815829	-45.847478029983
			42.3421973465438	-45.847478029983
			42.3023646115047	-45.847478029983
			42.2625318764656	-45.847478029983
			42.2226991414265	-45.847478029983
			42.1828664063875	-45.847478029983
			42.1430336713484	-45.847478029983
			42.1032009363093	-45.847478029983
			42.0633682012702	-45.847478029983
			42.0235354662311	-45.847478029983
			41.983702731192	-45.847478029983
			41.943869996153	-45.847478029983
			41.9040372611139	-45.847478029983
			41.8642045260748	-45.847478029983
			41.8243717910357	-45.847478029983
			41.7845390559966	-45.847478029983
			41.7447063209576	-45.847478029983
			41.7048735859185	-45.847478029983
			41.6650408508794	-45.847478029983
			41.6252081158403	-45.847478029983
			41.5853753808012	-45.847478029983
			41.5455426457621	-45.847478029983
			41.5057099107231	-45.847478029983
			41.465877175684	-45.847478029983
			41.4260444406449	-45.847478029983
			41.3862117056058	-45.847478029983
			41.3463789705667	-45.847478029983
			41.3065462355277	-45.847478029983
			41.2667135004886	-45.847478029983
			41.2268807654495	-45.847478029983
			41.1870480304104	-45.847478029983
			41.1472152953713	-45.847478029983
			41.1073825603322	-45.847478029983
			41.0675498252932	-45.847478029983
			41.0277170902541	-45.847478029983
			40.987884355215	-45.847478029983
			40.9480516201759	-45.847478029983
			40.9082188851368	-45.847478029983
			40.8683861500978	-45.847478029983
			40.8285534150587	-45.847478029983
			40.7887206800196	-45.8076452949439
			40.7488879449805	-45.8076452949439
			40.7090552099414	-45.8076452949439
			40.6692224749023	-45.8076452949439
			40.6293897398633	-45.8076452949439
			40.5895570048242	-45.8076452949439
			40.5497242697851	-45.8076452949439
			40.509891534746	-45.8076452949439
			40.4700587997069	-45.8076452949439
			40.4302260646679	-45.8076452949439
			40.3903933296288	-45.8076452949439
			40.3505605945897	-45.8076452949439
			40.3107278595506	-45.8076452949439
			40.2708951245115	-45.847478029983
			40.2310623894724	-45.847478029983
			40.1912296544334	-45.847478029983
			40.1513969193943	-45.847478029983
			40.1115641843552	-45.847478029983
			40.0717314493161	-45.887310765022
			40.031898714277	-45.887310765022
			39.992065979238	-45.887310765022
			39.9522332441989	-45.887310765022
			39.9124005091598	-45.887310765022
			39.8725677741207	-45.887310765022
			39.8327350390816	-45.887310765022
			39.7929023040426	-45.887310765022
			39.7530695690035	-45.9271435000611
			39.7132368339644	-45.9271435000611
			39.6734040989253	-45.9271435000611
			39.6335713638862	-45.9271435000611
			39.5937386288471	-45.9271435000611
			39.5539058938081	-45.9271435000611
			39.514073158769	-45.9271435000611
			39.4742404237299	-45.9271435000611
			39.4344076886908	-45.9271435000611
			39.3945749536517	-45.9271435000611
			39.3547422186127	-45.9271435000611
			39.3149094835736	-45.9271435000611
			39.2750767485345	-45.9271435000611
			39.2352440134954	-45.9271435000611
			39.2352440134954	-45.887310765022
			39.1954112784563	-45.887310765022
			39.1555785434172	-45.887310765022
			39.1157458083782	-45.887310765022
			39.0759130733391	-45.887310765022
			39.0360803383	-45.887310765022
			38.9962476032609	-45.887310765022
			38.9564148682218	-45.887310765022
			38.9564148682218	-45.847478029983
			38.9165821331828	-45.847478029983
			38.8767493981437	-45.847478029983
			38.8369166631046	-45.847478029983
			38.7970839280655	-45.847478029983
			38.7572511930264	-45.8076452949439
			38.7174184579873	-45.8076452949439
			38.6775857229483	-45.8076452949439
			38.6377529879092	-45.8076452949439
			38.5979202528701	-45.7678125599048
			38.558087517831	-45.7678125599048
		</c2>
	</curves.scaled>
	<ruler.points type=matrix rownames=TRUE colnames=FALSE nrow=2 ncol=2 as.numeric=TRUE >
		Ruler point 1	2049	262
		Ruler point 2	2300	257
	</ruler.points>
</shapes>

