<shapes type=list>
	<ruler.pixel type=vector names=FALSE length=1 as.numeric=TRUE >251.049795857316</ruler.pixel>
	<ruler.interval type=vector names=FALSE length=1 as.numeric=TRUE >10</ruler.interval>
	<scaling.units type=vector names=FALSE length=1 as.numeric=FALSE >undefined</scaling.units>
	<scaling type=vector names=FALSE length=1 as.numeric=TRUE >0.0398327350390816</scaling>
	<landmarks.pixel type=matrix rownames=TRUE colnames=FALSE nrow=2 ncol=2 as.numeric=TRUE >
		LM1	967	1171
		LM2	1581	1174
	</landmarks.pixel>
	<landmarks.scaled type=matrix rownames=TRUE colnames=FALSE nrow=2 ncol=2 as.numeric=TRUE >
		LM1	38.5182547827919	-46.6441327307646
		LM2	62.9755540967881	-46.7636309358818
	</landmarks.scaled>
	<curves.control type=list>
		<c1 type=matrix rownames=FALSE colnames=FALSE nrow=11 ncol=2 as.numeric=TRUE >
			967	1171
			1093	1007
			1289	968
			1448	932
			1480	1007
			1492	1026
			1516	1066
			1548	1113
			1567	1151
			1586	1164
			1581	1174
		</c1>
		<c2 type=matrix rownames=FALSE colnames=FALSE nrow=11 ncol=2 as.numeric=TRUE >
			1581	1174
			1569	1182
			1532	1174
			1447	1190
			1373	1175
			1266	1179
			1187	1174
			1107	1181
			1031	1176
			989	1176
			967	1171
		</c2>
	</curves.control>
	<curves.pixel type=list>
		<c1 type=matrix rownames=FALSE colnames=FALSE nrow=731 ncol=2 as.numeric=TRUE >
			967	1171
			968	1170
			969	1169
			969	1168
			970	1167
			971	1166
			972	1165
			972	1164
			973	1163
			974	1162
			975	1161
			976	1160
			977	1159
			978	1158
			978	1157
			979	1156
			980	1155
			981	1154
			981	1153
			982	1153
			982	1152
			983	1151
			984	1150
			985	1149
			986	1148
			987	1147
			987	1146
			988	1145
			989	1144
			990	1143
			991	1142
			992	1141
			993	1140
			993	1139
			994	1138
			995	1137
			996	1136
			997	1135
			998	1134
			999	1133
			1000	1132
			1001	1131
			1002	1130
			1002	1129
			1003	1128
			1004	1127
			1005	1126
			1006	1125
			1007	1124
			1008	1123
			1009	1122
			1010	1121
			1011	1120
			1012	1119
			1013	1118
			1014	1117
			1014	1116
			1015	1115
			1016	1114
			1017	1113
			1018	1112
			1019	1111
			1020	1111
			1021	1110
			1022	1109
			1023	1108
			1024	1107
			1025	1106
			1026	1105
			1027	1104
			1028	1103
			1029	1102
			1030	1101
			1031	1100
			1032	1099
			1033	1098
			1034	1097
			1035	1096
			1036	1096
			1036	1095
			1037	1094
			1038	1094
			1038	1093
			1039	1093
			1040	1092
			1040	1091
			1041	1091
			1042	1090
			1043	1089
			1044	1088
			1045	1087
			1046	1086
			1047	1085
			1048	1085
			1049	1084
			1050	1083
			1050	1082
			1051	1082
			1052	1081
			1053	1080
			1054	1080
			1055	1079
			1056	1078
			1057	1077
			1058	1076
			1059	1075
			1060	1074
			1061	1073
			1062	1073
			1063	1072
			1064	1071
			1065	1071
			1065	1070
			1066	1070
			1067	1069
			1068	1068
			1069	1067
			1070	1066
			1071	1066
			1072	1065
			1073	1064
			1074	1064
			1074	1063
			1075	1063
			1076	1062
			1077	1062
			1077	1061
			1078	1060
			1079	1060
			1080	1059
			1081	1058
			1082	1057
			1083	1057
			1084	1056
			1085	1055
			1086	1055
			1087	1054
			1088	1053
			1089	1053
			1090	1052
			1091	1051
			1092	1051
			1093	1050
			1093	1049
			1094	1049
			1095	1048
			1096	1048
			1097	1047
			1098	1046
			1099	1046
			1100	1045
			1101	1044
			1102	1044
			1103	1043
			1104	1042
			1105	1042
			1106	1041
			1107	1041
			1108	1040
			1109	1039
			1110	1039
			1111	1038
			1112	1037
			1113	1037
			1114	1036
			1115	1036
			1116	1035
			1117	1034
			1118	1034
			1119	1033
			1120	1033
			1121	1032
			1122	1032
			1123	1031
			1123	1030
			1124	1030
			1125	1029
			1126	1029
			1127	1028
			1128	1027
			1129	1027
			1130	1026
			1131	1026
			1132	1025
			1133	1025
			1134	1024
			1135	1024
			1136	1023
			1137	1022
			1138	1022
			1139	1021
			1140	1021
			1141	1020
			1142	1020
			1143	1019
			1144	1019
			1145	1018
			1146	1018
			1147	1017
			1148	1017
			1149	1016
			1150	1016
			1151	1015
			1152	1015
			1153	1014
			1154	1014
			1155	1013
			1156	1013
			1157	1012
			1158	1012
			1159	1011
			1160	1011
			1161	1010
			1162	1010
			1163	1009
			1164	1009
			1165	1009
			1165	1008
			1166	1008
			1167	1007
			1168	1007
			1169	1007
			1169	1006
			1170	1006
			1171	1006
			1172	1005
			1173	1005
			1174	1004
			1175	1004
			1176	1003
			1177	1003
			1178	1003
			1179	1002
			1180	1002
			1181	1001
			1182	1001
			1183	1000
			1184	1000
			1185	1000
			1186	999
			1187	999
			1187	998
			1188	998
			1189	998
			1190	997
			1191	997
			1192	997
			1193	996
			1194	996
			1195	995
			1196	995
			1197	995
			1198	994
			1199	994
			1200	994
			1201	993
			1202	993
			1203	992
			1204	992
			1205	992
			1206	991
			1207	991
			1208	991
			1209	990
			1210	990
			1211	990
			1212	989
			1213	989
			1214	988
			1215	988
			1216	988
			1217	987
			1218	987
			1219	987
			1220	986
			1221	986
			1222	986
			1223	985
			1224	985
			1225	985
			1226	984
			1227	984
			1228	984
			1229	984
			1230	983
			1231	983
			1232	983
			1233	982
			1234	982
			1235	982
			1236	981
			1237	981
			1238	981
			1239	980
			1240	980
			1241	980
			1242	980
			1243	979
			1244	979
			1245	979
			1246	978
			1247	978
			1248	978
			1249	978
			1250	977
			1251	977
			1252	977
			1253	976
			1254	976
			1255	976
			1256	976
			1257	975
			1258	975
			1259	975
			1260	975
			1261	974
			1262	974
			1263	974
			1264	974
			1265	973
			1266	973
			1267	973
			1268	973
			1269	972
			1270	972
			1271	972
			1272	972
			1273	971
			1274	971
			1275	971
			1276	971
			1277	970
			1278	970
			1279	970
			1280	970
			1281	970
			1282	969
			1283	969
			1284	969
			1285	969
			1286	969
			1287	968
			1288	968
			1289	968
			1290	968
			1291	968
			1292	967
			1293	967
			1294	967
			1295	967
			1296	967
			1296	966
			1297	966
			1298	966
			1299	966
			1300	966
			1301	965
			1302	965
			1303	965
			1304	965
			1305	965
			1306	964
			1307	964
			1308	964
			1309	964
			1310	964
			1311	963
			1312	963
			1313	963
			1314	963
			1315	963
			1316	962
			1317	962
			1318	962
			1319	962
			1320	962
			1321	962
			1322	961
			1323	961
			1324	961
			1325	961
			1326	961
			1327	961
			1328	961
			1329	960
			1330	960
			1331	960
			1332	960
			1333	960
			1334	960
			1335	960
			1336	959
			1337	959
			1338	959
			1339	959
			1340	959
			1341	959
			1342	959
			1343	959
			1344	958
			1345	958
			1346	958
			1347	958
			1348	958
			1349	958
			1350	958
			1351	958
			1352	958
			1353	958
			1354	957
			1355	957
			1356	957
			1357	957
			1358	957
			1359	957
			1360	957
			1361	957
			1362	957
			1363	957
			1364	957
			1365	957
			1366	957
			1367	957
			1368	957
			1369	957
			1370	956
			1371	956
			1372	956
			1373	956
			1374	956
			1375	956
			1376	956
			1377	956
			1378	956
			1379	956
			1380	956
			1381	956
			1382	956
			1383	956
			1384	956
			1385	956
			1386	956
			1387	956
			1388	957
			1389	957
			1390	957
			1391	957
			1392	957
			1393	957
			1394	957
			1395	957
			1396	957
			1397	957
			1398	957
			1399	957
			1400	957
			1401	957
			1402	958
			1403	958
			1404	958
			1405	958
			1406	958
			1407	958
			1408	958
			1409	958
			1410	959
			1411	959
			1412	959
			1413	959
			1414	959
			1415	959
			1415	960
			1416	960
			1417	960
			1418	960
			1419	960
			1420	961
			1421	961
			1422	961
			1423	961
			1424	962
			1425	962
			1426	962
			1427	962
			1428	963
			1429	963
			1430	963
			1431	964
			1432	964
			1433	964
			1434	965
			1435	965
			1436	965
			1437	966
			1438	966
			1439	967
			1440	967
			1441	968
			1442	968
			1443	969
			1444	969
			1445	970
			1446	970
			1447	971
			1448	971
			1449	972
			1450	973
			1451	973
			1452	974
			1453	974
			1454	975
			1455	976
			1456	976
			1456	977
			1457	977
			1458	978
			1459	979
			1460	979
			1461	980
			1461	981
			1462	981
			1463	982
			1464	983
			1464	984
			1465	984
			1466	985
			1467	986
			1467	987
			1468	987
			1469	988
			1469	989
			1470	990
			1471	991
			1471	992
			1472	992
			1472	993
			1473	994
			1474	995
			1474	996
			1475	997
			1475	998
			1476	999
			1476	1000
			1477	1000
			1477	1001
			1478	1002
			1478	1003
			1479	1004
			1479	1005
			1480	1006
			1480	1007
			1480	1008
			1481	1008
			1481	1009
			1482	1010
			1482	1011
			1483	1012
			1484	1013
			1485	1014
			1485	1015
			1486	1016
			1486	1017
			1487	1018
			1488	1019
			1488	1020
			1489	1021
			1489	1022
			1490	1023
			1491	1024
			1491	1025
			1492	1026
			1493	1027
			1493	1028
			1494	1029
			1494	1030
			1495	1031
			1495	1032
			1496	1032
			1496	1033
			1496	1034
			1497	1034
			1497	1035
			1498	1036
			1499	1037
			1499	1038
			1500	1039
			1500	1040
			1501	1041
			1501	1042
			1502	1043
			1502	1044
			1503	1044
			1504	1045
			1504	1046
			1505	1047
			1505	1048
			1506	1049
			1507	1050
			1507	1051
			1508	1052
			1508	1053
			1509	1054
			1510	1055
			1510	1056
			1511	1057
			1511	1058
			1512	1059
			1512	1060
			1513	1060
			1513	1061
			1513	1062
			1514	1062
			1514	1063
			1515	1064
			1515	1065
			1516	1066
			1517	1067
			1518	1068
			1518	1069
			1519	1070
			1519	1071
			1520	1072
			1521	1073
			1521	1074
			1522	1075
			1522	1076
			1523	1077
			1524	1077
			1524	1078
			1525	1079
			1526	1080
			1526	1081
			1527	1082
			1527	1083
			1528	1084
			1529	1085
			1529	1086
			1530	1087
			1530	1088
			1531	1088
			1531	1089
			1532	1090
			1533	1091
			1533	1092
			1534	1093
			1534	1094
			1535	1095
			1535	1096
			1536	1096
			1536	1097
			1537	1098
			1538	1099
			1538	1100
			1539	1101
			1539	1102
			1540	1103
			1541	1104
			1541	1105
			1542	1106
			1543	1107
			1543	1108
			1544	1109
			1545	1110
			1545	1111
			1546	1112
			1546	1113
			1547	1114
			1547	1115
			1548	1116
			1549	1117
			1549	1118
			1550	1119
			1550	1120
			1551	1121
			1552	1122
			1552	1123
			1553	1124
			1553	1125
			1554	1126
			1554	1127
			1555	1128
			1556	1129
			1556	1130
			1557	1131
			1557	1132
			1558	1133
			1558	1134
			1559	1135
			1559	1136
			1560	1137
			1560	1138
			1561	1139
			1561	1140
			1562	1141
			1563	1142
			1563	1143
			1564	1144
			1564	1145
			1565	1146
			1565	1147
			1566	1148
			1566	1149
			1566	1150
			1567	1151
			1568	1152
			1569	1152
			1570	1153
			1571	1154
			1572	1155
			1573	1156
			1574	1156
			1575	1157
			1575	1158
			1576	1158
			1577	1159
			1578	1160
			1578	1161
			1579	1161
			1579	1162
			1580	1163
			1580	1164
			1581	1165
			1581	1166
			1582	1167
			1582	1168
			1582	1169
			1582	1170
			1582	1171
			1582	1172
			1582	1173
			1581	1174
		</c1>
		<c2 type=matrix rownames=FALSE colnames=FALSE nrow=619 ncol=2 as.numeric=TRUE >
			1581	1174
			1580	1175
			1579	1175
			1578	1175
			1577	1176
			1576	1176
			1575	1177
			1574	1177
			1573	1177
			1572	1177
			1571	1178
			1570	1178
			1569	1178
			1568	1178
			1567	1178
			1566	1178
			1565	1178
			1564	1178
			1563	1178
			1562	1178
			1561	1178
			1560	1178
			1559	1178
			1558	1178
			1557	1178
			1556	1178
			1555	1178
			1554	1178
			1553	1177
			1552	1177
			1551	1177
			1550	1177
			1549	1177
			1548	1177
			1547	1177
			1546	1177
			1545	1176
			1544	1176
			1543	1176
			1542	1176
			1541	1176
			1540	1176
			1539	1175
			1538	1175
			1537	1175
			1536	1175
			1535	1175
			1534	1175
			1533	1174
			1532	1174
			1531	1174
			1530	1174
			1529	1175
			1528	1175
			1527	1175
			1526	1175
			1525	1175
			1524	1175
			1523	1176
			1522	1176
			1521	1176
			1520	1176
			1519	1176
			1518	1176
			1517	1177
			1516	1177
			1515	1177
			1514	1177
			1513	1177
			1512	1177
			1511	1178
			1510	1178
			1509	1178
			1508	1178
			1507	1178
			1506	1178
			1505	1178
			1504	1179
			1503	1179
			1502	1179
			1501	1179
			1500	1179
			1499	1179
			1498	1179
			1497	1179
			1496	1179
			1495	1180
			1494	1180
			1493	1180
			1492	1180
			1491	1180
			1490	1180
			1489	1180
			1488	1180
			1487	1180
			1486	1180
			1485	1181
			1484	1181
			1483	1181
			1482	1181
			1481	1181
			1480	1181
			1479	1181
			1478	1181
			1477	1181
			1476	1181
			1475	1181
			1474	1181
			1473	1181
			1472	1182
			1471	1182
			1470	1182
			1469	1182
			1468	1182
			1467	1182
			1466	1182
			1465	1182
			1464	1182
			1463	1182
			1462	1182
			1461	1182
			1460	1182
			1459	1182
			1458	1182
			1457	1182
			1456	1182
			1455	1182
			1454	1182
			1453	1182
			1452	1182
			1451	1182
			1450	1182
			1449	1182
			1448	1182
			1447	1182
			1446	1182
			1445	1182
			1444	1182
			1443	1182
			1442	1182
			1441	1182
			1440	1182
			1439	1182
			1438	1182
			1437	1182
			1436	1182
			1435	1182
			1434	1182
			1433	1182
			1432	1182
			1431	1182
			1430	1182
			1429	1182
			1428	1182
			1427	1182
			1426	1182
			1425	1182
			1424	1182
			1423	1182
			1422	1181
			1421	1181
			1420	1181
			1419	1181
			1418	1181
			1417	1181
			1416	1181
			1415	1181
			1414	1181
			1413	1181
			1412	1181
			1411	1181
			1410	1181
			1409	1180
			1408	1180
			1407	1180
			1406	1180
			1405	1180
			1404	1180
			1403	1180
			1402	1180
			1401	1180
			1401	1179
			1400	1179
			1399	1179
			1398	1179
			1397	1179
			1396	1179
			1395	1179
			1394	1179
			1393	1179
			1393	1178
			1392	1178
			1391	1178
			1390	1178
			1389	1178
			1388	1178
			1387	1178
			1386	1177
			1385	1177
			1384	1177
			1383	1177
			1382	1177
			1381	1177
			1380	1176
			1379	1176
			1378	1176
			1377	1176
			1376	1176
			1375	1175
			1374	1175
			1373	1175
			1372	1175
			1371	1175
			1370	1175
			1369	1175
			1368	1175
			1367	1175
			1366	1175
			1365	1175
			1364	1175
			1363	1175
			1362	1175
			1361	1175
			1360	1175
			1359	1175
			1358	1176
			1357	1176
			1356	1176
			1355	1176
			1354	1176
			1353	1176
			1352	1176
			1351	1176
			1350	1176
			1349	1176
			1348	1176
			1347	1176
			1346	1176
			1345	1176
			1344	1176
			1343	1176
			1342	1176
			1341	1176
			1340	1176
			1339	1176
			1338	1176
			1337	1176
			1336	1176
			1335	1176
			1334	1176
			1333	1176
			1332	1176
			1331	1176
			1330	1176
			1329	1176
			1328	1176
			1327	1176
			1326	1176
			1325	1176
			1324	1176
			1323	1176
			1322	1176
			1321	1176
			1320	1176
			1319	1176
			1318	1176
			1317	1177
			1316	1177
			1315	1177
			1314	1177
			1313	1177
			1312	1177
			1311	1177
			1310	1177
			1309	1177
			1308	1177
			1307	1177
			1306	1177
			1305	1177
			1304	1177
			1303	1177
			1302	1177
			1301	1177
			1300	1177
			1299	1177
			1298	1177
			1297	1177
			1296	1177
			1295	1177
			1294	1177
			1293	1177
			1292	1177
			1291	1177
			1290	1177
			1289	1177
			1288	1177
			1287	1177
			1286	1177
			1285	1177
			1284	1177
			1283	1177
			1282	1177
			1281	1177
			1280	1177
			1279	1177
			1278	1177
			1277	1177
			1276	1177
			1275	1177
			1274	1177
			1273	1177
			1272	1177
			1271	1177
			1270	1177
			1269	1177
			1268	1177
			1267	1177
			1266	1177
			1265	1177
			1264	1177
			1263	1177
			1262	1177
			1261	1177
			1260	1177
			1259	1177
			1258	1177
			1257	1177
			1256	1177
			1255	1177
			1254	1177
			1253	1177
			1252	1177
			1251	1177
			1251	1176
			1250	1176
			1249	1176
			1248	1176
			1247	1176
			1246	1176
			1245	1176
			1244	1176
			1243	1176
			1242	1176
			1241	1176
			1240	1176
			1239	1176
			1238	1176
			1237	1176
			1236	1176
			1235	1176
			1234	1176
			1233	1176
			1232	1176
			1231	1176
			1230	1176
			1229	1176
			1228	1176
			1227	1176
			1226	1176
			1225	1176
			1224	1176
			1223	1176
			1222	1176
			1221	1176
			1220	1176
			1219	1176
			1218	1176
			1217	1176
			1216	1175
			1215	1175
			1214	1175
			1213	1175
			1212	1175
			1211	1175
			1210	1175
			1209	1175
			1208	1175
			1207	1175
			1206	1175
			1205	1175
			1204	1175
			1203	1175
			1202	1175
			1201	1175
			1200	1175
			1199	1175
			1198	1175
			1197	1175
			1196	1175
			1195	1174
			1194	1174
			1193	1174
			1192	1174
			1191	1174
			1190	1174
			1189	1174
			1188	1174
			1187	1174
			1186	1174
			1185	1174
			1184	1174
			1183	1174
			1182	1174
			1181	1174
			1180	1175
			1179	1175
			1178	1175
			1177	1175
			1176	1175
			1175	1175
			1174	1175
			1173	1175
			1172	1175
			1171	1175
			1170	1175
			1169	1175
			1168	1175
			1167	1176
			1166	1176
			1165	1176
			1164	1176
			1163	1176
			1162	1176
			1161	1176
			1160	1176
			1159	1176
			1158	1176
			1157	1176
			1156	1176
			1155	1176
			1154	1176
			1153	1176
			1152	1176
			1152	1177
			1151	1177
			1150	1177
			1149	1177
			1148	1177
			1147	1177
			1146	1177
			1145	1177
			1144	1177
			1143	1177
			1142	1177
			1141	1177
			1140	1177
			1139	1177
			1138	1177
			1137	1177
			1136	1177
			1135	1177
			1134	1177
			1133	1177
			1132	1177
			1131	1177
			1130	1177
			1129	1178
			1128	1178
			1127	1178
			1126	1178
			1125	1178
			1124	1178
			1123	1178
			1122	1178
			1121	1178
			1120	1178
			1119	1178
			1118	1178
			1117	1178
			1116	1178
			1115	1178
			1114	1178
			1113	1178
			1112	1178
			1111	1178
			1110	1178
			1109	1178
			1108	1178
			1107	1178
			1106	1178
			1105	1178
			1104	1178
			1103	1178
			1102	1178
			1101	1178
			1100	1178
			1099	1178
			1098	1178
			1097	1178
			1096	1178
			1095	1178
			1094	1178
			1093	1178
			1092	1178
			1091	1178
			1090	1178
			1089	1178
			1088	1178
			1087	1178
			1086	1178
			1085	1178
			1084	1178
			1083	1178
			1082	1178
			1081	1178
			1080	1178
			1079	1178
			1078	1178
			1077	1178
			1076	1178
			1075	1178
			1074	1178
			1073	1178
			1072	1178
			1071	1178
			1070	1178
			1069	1178
			1068	1178
			1067	1178
			1066	1178
			1065	1178
			1064	1178
			1063	1178
			1062	1178
			1061	1177
			1060	1177
			1059	1177
			1058	1177
			1057	1177
			1056	1177
			1055	1177
			1054	1177
			1053	1177
			1052	1177
			1051	1177
			1050	1177
			1049	1177
			1048	1177
			1047	1177
			1046	1177
			1045	1177
			1044	1177
			1043	1177
			1042	1177
			1041	1177
			1040	1177
			1039	1176
			1038	1176
			1037	1176
			1036	1176
			1035	1176
			1034	1176
			1033	1176
			1032	1176
			1031	1176
			1030	1176
			1029	1176
			1028	1176
			1027	1176
			1026	1176
			1025	1176
			1024	1176
			1023	1176
			1022	1176
			1021	1176
			1020	1176
			1019	1176
			1018	1176
			1017	1176
			1016	1176
			1015	1176
			1014	1176
			1013	1176
			1012	1176
			1011	1176
			1010	1176
			1009	1176
			1008	1176
			1007	1176
			1006	1175
			1005	1175
			1004	1175
			1003	1175
			1002	1175
			1001	1175
			1000	1175
			999	1175
			998	1175
			997	1175
			996	1175
			995	1175
			994	1175
			993	1175
			992	1175
			991	1174
			990	1174
			989	1174
			988	1174
			987	1174
			986	1174
			985	1174
			984	1174
			983	1174
			982	1174
			981	1173
			980	1173
			979	1173
			978	1173
			977	1173
			976	1173
			975	1172
			974	1172
			973	1172
			972	1172
			971	1172
			970	1172
			969	1171
			968	1171
			967	1171
		</c2>
	</curves.pixel>
	<curves.scaled type=list>
		<c1 type=matrix rownames=FALSE colnames=FALSE nrow=731 ncol=2 as.numeric=TRUE >
			38.5182547827919	-46.6441327307646
			38.558087517831	-46.6042999957255
			38.5979202528701	-46.5644672606864
			38.5979202528701	-46.5246345256474
			38.6377529879092	-46.4848017906083
			38.6775857229483	-46.4449690555692
			38.7174184579873	-46.4051363205301
			38.7174184579873	-46.365303585491
			38.7572511930264	-46.3254708504519
			38.7970839280655	-46.2856381154129
			38.8369166631046	-46.2458053803738
			38.8767493981437	-46.2059726453347
			38.9165821331828	-46.1661399102956
			38.9564148682218	-46.1263071752565
			38.9564148682218	-46.0864744402175
			38.9962476032609	-46.0466417051784
			39.0360803383	-46.0068089701393
			39.0759130733391	-45.9669762351002
			39.0759130733391	-45.9271435000611
			39.1157458083782	-45.9271435000611
			39.1157458083782	-45.887310765022
			39.1555785434172	-45.847478029983
			39.1954112784563	-45.8076452949439
			39.2352440134954	-45.7678125599048
			39.2750767485345	-45.7279798248657
			39.3149094835736	-45.6881470898266
			39.3149094835736	-45.6483143547876
			39.3547422186127	-45.6084816197485
			39.3945749536517	-45.5686488847094
			39.4344076886908	-45.5288161496703
			39.4742404237299	-45.4889834146312
			39.514073158769	-45.4491506795921
			39.5539058938081	-45.4093179445531
			39.5539058938081	-45.369485209514
			39.5937386288471	-45.3296524744749
			39.6335713638862	-45.2898197394358
			39.6734040989253	-45.2499870043967
			39.7132368339644	-45.2101542693577
			39.7530695690035	-45.1703215343186
			39.7929023040426	-45.1304887992795
			39.8327350390816	-45.0906560642404
			39.8725677741207	-45.0508233292013
			39.9124005091598	-45.0109905941622
			39.9124005091598	-44.9711578591232
			39.9522332441989	-44.9313251240841
			39.992065979238	-44.891492389045
			40.031898714277	-44.8516596540059
			40.0717314493161	-44.8118269189668
			40.1115641843552	-44.7719941839278
			40.1513969193943	-44.7321614488887
			40.1912296544334	-44.6923287138496
			40.2310623894724	-44.6524959788105
			40.2708951245115	-44.6126632437714
			40.3107278595506	-44.5728305087324
			40.3505605945897	-44.5329977736933
			40.3903933296288	-44.4931650386542
			40.3903933296288	-44.4533323036151
			40.4302260646679	-44.413499568576
			40.4700587997069	-44.3736668335369
			40.509891534746	-44.3338340984979
			40.5497242697851	-44.2940013634588
			40.5895570048242	-44.2541686284197
			40.6293897398633	-44.2541686284197
			40.6692224749023	-44.2143358933806
			40.7090552099414	-44.1745031583415
			40.7488879449805	-44.1346704233025
			40.7887206800196	-44.0948376882634
			40.8285534150587	-44.0550049532243
			40.8683861500978	-44.0151722181852
			40.9082188851368	-43.9753394831461
			40.9480516201759	-43.935506748107
			40.987884355215	-43.895674013068
			41.0277170902541	-43.8558412780289
			41.0675498252932	-43.8160085429898
			41.1073825603322	-43.7761758079507
			41.1472152953713	-43.7363430729116
			41.1870480304104	-43.6965103378726
			41.2268807654495	-43.6566776028335
			41.2667135004886	-43.6566776028335
			41.2667135004886	-43.6168448677944
			41.3065462355277	-43.5770121327553
			41.3463789705667	-43.5770121327553
			41.3463789705667	-43.5371793977162
			41.3862117056058	-43.5371793977162
			41.4260444406449	-43.4973466626771
			41.4260444406449	-43.4575139276381
			41.465877175684	-43.4575139276381
			41.5057099107231	-43.417681192599
			41.5455426457621	-43.3778484575599
			41.5853753808012	-43.3380157225208
			41.6252081158403	-43.2981829874817
			41.6650408508794	-43.2583502524427
			41.7048735859185	-43.2185175174036
			41.7447063209576	-43.2185175174036
			41.7845390559966	-43.1786847823645
			41.8243717910357	-43.1388520473254
			41.8243717910357	-43.0990193122863
			41.8642045260748	-43.0990193122863
			41.9040372611139	-43.0591865772472
			41.943869996153	-43.0193538422082
			41.983702731192	-43.0193538422082
			42.0235354662311	-42.9795211071691
			42.0633682012702	-42.93968837213
			42.1032009363093	-42.8998556370909
			42.1430336713484	-42.8600229020518
			42.1828664063875	-42.8201901670128
			42.2226991414265	-42.7803574319737
			42.2625318764656	-42.7405246969346
			42.3023646115047	-42.7405246969346
			42.3421973465438	-42.7006919618955
			42.3820300815829	-42.6608592268564
			42.4218628166219	-42.6608592268564
			42.4218628166219	-42.6210264918173
			42.461695551661	-42.6210264918173
			42.5015282867001	-42.5811937567783
			42.5413610217392	-42.5413610217392
			42.5811937567783	-42.5015282867001
			42.6210264918173	-42.461695551661
			42.6608592268564	-42.461695551661
			42.7006919618955	-42.4218628166219
			42.7405246969346	-42.3820300815829
			42.7803574319737	-42.3820300815829
			42.7803574319737	-42.3421973465438
			42.8201901670128	-42.3421973465438
			42.8600229020518	-42.3023646115047
			42.8998556370909	-42.3023646115047
			42.8998556370909	-42.2625318764656
			42.93968837213	-42.2226991414265
			42.9795211071691	-42.2226991414265
			43.0193538422082	-42.1828664063875
			43.0591865772472	-42.1430336713484
			43.0990193122863	-42.1032009363093
			43.1388520473254	-42.1032009363093
			43.1786847823645	-42.0633682012702
			43.2185175174036	-42.0235354662311
			43.2583502524427	-42.0235354662311
			43.2981829874817	-41.983702731192
			43.3380157225208	-41.943869996153
			43.3778484575599	-41.943869996153
			43.417681192599	-41.9040372611139
			43.4575139276381	-41.8642045260748
			43.4973466626771	-41.8642045260748
			43.5371793977162	-41.8243717910357
			43.5371793977162	-41.7845390559966
			43.5770121327553	-41.7845390559966
			43.6168448677944	-41.7447063209576
			43.6566776028335	-41.7447063209576
			43.6965103378726	-41.7048735859185
			43.7363430729116	-41.6650408508794
			43.7761758079507	-41.6650408508794
			43.8160085429898	-41.6252081158403
			43.8558412780289	-41.5853753808012
			43.895674013068	-41.5853753808012
			43.935506748107	-41.5455426457621
			43.9753394831461	-41.5057099107231
			44.0151722181852	-41.5057099107231
			44.0550049532243	-41.465877175684
			44.0948376882634	-41.465877175684
			44.1346704233025	-41.4260444406449
			44.1745031583415	-41.3862117056058
			44.2143358933806	-41.3862117056058
			44.2541686284197	-41.3463789705667
			44.2940013634588	-41.3065462355277
			44.3338340984979	-41.3065462355277
			44.3736668335369	-41.2667135004886
			44.413499568576	-41.2667135004886
			44.4533323036151	-41.2268807654495
			44.4931650386542	-41.1870480304104
			44.5329977736933	-41.1870480304104
			44.5728305087324	-41.1472152953713
			44.6126632437714	-41.1472152953713
			44.6524959788105	-41.1073825603322
			44.6923287138496	-41.1073825603322
			44.7321614488887	-41.0675498252932
			44.7321614488887	-41.0277170902541
			44.7719941839278	-41.0277170902541
			44.8118269189668	-40.987884355215
			44.8516596540059	-40.987884355215
			44.891492389045	-40.9480516201759
			44.9313251240841	-40.9082188851368
			44.9711578591232	-40.9082188851368
			45.0109905941622	-40.8683861500978
			45.0508233292013	-40.8683861500978
			45.0906560642404	-40.8285534150587
			45.1304887992795	-40.8285534150587
			45.1703215343186	-40.7887206800196
			45.2101542693577	-40.7887206800196
			45.2499870043967	-40.7488879449805
			45.2898197394358	-40.7090552099414
			45.3296524744749	-40.7090552099414
			45.369485209514	-40.6692224749023
			45.4093179445531	-40.6692224749023
			45.4491506795921	-40.6293897398633
			45.4889834146312	-40.6293897398633
			45.5288161496703	-40.5895570048242
			45.5686488847094	-40.5895570048242
			45.6084816197485	-40.5497242697851
			45.6483143547876	-40.5497242697851
			45.6881470898266	-40.509891534746
			45.7279798248657	-40.509891534746
			45.7678125599048	-40.4700587997069
			45.8076452949439	-40.4700587997069
			45.847478029983	-40.4302260646679
			45.887310765022	-40.4302260646679
			45.9271435000611	-40.3903933296288
			45.9669762351002	-40.3903933296288
			46.0068089701393	-40.3505605945897
			46.0466417051784	-40.3505605945897
			46.0864744402175	-40.3107278595506
			46.1263071752565	-40.3107278595506
			46.1661399102956	-40.2708951245115
			46.2059726453347	-40.2708951245115
			46.2458053803738	-40.2310623894724
			46.2856381154129	-40.2310623894724
			46.3254708504519	-40.1912296544334
			46.365303585491	-40.1912296544334
			46.4051363205301	-40.1912296544334
			46.4051363205301	-40.1513969193943
			46.4449690555692	-40.1513969193943
			46.4848017906083	-40.1115641843552
			46.5246345256474	-40.1115641843552
			46.5644672606864	-40.1115641843552
			46.5644672606864	-40.0717314493161
			46.6042999957255	-40.0717314493161
			46.6441327307646	-40.0717314493161
			46.6839654658037	-40.031898714277
			46.7237982008428	-40.031898714277
			46.7636309358818	-39.992065979238
			46.8034636709209	-39.992065979238
			46.84329640596	-39.9522332441989
			46.8831291409991	-39.9522332441989
			46.9229618760382	-39.9522332441989
			46.9627946110772	-39.9124005091598
			47.0026273461163	-39.9124005091598
			47.0424600811554	-39.8725677741207
			47.0822928161945	-39.8725677741207
			47.1221255512336	-39.8327350390816
			47.1619582862727	-39.8327350390816
			47.2017910213117	-39.8327350390816
			47.2416237563508	-39.7929023040426
			47.2814564913899	-39.7929023040426
			47.2814564913899	-39.7530695690035
			47.321289226429	-39.7530695690035
			47.3611219614681	-39.7530695690035
			47.4009546965071	-39.7132368339644
			47.4407874315462	-39.7132368339644
			47.4806201665853	-39.7132368339644
			47.5204529016244	-39.6734040989253
			47.5602856366635	-39.6734040989253
			47.6001183717026	-39.6335713638862
			47.6399511067416	-39.6335713638862
			47.6797838417807	-39.6335713638862
			47.7196165768198	-39.5937386288471
			47.7594493118589	-39.5937386288471
			47.799282046898	-39.5937386288471
			47.839114781937	-39.5539058938081
			47.8789475169761	-39.5539058938081
			47.9187802520152	-39.514073158769
			47.9586129870543	-39.514073158769
			47.9984457220934	-39.514073158769
			48.0382784571324	-39.4742404237299
			48.0781111921715	-39.4742404237299
			48.1179439272106	-39.4742404237299
			48.1577766622497	-39.4344076886908
			48.1976093972888	-39.4344076886908
			48.2374421323279	-39.4344076886908
			48.2772748673669	-39.3945749536517
			48.317107602406	-39.3945749536517
			48.3569403374451	-39.3547422186127
			48.3967730724842	-39.3547422186127
			48.4366058075233	-39.3547422186127
			48.4764385425623	-39.3149094835736
			48.5162712776014	-39.3149094835736
			48.5561040126405	-39.3149094835736
			48.5959367476796	-39.2750767485345
			48.6357694827187	-39.2750767485345
			48.6756022177578	-39.2750767485345
			48.7154349527968	-39.2352440134954
			48.7552676878359	-39.2352440134954
			48.795100422875	-39.2352440134954
			48.8349331579141	-39.1954112784563
			48.8747658929532	-39.1954112784563
			48.9145986279922	-39.1954112784563
			48.9544313630313	-39.1954112784563
			48.9942640980704	-39.1555785434172
			49.0340968331095	-39.1555785434172
			49.0739295681486	-39.1555785434172
			49.1137623031877	-39.1157458083782
			49.1535950382267	-39.1157458083782
			49.1934277732658	-39.1157458083782
			49.2332605083049	-39.0759130733391
			49.273093243344	-39.0759130733391
			49.3129259783831	-39.0759130733391
			49.3527587134221	-39.0360803383
			49.3925914484612	-39.0360803383
			49.4324241835003	-39.0360803383
			49.4722569185394	-39.0360803383
			49.5120896535785	-38.9962476032609
			49.5519223886176	-38.9962476032609
			49.5917551236566	-38.9962476032609
			49.6315878586957	-38.9564148682218
			49.6714205937348	-38.9564148682218
			49.7112533287739	-38.9564148682218
			49.751086063813	-38.9564148682218
			49.790918798852	-38.9165821331828
			49.8307515338911	-38.9165821331828
			49.8705842689302	-38.9165821331828
			49.9104170039693	-38.8767493981437
			49.9502497390084	-38.8767493981437
			49.9900824740475	-38.8767493981437
			50.0299152090865	-38.8767493981437
			50.0697479441256	-38.8369166631046
			50.1095806791647	-38.8369166631046
			50.1494134142038	-38.8369166631046
			50.1892461492429	-38.8369166631046
			50.2290788842819	-38.7970839280655
			50.268911619321	-38.7970839280655
			50.3087443543601	-38.7970839280655
			50.3485770893992	-38.7970839280655
			50.3884098244383	-38.7572511930264
			50.4282425594773	-38.7572511930264
			50.4680752945164	-38.7572511930264
			50.5079080295555	-38.7572511930264
			50.5477407645946	-38.7174184579873
			50.5875734996337	-38.7174184579873
			50.6274062346728	-38.7174184579873
			50.6672389697118	-38.7174184579873
			50.7070717047509	-38.6775857229483
			50.74690443979	-38.6775857229483
			50.7867371748291	-38.6775857229483
			50.8265699098682	-38.6775857229483
			50.8664026449072	-38.6377529879092
			50.9062353799463	-38.6377529879092
			50.9460681149854	-38.6377529879092
			50.9859008500245	-38.6377529879092
			51.0257335850636	-38.6377529879092
			51.0655663201027	-38.5979202528701
			51.1053990551417	-38.5979202528701
			51.1452317901808	-38.5979202528701
			51.1850645252199	-38.5979202528701
			51.224897260259	-38.5979202528701
			51.2647299952981	-38.558087517831
			51.3045627303371	-38.558087517831
			51.3443954653762	-38.558087517831
			51.3842282004153	-38.558087517831
			51.4240609354544	-38.558087517831
			51.4638936704935	-38.5182547827919
			51.5037264055326	-38.5182547827919
			51.5435591405716	-38.5182547827919
			51.5833918756107	-38.5182547827919
			51.6232246106498	-38.5182547827919
			51.6232246106498	-38.4784220477529
			51.6630573456889	-38.4784220477529
			51.702890080728	-38.4784220477529
			51.742722815767	-38.4784220477529
			51.7825555508061	-38.4784220477529
			51.8223882858452	-38.4385893127138
			51.8622210208843	-38.4385893127138
			51.9020537559234	-38.4385893127138
			51.9418864909625	-38.4385893127138
			51.9817192260015	-38.4385893127138
			52.0215519610406	-38.3987565776747
			52.0613846960797	-38.3987565776747
			52.1012174311188	-38.3987565776747
			52.1410501661579	-38.3987565776747
			52.1808829011969	-38.3987565776747
			52.220715636236	-38.3589238426356
			52.2605483712751	-38.3589238426356
			52.3003811063142	-38.3589238426356
			52.3402138413533	-38.3589238426356
			52.3800465763924	-38.3589238426356
			52.4198793114314	-38.3190911075965
			52.4597120464705	-38.3190911075965
			52.4995447815096	-38.3190911075965
			52.5393775165487	-38.3190911075965
			52.5792102515878	-38.3190911075965
			52.6190429866268	-38.3190911075965
			52.6588757216659	-38.2792583725575
			52.698708456705	-38.2792583725575
			52.7385411917441	-38.2792583725575
			52.7783739267832	-38.2792583725575
			52.8182066618222	-38.2792583725575
			52.8580393968613	-38.2792583725575
			52.8978721319004	-38.2792583725575
			52.9377048669395	-38.2394256375184
			52.9775376019786	-38.2394256375184
			53.0173703370177	-38.2394256375184
			53.0572030720567	-38.2394256375184
			53.0970358070958	-38.2394256375184
			53.1368685421349	-38.2394256375184
			53.176701277174	-38.2394256375184
			53.2165340122131	-38.1995929024793
			53.2563667472521	-38.1995929024793
			53.2961994822912	-38.1995929024793
			53.3360322173303	-38.1995929024793
			53.3758649523694	-38.1995929024793
			53.4156976874085	-38.1995929024793
			53.4555304224476	-38.1995929024793
			53.4953631574866	-38.1995929024793
			53.5351958925257	-38.1597601674402
			53.5750286275648	-38.1597601674402
			53.6148613626039	-38.1597601674402
			53.654694097643	-38.1597601674402
			53.694526832682	-38.1597601674402
			53.7343595677211	-38.1597601674402
			53.7741923027602	-38.1597601674402
			53.8140250377993	-38.1597601674402
			53.8538577728384	-38.1597601674402
			53.8936905078775	-38.1597601674402
			53.9335232429165	-38.1199274324011
			53.9733559779556	-38.1199274324011
			54.0131887129947	-38.1199274324011
			54.0530214480338	-38.1199274324011
			54.0928541830729	-38.1199274324011
			54.1326869181119	-38.1199274324011
			54.172519653151	-38.1199274324011
			54.2123523881901	-38.1199274324011
			54.2521851232292	-38.1199274324011
			54.2920178582683	-38.1199274324011
			54.3318505933074	-38.1199274324011
			54.3716833283464	-38.1199274324011
			54.4115160633855	-38.1199274324011
			54.4513487984246	-38.1199274324011
			54.4911815334637	-38.1199274324011
			54.5310142685028	-38.1199274324011
			54.5708470035418	-38.080094697362
			54.6106797385809	-38.080094697362
			54.65051247362	-38.080094697362
			54.6903452086591	-38.080094697362
			54.7301779436982	-38.080094697362
			54.7700106787373	-38.080094697362
			54.8098434137763	-38.080094697362
			54.8496761488154	-38.080094697362
			54.8895088838545	-38.080094697362
			54.9293416188936	-38.080094697362
			54.9691743539327	-38.080094697362
			55.0090070889717	-38.080094697362
			55.0488398240108	-38.080094697362
			55.0886725590499	-38.080094697362
			55.128505294089	-38.080094697362
			55.1683380291281	-38.080094697362
			55.2081707641671	-38.080094697362
			55.2480034992062	-38.080094697362
			55.2878362342453	-38.1199274324011
			55.3276689692844	-38.1199274324011
			55.3675017043235	-38.1199274324011
			55.4073344393626	-38.1199274324011
			55.4471671744016	-38.1199274324011
			55.4869999094407	-38.1199274324011
			55.5268326444798	-38.1199274324011
			55.5666653795189	-38.1199274324011
			55.606498114558	-38.1199274324011
			55.646330849597	-38.1199274324011
			55.6861635846361	-38.1199274324011
			55.7259963196752	-38.1199274324011
			55.7658290547143	-38.1199274324011
			55.8056617897534	-38.1199274324011
			55.8454945247924	-38.1597601674402
			55.8853272598315	-38.1597601674402
			55.9251599948706	-38.1597601674402
			55.9649927299097	-38.1597601674402
			56.0048254649488	-38.1597601674402
			56.0446581999879	-38.1597601674402
			56.0844909350269	-38.1597601674402
			56.124323670066	-38.1597601674402
			56.1641564051051	-38.1995929024793
			56.2039891401442	-38.1995929024793
			56.2438218751833	-38.1995929024793
			56.2836546102223	-38.1995929024793
			56.3234873452614	-38.1995929024793
			56.3633200803005	-38.1995929024793
			56.3633200803005	-38.2394256375184
			56.4031528153396	-38.2394256375184
			56.4429855503787	-38.2394256375184
			56.4828182854178	-38.2394256375184
			56.5226510204568	-38.2394256375184
			56.5624837554959	-38.2792583725575
			56.602316490535	-38.2792583725575
			56.6421492255741	-38.2792583725575
			56.6819819606132	-38.2792583725575
			56.7218146956522	-38.3190911075965
			56.7616474306913	-38.3190911075965
			56.8014801657304	-38.3190911075965
			56.8413129007695	-38.3190911075965
			56.8811456358086	-38.3589238426356
			56.9209783708477	-38.3589238426356
			56.9608111058867	-38.3589238426356
			57.0006438409258	-38.3987565776747
			57.0404765759649	-38.3987565776747
			57.080309311004	-38.3987565776747
			57.1201420460431	-38.4385893127138
			57.1599747810821	-38.4385893127138
			57.1998075161212	-38.4385893127138
			57.2396402511603	-38.4784220477529
			57.2794729861994	-38.4784220477529
			57.3193057212385	-38.5182547827919
			57.3591384562776	-38.5182547827919
			57.3989711913166	-38.558087517831
			57.4388039263557	-38.558087517831
			57.4786366613948	-38.5979202528701
			57.5184693964339	-38.5979202528701
			57.558302131473	-38.6377529879092
			57.598134866512	-38.6377529879092
			57.6379676015511	-38.6775857229483
			57.6778003365902	-38.6775857229483
			57.7176330716293	-38.7174184579873
			57.7574658066684	-38.7572511930264
			57.7972985417075	-38.7572511930264
			57.8371312767465	-38.7970839280655
			57.8769640117856	-38.7970839280655
			57.9167967468247	-38.8369166631046
			57.9566294818638	-38.8767493981437
			57.9964622169029	-38.8767493981437
			57.9964622169029	-38.9165821331828
			58.0362949519419	-38.9165821331828
			58.076127686981	-38.9564148682218
			58.1159604220201	-38.9962476032609
			58.1557931570592	-38.9962476032609
			58.1956258920983	-39.0360803383
			58.1956258920983	-39.0759130733391
			58.2354586271373	-39.0759130733391
			58.2752913621764	-39.1157458083782
			58.3151240972155	-39.1555785434172
			58.3151240972155	-39.1954112784563
			58.3549568322546	-39.1954112784563
			58.3947895672937	-39.2352440134954
			58.4346223023328	-39.2750767485345
			58.4346223023328	-39.3149094835736
			58.4744550373718	-39.3149094835736
			58.5142877724109	-39.3547422186127
			58.5142877724109	-39.3945749536517
			58.55412050745	-39.4344076886908
			58.5939532424891	-39.4742404237299
			58.5939532424891	-39.514073158769
			58.6337859775282	-39.514073158769
			58.6337859775282	-39.5539058938081
			58.6736187125672	-39.5937386288471
			58.7134514476063	-39.6335713638862
			58.7134514476063	-39.6734040989253
			58.7532841826454	-39.7132368339644
			58.7532841826454	-39.7530695690035
			58.7931169176845	-39.7929023040426
			58.7931169176845	-39.8327350390816
			58.8329496527236	-39.8327350390816
			58.8329496527236	-39.8725677741207
			58.8727823877627	-39.9124005091598
			58.8727823877627	-39.9522332441989
			58.9126151228017	-39.992065979238
			58.9126151228017	-40.031898714277
			58.9524478578408	-40.0717314493161
			58.9524478578408	-40.1115641843552
			58.9524478578408	-40.1513969193943
			58.9922805928799	-40.1513969193943
			58.9922805928799	-40.1912296544334
			59.032113327919	-40.2310623894724
			59.032113327919	-40.2708951245115
			59.0719460629581	-40.3107278595506
			59.1117787979971	-40.3505605945897
			59.1516115330362	-40.3903933296288
			59.1516115330362	-40.4302260646679
			59.1914442680753	-40.4700587997069
			59.1914442680753	-40.509891534746
			59.2312770031144	-40.5497242697851
			59.2711097381535	-40.5895570048242
			59.2711097381535	-40.6293897398633
			59.3109424731926	-40.6692224749023
			59.3109424731926	-40.7090552099414
			59.3507752082316	-40.7488879449805
			59.3906079432707	-40.7887206800196
			59.3906079432707	-40.8285534150587
			59.4304406783098	-40.8683861500978
			59.4702734133489	-40.9082188851368
			59.4702734133489	-40.9480516201759
			59.510106148388	-40.987884355215
			59.510106148388	-41.0277170902541
			59.549938883427	-41.0675498252932
			59.549938883427	-41.1073825603322
			59.5897716184661	-41.1073825603322
			59.5897716184661	-41.1472152953713
			59.5897716184661	-41.1870480304104
			59.6296043535052	-41.1870480304104
			59.6296043535052	-41.2268807654495
			59.6694370885443	-41.2667135004886
			59.7092698235834	-41.3065462355277
			59.7092698235834	-41.3463789705667
			59.7491025586225	-41.3862117056058
			59.7491025586225	-41.4260444406449
			59.7889352936615	-41.465877175684
			59.7889352936615	-41.5057099107231
			59.8287680287006	-41.5455426457621
			59.8287680287006	-41.5853753808012
			59.8686007637397	-41.5853753808012
			59.9084334987788	-41.6252081158403
			59.9084334987788	-41.6650408508794
			59.9482662338179	-41.7048735859185
			59.9482662338179	-41.7447063209576
			59.9880989688569	-41.7845390559966
			60.027931703896	-41.8243717910357
			60.027931703896	-41.8642045260748
			60.0677644389351	-41.9040372611139
			60.0677644389351	-41.943869996153
			60.1075971739742	-41.983702731192
			60.1474299090133	-42.0235354662311
			60.1474299090133	-42.0633682012702
			60.1872626440524	-42.1032009363093
			60.1872626440524	-42.1430336713484
			60.2270953790914	-42.1828664063875
			60.2270953790914	-42.2226991414265
			60.2669281141305	-42.2226991414265
			60.2669281141305	-42.2625318764656
			60.2669281141305	-42.3023646115047
			60.3067608491696	-42.3023646115047
			60.3067608491696	-42.3421973465438
			60.3465935842087	-42.3820300815829
			60.3465935842087	-42.4218628166219
			60.3864263192478	-42.461695551661
			60.4262590542868	-42.5015282867001
			60.4660917893259	-42.5413610217392
			60.4660917893259	-42.5811937567783
			60.505924524365	-42.6210264918173
			60.505924524365	-42.6608592268564
			60.5457572594041	-42.7006919618955
			60.5855899944432	-42.7405246969346
			60.5855899944432	-42.7803574319737
			60.6254227294822	-42.8201901670128
			60.6254227294822	-42.8600229020518
			60.6652554645213	-42.8998556370909
			60.7050881995604	-42.8998556370909
			60.7050881995604	-42.93968837213
			60.7449209345995	-42.9795211071691
			60.7847536696386	-43.0193538422082
			60.7847536696386	-43.0591865772472
			60.8245864046777	-43.0990193122863
			60.8245864046777	-43.1388520473254
			60.8644191397167	-43.1786847823645
			60.9042518747558	-43.2185175174036
			60.9042518747558	-43.2583502524427
			60.9440846097949	-43.2981829874817
			60.9440846097949	-43.3380157225208
			60.983917344834	-43.3380157225208
			60.983917344834	-43.3778484575599
			61.0237500798731	-43.417681192599
			61.0635828149121	-43.4575139276381
			61.0635828149121	-43.4973466626771
			61.1034155499512	-43.5371793977162
			61.1034155499512	-43.5770121327553
			61.1432482849903	-43.6168448677944
			61.1432482849903	-43.6566776028335
			61.1830810200294	-43.6566776028335
			61.1830810200294	-43.6965103378726
			61.2229137550685	-43.7363430729116
			61.2627464901076	-43.7761758079507
			61.2627464901076	-43.8160085429898
			61.3025792251466	-43.8558412780289
			61.3025792251466	-43.895674013068
			61.3424119601857	-43.935506748107
			61.3822446952248	-43.9753394831461
			61.3822446952248	-44.0151722181852
			61.4220774302639	-44.0550049532243
			61.461910165303	-44.0948376882634
			61.461910165303	-44.1346704233025
			61.501742900342	-44.1745031583415
			61.5415756353811	-44.2143358933806
			61.5415756353811	-44.2541686284197
			61.5814083704202	-44.2940013634588
			61.5814083704202	-44.3338340984979
			61.6212411054593	-44.3736668335369
			61.6212411054593	-44.413499568576
			61.6610738404984	-44.4533323036151
			61.7009065755375	-44.4931650386542
			61.7009065755375	-44.5329977736933
			61.7407393105765	-44.5728305087324
			61.7407393105765	-44.6126632437714
			61.7805720456156	-44.6524959788105
			61.8204047806547	-44.6923287138496
			61.8204047806547	-44.7321614488887
			61.8602375156938	-44.7719941839278
			61.8602375156938	-44.8118269189668
			61.9000702507329	-44.8516596540059
			61.9000702507329	-44.891492389045
			61.9399029857719	-44.9313251240841
			61.979735720811	-44.9711578591232
			61.979735720811	-45.0109905941622
			62.0195684558501	-45.0508233292013
			62.0195684558501	-45.0906560642404
			62.0594011908892	-45.1304887992795
			62.0594011908892	-45.1703215343186
			62.0992339259283	-45.2101542693577
			62.0992339259283	-45.2499870043967
			62.1390666609674	-45.2898197394358
			62.1390666609674	-45.3296524744749
			62.1788993960064	-45.369485209514
			62.1788993960064	-45.4093179445531
			62.2187321310455	-45.4491506795921
			62.2585648660846	-45.4889834146312
			62.2585648660846	-45.5288161496703
			62.2983976011237	-45.5686488847094
			62.2983976011237	-45.6084816197485
			62.3382303361628	-45.6483143547876
			62.3382303361628	-45.6881470898266
			62.3780630712018	-45.7279798248657
			62.3780630712018	-45.7678125599048
			62.3780630712018	-45.8076452949439
			62.4178958062409	-45.847478029983
			62.45772854128	-45.887310765022
			62.4975612763191	-45.887310765022
			62.5373940113582	-45.9271435000611
			62.5772267463973	-45.9669762351002
			62.6170594814363	-46.0068089701393
			62.6568922164754	-46.0466417051784
			62.6967249515145	-46.0466417051784
			62.7365576865536	-46.0864744402175
			62.7365576865536	-46.1263071752565
			62.7763904215927	-46.1263071752565
			62.8162231566317	-46.1661399102956
			62.8560558916708	-46.2059726453347
			62.8560558916708	-46.2458053803738
			62.8958886267099	-46.2458053803738
			62.8958886267099	-46.2856381154129
			62.935721361749	-46.3254708504519
			62.935721361749	-46.365303585491
			62.9755540967881	-46.4051363205301
			62.9755540967881	-46.4449690555692
			63.0153868318271	-46.4848017906083
			63.0153868318271	-46.5246345256474
			63.0153868318271	-46.5644672606864
			63.0153868318271	-46.6042999957255
			63.0153868318271	-46.6441327307646
			63.0153868318271	-46.6839654658037
			63.0153868318271	-46.7237982008428
			62.9755540967881	-46.7636309358818
		</c1>
		<c2 type=matrix rownames=FALSE colnames=FALSE nrow=619 ncol=2 as.numeric=TRUE >
			62.9755540967881	-46.7636309358818
			62.935721361749	-46.8034636709209
			62.8958886267099	-46.8034636709209
			62.8560558916708	-46.8034636709209
			62.8162231566317	-46.84329640596
			62.7763904215927	-46.84329640596
			62.7365576865536	-46.8831291409991
			62.6967249515145	-46.8831291409991
			62.6568922164754	-46.8831291409991
			62.6170594814363	-46.8831291409991
			62.5772267463973	-46.9229618760382
			62.5373940113582	-46.9229618760382
			62.4975612763191	-46.9229618760382
			62.45772854128	-46.9229618760382
			62.4178958062409	-46.9229618760382
			62.3780630712018	-46.9229618760382
			62.3382303361628	-46.9229618760382
			62.2983976011237	-46.9229618760382
			62.2585648660846	-46.9229618760382
			62.2187321310455	-46.9229618760382
			62.1788993960064	-46.9229618760382
			62.1390666609674	-46.9229618760382
			62.0992339259283	-46.9229618760382
			62.0594011908892	-46.9229618760382
			62.0195684558501	-46.9229618760382
			61.979735720811	-46.9229618760382
			61.9399029857719	-46.9229618760382
			61.9000702507329	-46.9229618760382
			61.8602375156938	-46.8831291409991
			61.8204047806547	-46.8831291409991
			61.7805720456156	-46.8831291409991
			61.7407393105765	-46.8831291409991
			61.7009065755375	-46.8831291409991
			61.6610738404984	-46.8831291409991
			61.6212411054593	-46.8831291409991
			61.5814083704202	-46.8831291409991
			61.5415756353811	-46.84329640596
			61.501742900342	-46.84329640596
			61.461910165303	-46.84329640596
			61.4220774302639	-46.84329640596
			61.3822446952248	-46.84329640596
			61.3424119601857	-46.84329640596
			61.3025792251466	-46.8034636709209
			61.2627464901076	-46.8034636709209
			61.2229137550685	-46.8034636709209
			61.1830810200294	-46.8034636709209
			61.1432482849903	-46.8034636709209
			61.1034155499512	-46.8034636709209
			61.0635828149121	-46.7636309358818
			61.0237500798731	-46.7636309358818
			60.983917344834	-46.7636309358818
			60.9440846097949	-46.7636309358818
			60.9042518747558	-46.8034636709209
			60.8644191397167	-46.8034636709209
			60.8245864046777	-46.8034636709209
			60.7847536696386	-46.8034636709209
			60.7449209345995	-46.8034636709209
			60.7050881995604	-46.8034636709209
			60.6652554645213	-46.84329640596
			60.6254227294822	-46.84329640596
			60.5855899944432	-46.84329640596
			60.5457572594041	-46.84329640596
			60.505924524365	-46.84329640596
			60.4660917893259	-46.84329640596
			60.4262590542868	-46.8831291409991
			60.3864263192478	-46.8831291409991
			60.3465935842087	-46.8831291409991
			60.3067608491696	-46.8831291409991
			60.2669281141305	-46.8831291409991
			60.2270953790914	-46.8831291409991
			60.1872626440524	-46.9229618760382
			60.1474299090133	-46.9229618760382
			60.1075971739742	-46.9229618760382
			60.0677644389351	-46.9229618760382
			60.027931703896	-46.9229618760382
			59.9880989688569	-46.9229618760382
			59.9482662338179	-46.9229618760382
			59.9084334987788	-46.9627946110772
			59.8686007637397	-46.9627946110772
			59.8287680287006	-46.9627946110772
			59.7889352936615	-46.9627946110772
			59.7491025586225	-46.9627946110772
			59.7092698235834	-46.9627946110772
			59.6694370885443	-46.9627946110772
			59.6296043535052	-46.9627946110772
			59.5897716184661	-46.9627946110772
			59.549938883427	-47.0026273461163
			59.510106148388	-47.0026273461163
			59.4702734133489	-47.0026273461163
			59.4304406783098	-47.0026273461163
			59.3906079432707	-47.0026273461163
			59.3507752082316	-47.0026273461163
			59.3109424731926	-47.0026273461163
			59.2711097381535	-47.0026273461163
			59.2312770031144	-47.0026273461163
			59.1914442680753	-47.0026273461163
			59.1516115330362	-47.0424600811554
			59.1117787979971	-47.0424600811554
			59.0719460629581	-47.0424600811554
			59.032113327919	-47.0424600811554
			58.9922805928799	-47.0424600811554
			58.9524478578408	-47.0424600811554
			58.9126151228017	-47.0424600811554
			58.8727823877627	-47.0424600811554
			58.8329496527236	-47.0424600811554
			58.7931169176845	-47.0424600811554
			58.7532841826454	-47.0424600811554
			58.7134514476063	-47.0424600811554
			58.6736187125672	-47.0424600811554
			58.6337859775282	-47.0822928161945
			58.5939532424891	-47.0822928161945
			58.55412050745	-47.0822928161945
			58.5142877724109	-47.0822928161945
			58.4744550373718	-47.0822928161945
			58.4346223023328	-47.0822928161945
			58.3947895672937	-47.0822928161945
			58.3549568322546	-47.0822928161945
			58.3151240972155	-47.0822928161945
			58.2752913621764	-47.0822928161945
			58.2354586271373	-47.0822928161945
			58.1956258920983	-47.0822928161945
			58.1557931570592	-47.0822928161945
			58.1159604220201	-47.0822928161945
			58.076127686981	-47.0822928161945
			58.0362949519419	-47.0822928161945
			57.9964622169029	-47.0822928161945
			57.9566294818638	-47.0822928161945
			57.9167967468247	-47.0822928161945
			57.8769640117856	-47.0822928161945
			57.8371312767465	-47.0822928161945
			57.7972985417075	-47.0822928161945
			57.7574658066684	-47.0822928161945
			57.7176330716293	-47.0822928161945
			57.6778003365902	-47.0822928161945
			57.6379676015511	-47.0822928161945
			57.598134866512	-47.0822928161945
			57.558302131473	-47.0822928161945
			57.5184693964339	-47.0822928161945
			57.4786366613948	-47.0822928161945
			57.4388039263557	-47.0822928161945
			57.3989711913166	-47.0822928161945
			57.3591384562776	-47.0822928161945
			57.3193057212385	-47.0822928161945
			57.2794729861994	-47.0822928161945
			57.2396402511603	-47.0822928161945
			57.1998075161212	-47.0822928161945
			57.1599747810821	-47.0822928161945
			57.1201420460431	-47.0822928161945
			57.080309311004	-47.0822928161945
			57.0404765759649	-47.0822928161945
			57.0006438409258	-47.0822928161945
			56.9608111058867	-47.0822928161945
			56.9209783708477	-47.0822928161945
			56.8811456358086	-47.0822928161945
			56.8413129007695	-47.0822928161945
			56.8014801657304	-47.0822928161945
			56.7616474306913	-47.0822928161945
			56.7218146956522	-47.0822928161945
			56.6819819606132	-47.0822928161945
			56.6421492255741	-47.0424600811554
			56.602316490535	-47.0424600811554
			56.5624837554959	-47.0424600811554
			56.5226510204568	-47.0424600811554
			56.4828182854178	-47.0424600811554
			56.4429855503787	-47.0424600811554
			56.4031528153396	-47.0424600811554
			56.3633200803005	-47.0424600811554
			56.3234873452614	-47.0424600811554
			56.2836546102223	-47.0424600811554
			56.2438218751833	-47.0424600811554
			56.2039891401442	-47.0424600811554
			56.1641564051051	-47.0424600811554
			56.124323670066	-47.0026273461163
			56.0844909350269	-47.0026273461163
			56.0446581999879	-47.0026273461163
			56.0048254649488	-47.0026273461163
			55.9649927299097	-47.0026273461163
			55.9251599948706	-47.0026273461163
			55.8853272598315	-47.0026273461163
			55.8454945247924	-47.0026273461163
			55.8056617897534	-47.0026273461163
			55.8056617897534	-46.9627946110772
			55.7658290547143	-46.9627946110772
			55.7259963196752	-46.9627946110772
			55.6861635846361	-46.9627946110772
			55.646330849597	-46.9627946110772
			55.606498114558	-46.9627946110772
			55.5666653795189	-46.9627946110772
			55.5268326444798	-46.9627946110772
			55.4869999094407	-46.9627946110772
			55.4869999094407	-46.9229618760382
			55.4471671744016	-46.9229618760382
			55.4073344393626	-46.9229618760382
			55.3675017043235	-46.9229618760382
			55.3276689692844	-46.9229618760382
			55.2878362342453	-46.9229618760382
			55.2480034992062	-46.9229618760382
			55.2081707641671	-46.8831291409991
			55.1683380291281	-46.8831291409991
			55.128505294089	-46.8831291409991
			55.0886725590499	-46.8831291409991
			55.0488398240108	-46.8831291409991
			55.0090070889717	-46.8831291409991
			54.9691743539327	-46.84329640596
			54.9293416188936	-46.84329640596
			54.8895088838545	-46.84329640596
			54.8496761488154	-46.84329640596
			54.8098434137763	-46.84329640596
			54.7700106787373	-46.8034636709209
			54.7301779436982	-46.8034636709209
			54.6903452086591	-46.8034636709209
			54.65051247362	-46.8034636709209
			54.6106797385809	-46.8034636709209
			54.5708470035418	-46.8034636709209
			54.5310142685028	-46.8034636709209
			54.4911815334637	-46.8034636709209
			54.4513487984246	-46.8034636709209
			54.4115160633855	-46.8034636709209
			54.3716833283464	-46.8034636709209
			54.3318505933074	-46.8034636709209
			54.2920178582683	-46.8034636709209
			54.2521851232292	-46.8034636709209
			54.2123523881901	-46.8034636709209
			54.172519653151	-46.8034636709209
			54.1326869181119	-46.8034636709209
			54.0928541830729	-46.84329640596
			54.0530214480338	-46.84329640596
			54.0131887129947	-46.84329640596
			53.9733559779556	-46.84329640596
			53.9335232429165	-46.84329640596
			53.8936905078775	-46.84329640596
			53.8538577728384	-46.84329640596
			53.8140250377993	-46.84329640596
			53.7741923027602	-46.84329640596
			53.7343595677211	-46.84329640596
			53.694526832682	-46.84329640596
			53.654694097643	-46.84329640596
			53.6148613626039	-46.84329640596
			53.5750286275648	-46.84329640596
			53.5351958925257	-46.84329640596
			53.4953631574866	-46.84329640596
			53.4555304224476	-46.84329640596
			53.4156976874085	-46.84329640596
			53.3758649523694	-46.84329640596
			53.3360322173303	-46.84329640596
			53.2961994822912	-46.84329640596
			53.2563667472521	-46.84329640596
			53.2165340122131	-46.84329640596
			53.176701277174	-46.84329640596
			53.1368685421349	-46.84329640596
			53.0970358070958	-46.84329640596
			53.0572030720567	-46.84329640596
			53.0173703370177	-46.84329640596
			52.9775376019786	-46.84329640596
			52.9377048669395	-46.84329640596
			52.8978721319004	-46.84329640596
			52.8580393968613	-46.84329640596
			52.8182066618222	-46.84329640596
			52.7783739267832	-46.84329640596
			52.7385411917441	-46.84329640596
			52.698708456705	-46.84329640596
			52.6588757216659	-46.84329640596
			52.6190429866268	-46.84329640596
			52.5792102515878	-46.84329640596
			52.5393775165487	-46.84329640596
			52.4995447815096	-46.84329640596
			52.4597120464705	-46.8831291409991
			52.4198793114314	-46.8831291409991
			52.3800465763924	-46.8831291409991
			52.3402138413533	-46.8831291409991
			52.3003811063142	-46.8831291409991
			52.2605483712751	-46.8831291409991
			52.220715636236	-46.8831291409991
			52.1808829011969	-46.8831291409991
			52.1410501661579	-46.8831291409991
			52.1012174311188	-46.8831291409991
			52.0613846960797	-46.8831291409991
			52.0215519610406	-46.8831291409991
			51.9817192260015	-46.8831291409991
			51.9418864909625	-46.8831291409991
			51.9020537559234	-46.8831291409991
			51.8622210208843	-46.8831291409991
			51.8223882858452	-46.8831291409991
			51.7825555508061	-46.8831291409991
			51.742722815767	-46.8831291409991
			51.702890080728	-46.8831291409991
			51.6630573456889	-46.8831291409991
			51.6232246106498	-46.8831291409991
			51.5833918756107	-46.8831291409991
			51.5435591405716	-46.8831291409991
			51.5037264055326	-46.8831291409991
			51.4638936704935	-46.8831291409991
			51.4240609354544	-46.8831291409991
			51.3842282004153	-46.8831291409991
			51.3443954653762	-46.8831291409991
			51.3045627303371	-46.8831291409991
			51.2647299952981	-46.8831291409991
			51.224897260259	-46.8831291409991
			51.1850645252199	-46.8831291409991
			51.1452317901808	-46.8831291409991
			51.1053990551417	-46.8831291409991
			51.0655663201027	-46.8831291409991
			51.0257335850636	-46.8831291409991
			50.9859008500245	-46.8831291409991
			50.9460681149854	-46.8831291409991
			50.9062353799463	-46.8831291409991
			50.8664026449072	-46.8831291409991
			50.8265699098682	-46.8831291409991
			50.7867371748291	-46.8831291409991
			50.74690443979	-46.8831291409991
			50.7070717047509	-46.8831291409991
			50.6672389697118	-46.8831291409991
			50.6274062346728	-46.8831291409991
			50.5875734996337	-46.8831291409991
			50.5477407645946	-46.8831291409991
			50.5079080295555	-46.8831291409991
			50.4680752945164	-46.8831291409991
			50.4282425594773	-46.8831291409991
			50.3884098244383	-46.8831291409991
			50.3485770893992	-46.8831291409991
			50.3087443543601	-46.8831291409991
			50.268911619321	-46.8831291409991
			50.2290788842819	-46.8831291409991
			50.1892461492429	-46.8831291409991
			50.1494134142038	-46.8831291409991
			50.1095806791647	-46.8831291409991
			50.0697479441256	-46.8831291409991
			50.0299152090865	-46.8831291409991
			49.9900824740475	-46.8831291409991
			49.9502497390084	-46.8831291409991
			49.9104170039693	-46.8831291409991
			49.8705842689302	-46.8831291409991
			49.8307515338911	-46.8831291409991
			49.8307515338911	-46.84329640596
			49.790918798852	-46.84329640596
			49.751086063813	-46.84329640596
			49.7112533287739	-46.84329640596
			49.6714205937348	-46.84329640596
			49.6315878586957	-46.84329640596
			49.5917551236566	-46.84329640596
			49.5519223886176	-46.84329640596
			49.5120896535785	-46.84329640596
			49.4722569185394	-46.84329640596
			49.4324241835003	-46.84329640596
			49.3925914484612	-46.84329640596
			49.3527587134221	-46.84329640596
			49.3129259783831	-46.84329640596
			49.273093243344	-46.84329640596
			49.2332605083049	-46.84329640596
			49.1934277732658	-46.84329640596
			49.1535950382267	-46.84329640596
			49.1137623031877	-46.84329640596
			49.0739295681486	-46.84329640596
			49.0340968331095	-46.84329640596
			48.9942640980704	-46.84329640596
			48.9544313630313	-46.84329640596
			48.9145986279922	-46.84329640596
			48.8747658929532	-46.84329640596
			48.8349331579141	-46.84329640596
			48.795100422875	-46.84329640596
			48.7552676878359	-46.84329640596
			48.7154349527968	-46.84329640596
			48.6756022177578	-46.84329640596
			48.6357694827187	-46.84329640596
			48.5959367476796	-46.84329640596
			48.5561040126405	-46.84329640596
			48.5162712776014	-46.84329640596
			48.4764385425623	-46.84329640596
			48.4366058075233	-46.8034636709209
			48.3967730724842	-46.8034636709209
			48.3569403374451	-46.8034636709209
			48.317107602406	-46.8034636709209
			48.2772748673669	-46.8034636709209
			48.2374421323279	-46.8034636709209
			48.1976093972888	-46.8034636709209
			48.1577766622497	-46.8034636709209
			48.1179439272106	-46.8034636709209
			48.0781111921715	-46.8034636709209
			48.0382784571324	-46.8034636709209
			47.9984457220934	-46.8034636709209
			47.9586129870543	-46.8034636709209
			47.9187802520152	-46.8034636709209
			47.8789475169761	-46.8034636709209
			47.839114781937	-46.8034636709209
			47.799282046898	-46.8034636709209
			47.7594493118589	-46.8034636709209
			47.7196165768198	-46.8034636709209
			47.6797838417807	-46.8034636709209
			47.6399511067416	-46.8034636709209
			47.6001183717026	-46.7636309358818
			47.5602856366635	-46.7636309358818
			47.5204529016244	-46.7636309358818
			47.4806201665853	-46.7636309358818
			47.4407874315462	-46.7636309358818
			47.4009546965071	-46.7636309358818
			47.3611219614681	-46.7636309358818
			47.321289226429	-46.7636309358818
			47.2814564913899	-46.7636309358818
			47.2416237563508	-46.7636309358818
			47.2017910213117	-46.7636309358818
			47.1619582862727	-46.7636309358818
			47.1221255512336	-46.7636309358818
			47.0822928161945	-46.7636309358818
			47.0424600811554	-46.7636309358818
			47.0026273461163	-46.8034636709209
			46.9627946110772	-46.8034636709209
			46.9229618760382	-46.8034636709209
			46.8831291409991	-46.8034636709209
			46.84329640596	-46.8034636709209
			46.8034636709209	-46.8034636709209
			46.7636309358818	-46.8034636709209
			46.7237982008428	-46.8034636709209
			46.6839654658037	-46.8034636709209
			46.6441327307646	-46.8034636709209
			46.6042999957255	-46.8034636709209
			46.5644672606864	-46.8034636709209
			46.5246345256474	-46.8034636709209
			46.4848017906083	-46.84329640596
			46.4449690555692	-46.84329640596
			46.4051363205301	-46.84329640596
			46.365303585491	-46.84329640596
			46.3254708504519	-46.84329640596
			46.2856381154129	-46.84329640596
			46.2458053803738	-46.84329640596
			46.2059726453347	-46.84329640596
			46.1661399102956	-46.84329640596
			46.1263071752565	-46.84329640596
			46.0864744402175	-46.84329640596
			46.0466417051784	-46.84329640596
			46.0068089701393	-46.84329640596
			45.9669762351002	-46.84329640596
			45.9271435000611	-46.84329640596
			45.887310765022	-46.84329640596
			45.887310765022	-46.8831291409991
			45.847478029983	-46.8831291409991
			45.8076452949439	-46.8831291409991
			45.7678125599048	-46.8831291409991
			45.7279798248657	-46.8831291409991
			45.6881470898266	-46.8831291409991
			45.6483143547876	-46.8831291409991
			45.6084816197485	-46.8831291409991
			45.5686488847094	-46.8831291409991
			45.5288161496703	-46.8831291409991
			45.4889834146312	-46.8831291409991
			45.4491506795921	-46.8831291409991
			45.4093179445531	-46.8831291409991
			45.369485209514	-46.8831291409991
			45.3296524744749	-46.8831291409991
			45.2898197394358	-46.8831291409991
			45.2499870043967	-46.8831291409991
			45.2101542693577	-46.8831291409991
			45.1703215343186	-46.8831291409991
			45.1304887992795	-46.8831291409991
			45.0906560642404	-46.8831291409991
			45.0508233292013	-46.8831291409991
			45.0109905941622	-46.8831291409991
			44.9711578591232	-46.9229618760382
			44.9313251240841	-46.9229618760382
			44.891492389045	-46.9229618760382
			44.8516596540059	-46.9229618760382
			44.8118269189668	-46.9229618760382
			44.7719941839278	-46.9229618760382
			44.7321614488887	-46.9229618760382
			44.6923287138496	-46.9229618760382
			44.6524959788105	-46.9229618760382
			44.6126632437714	-46.9229618760382
			44.5728305087324	-46.9229618760382
			44.5329977736933	-46.9229618760382
			44.4931650386542	-46.9229618760382
			44.4533323036151	-46.9229618760382
			44.413499568576	-46.9229618760382
			44.3736668335369	-46.9229618760382
			44.3338340984979	-46.9229618760382
			44.2940013634588	-46.9229618760382
			44.2541686284197	-46.9229618760382
			44.2143358933806	-46.9229618760382
			44.1745031583415	-46.9229618760382
			44.1346704233025	-46.9229618760382
			44.0948376882634	-46.9229618760382
			44.0550049532243	-46.9229618760382
			44.0151722181852	-46.9229618760382
			43.9753394831461	-46.9229618760382
			43.935506748107	-46.9229618760382
			43.895674013068	-46.9229618760382
			43.8558412780289	-46.9229618760382
			43.8160085429898	-46.9229618760382
			43.7761758079507	-46.9229618760382
			43.7363430729116	-46.9229618760382
			43.6965103378726	-46.9229618760382
			43.6566776028335	-46.9229618760382
			43.6168448677944	-46.9229618760382
			43.5770121327553	-46.9229618760382
			43.5371793977162	-46.9229618760382
			43.4973466626771	-46.9229618760382
			43.4575139276381	-46.9229618760382
			43.417681192599	-46.9229618760382
			43.3778484575599	-46.9229618760382
			43.3380157225208	-46.9229618760382
			43.2981829874817	-46.9229618760382
			43.2583502524427	-46.9229618760382
			43.2185175174036	-46.9229618760382
			43.1786847823645	-46.9229618760382
			43.1388520473254	-46.9229618760382
			43.0990193122863	-46.9229618760382
			43.0591865772472	-46.9229618760382
			43.0193538422082	-46.9229618760382
			42.9795211071691	-46.9229618760382
			42.93968837213	-46.9229618760382
			42.8998556370909	-46.9229618760382
			42.8600229020518	-46.9229618760382
			42.8201901670128	-46.9229618760382
			42.7803574319737	-46.9229618760382
			42.7405246969346	-46.9229618760382
			42.7006919618955	-46.9229618760382
			42.6608592268564	-46.9229618760382
			42.6210264918173	-46.9229618760382
			42.5811937567783	-46.9229618760382
			42.5413610217392	-46.9229618760382
			42.5015282867001	-46.9229618760382
			42.461695551661	-46.9229618760382
			42.4218628166219	-46.9229618760382
			42.3820300815829	-46.9229618760382
			42.3421973465438	-46.9229618760382
			42.3023646115047	-46.9229618760382
			42.2625318764656	-46.8831291409991
			42.2226991414265	-46.8831291409991
			42.1828664063875	-46.8831291409991
			42.1430336713484	-46.8831291409991
			42.1032009363093	-46.8831291409991
			42.0633682012702	-46.8831291409991
			42.0235354662311	-46.8831291409991
			41.983702731192	-46.8831291409991
			41.943869996153	-46.8831291409991
			41.9040372611139	-46.8831291409991
			41.8642045260748	-46.8831291409991
			41.8243717910357	-46.8831291409991
			41.7845390559966	-46.8831291409991
			41.7447063209576	-46.8831291409991
			41.7048735859185	-46.8831291409991
			41.6650408508794	-46.8831291409991
			41.6252081158403	-46.8831291409991
			41.5853753808012	-46.8831291409991
			41.5455426457621	-46.8831291409991
			41.5057099107231	-46.8831291409991
			41.465877175684	-46.8831291409991
			41.4260444406449	-46.8831291409991
			41.3862117056058	-46.84329640596
			41.3463789705667	-46.84329640596
			41.3065462355277	-46.84329640596
			41.2667135004886	-46.84329640596
			41.2268807654495	-46.84329640596
			41.1870480304104	-46.84329640596
			41.1472152953713	-46.84329640596
			41.1073825603322	-46.84329640596
			41.0675498252932	-46.84329640596
			41.0277170902541	-46.84329640596
			40.987884355215	-46.84329640596
			40.9480516201759	-46.84329640596
			40.9082188851368	-46.84329640596
			40.8683861500978	-46.84329640596
			40.8285534150587	-46.84329640596
			40.7887206800196	-46.84329640596
			40.7488879449805	-46.84329640596
			40.7090552099414	-46.84329640596
			40.6692224749023	-46.84329640596
			40.6293897398633	-46.84329640596
			40.5895570048242	-46.84329640596
			40.5497242697851	-46.84329640596
			40.509891534746	-46.84329640596
			40.4700587997069	-46.84329640596
			40.4302260646679	-46.84329640596
			40.3903933296288	-46.84329640596
			40.3505605945897	-46.84329640596
			40.3107278595506	-46.84329640596
			40.2708951245115	-46.84329640596
			40.2310623894724	-46.84329640596
			40.1912296544334	-46.84329640596
			40.1513969193943	-46.84329640596
			40.1115641843552	-46.84329640596
			40.0717314493161	-46.8034636709209
			40.031898714277	-46.8034636709209
			39.992065979238	-46.8034636709209
			39.9522332441989	-46.8034636709209
			39.9124005091598	-46.8034636709209
			39.8725677741207	-46.8034636709209
			39.8327350390816	-46.8034636709209
			39.7929023040426	-46.8034636709209
			39.7530695690035	-46.8034636709209
			39.7132368339644	-46.8034636709209
			39.6734040989253	-46.8034636709209
			39.6335713638862	-46.8034636709209
			39.5937386288471	-46.8034636709209
			39.5539058938081	-46.8034636709209
			39.514073158769	-46.8034636709209
			39.4742404237299	-46.7636309358818
			39.4344076886908	-46.7636309358818
			39.3945749536517	-46.7636309358818
			39.3547422186127	-46.7636309358818
			39.3149094835736	-46.7636309358818
			39.2750767485345	-46.7636309358818
			39.2352440134954	-46.7636309358818
			39.1954112784563	-46.7636309358818
			39.1555785434172	-46.7636309358818
			39.1157458083782	-46.7636309358818
			39.0759130733391	-46.7237982008428
			39.0360803383	-46.7237982008428
			38.9962476032609	-46.7237982008428
			38.9564148682218	-46.7237982008428
			38.9165821331828	-46.7237982008428
			38.8767493981437	-46.7237982008428
			38.8369166631046	-46.6839654658037
			38.7970839280655	-46.6839654658037
			38.7572511930264	-46.6839654658037
			38.7174184579873	-46.6839654658037
			38.6775857229483	-46.6839654658037
			38.6377529879092	-46.6839654658037
			38.5979202528701	-46.6441327307646
			38.558087517831	-46.6441327307646
			38.5182547827919	-46.6441327307646
		</c2>
	</curves.scaled>
	<ruler.points type=matrix rownames=TRUE colnames=FALSE nrow=2 ncol=2 as.numeric=TRUE >
		Ruler point 1	2049	262
		Ruler point 2	2300	257
	</ruler.points>
</shapes>

