<shapes type=list>
	<ruler.pixel type=vector names=FALSE length=1 as.numeric=TRUE >255.017646448241</ruler.pixel>
	<ruler.interval type=vector names=FALSE length=1 as.numeric=TRUE >10</ruler.interval>
	<scaling.units type=vector names=FALSE length=1 as.numeric=FALSE >undefined</scaling.units>
	<scaling type=vector names=FALSE length=1 as.numeric=TRUE >0.0392129726678723</scaling>
	<landmarks.pixel type=matrix rownames=TRUE colnames=FALSE nrow=2 ncol=2 as.numeric=TRUE >
		LM1	921	1169
		LM2	1693	1169
	</landmarks.pixel>
	<landmarks.scaled type=matrix rownames=TRUE colnames=FALSE nrow=2 ncol=2 as.numeric=TRUE >
		LM1	36.1151478271104	-45.8399650487427
		LM2	66.3875627267078	-45.8399650487427
	</landmarks.scaled>
	<curves.control type=list>
		<c1 type=matrix rownames=FALSE colnames=FALSE nrow=13 ncol=2 as.numeric=TRUE >
			921	1169
			915	1154
			1016	1105
			1134	1063
			1232	1014
			1314	994
			1358	988
			1402	973
			1416	997
			1467	1022
			1538	1067
			1644	1126
			1693	1169
		</c1>
		<c2 type=matrix rownames=FALSE colnames=FALSE nrow=29 ncol=2 as.numeric=TRUE >
			1693	1169
			1680	1170
			1665	1167
			1656	1188
			1621	1159
			1604	1185
			1574	1170
			1549	1191
			1515	1169
			1485	1186
			1454	1172
			1419	1189
			1380	1162
			1364	1175
			1322	1167
			1279	1184
			1250	1164
			1216	1182
			1194	1171
			1148	1183
			1123	1166
			1087	1189
			1050	1169
			974	1185
			978	1165
			950	1183
			941	1166
			926	1169
			921	1169
		</c2>
	</curves.control>
	<curves.pixel type=list>
		<c1 type=matrix rownames=FALSE colnames=FALSE nrow=831 ncol=2 as.numeric=TRUE >
			921	1169
			921	1168
			921	1167
			921	1166
			921	1165
			921	1164
			922	1163
			923	1162
			924	1161
			924	1160
			925	1159
			926	1158
			927	1157
			928	1156
			929	1155
			930	1154
			931	1153
			932	1153
			933	1152
			933	1151
			934	1151
			935	1150
			936	1149
			937	1149
			938	1148
			939	1147
			940	1146
			941	1146
			942	1146
			942	1145
			943	1145
			944	1144
			945	1144
			945	1143
			946	1143
			947	1142
			948	1142
			948	1141
			949	1141
			950	1140
			951	1140
			951	1139
			952	1139
			953	1138
			954	1138
			955	1137
			956	1137
			957	1136
			958	1135
			959	1135
			960	1134
			961	1134
			961	1133
			962	1133
			963	1133
			964	1132
			965	1131
			966	1131
			967	1130
			968	1130
			969	1129
			970	1129
			971	1128
			972	1128
			973	1127
			974	1127
			974	1126
			975	1126
			976	1125
			977	1125
			978	1124
			979	1124
			980	1123
			981	1123
			982	1122
			983	1121
			984	1121
			985	1120
			986	1120
			987	1119
			988	1119
			989	1118
			990	1118
			991	1118
			991	1117
			992	1117
			993	1117
			993	1116
			994	1116
			995	1116
			995	1115
			996	1115
			997	1115
			997	1114
			998	1114
			999	1114
			999	1113
			1000	1113
			1001	1113
			1001	1112
			1002	1112
			1003	1112
			1003	1111
			1004	1111
			1005	1110
			1006	1110
			1007	1109
			1008	1109
			1009	1108
			1010	1108
			1011	1107
			1012	1107
			1013	1107
			1014	1106
			1015	1105
			1016	1105
			1017	1105
			1018	1104
			1019	1104
			1020	1104
			1021	1103
			1022	1103
			1023	1103
			1024	1102
			1025	1102
			1026	1101
			1027	1101
			1028	1101
			1029	1100
			1030	1100
			1031	1100
			1032	1099
			1033	1099
			1034	1098
			1035	1098
			1036	1098
			1037	1097
			1038	1097
			1039	1097
			1040	1096
			1041	1096
			1042	1096
			1043	1095
			1044	1095
			1045	1094
			1046	1094
			1047	1094
			1048	1093
			1049	1093
			1050	1093
			1051	1092
			1052	1092
			1053	1092
			1053	1091
			1054	1091
			1055	1091
			1056	1090
			1057	1090
			1058	1090
			1059	1089
			1060	1089
			1061	1088
			1062	1088
			1063	1088
			1064	1087
			1065	1087
			1066	1087
			1067	1086
			1068	1086
			1069	1085
			1070	1085
			1071	1085
			1072	1084
			1073	1084
			1074	1083
			1075	1083
			1076	1083
			1077	1082
			1078	1082
			1079	1081
			1080	1081
			1081	1081
			1082	1080
			1083	1080
			1084	1080
			1085	1079
			1086	1079
			1087	1078
			1088	1078
			1089	1078
			1090	1077
			1091	1077
			1092	1077
			1092	1076
			1093	1076
			1094	1075
			1095	1075
			1096	1075
			1097	1074
			1098	1074
			1099	1074
			1100	1073
			1101	1073
			1102	1072
			1103	1072
			1104	1072
			1105	1071
			1106	1071
			1107	1070
			1108	1070
			1109	1070
			1109	1069
			1110	1069
			1111	1069
			1112	1068
			1113	1068
			1114	1067
			1115	1067
			1116	1067
			1117	1066
			1118	1066
			1119	1065
			1120	1065
			1121	1065
			1122	1064
			1123	1064
			1124	1064
			1124	1063
			1125	1063
			1126	1062
			1127	1062
			1128	1062
			1129	1061
			1130	1061
			1131	1060
			1132	1060
			1133	1060
			1134	1059
			1135	1059
			1136	1058
			1137	1058
			1138	1057
			1139	1057
			1140	1057
			1140	1056
			1141	1056
			1142	1056
			1143	1055
			1144	1055
			1145	1054
			1146	1054
			1147	1054
			1148	1053
			1149	1053
			1150	1052
			1151	1052
			1152	1051
			1153	1051
			1154	1051
			1155	1050
			1156	1050
			1157	1049
			1158	1049
			1159	1048
			1160	1048
			1161	1048
			1161	1047
			1162	1047
			1163	1047
			1163	1046
			1164	1046
			1165	1046
			1165	1045
			1166	1045
			1167	1045
			1168	1044
			1169	1044
			1170	1043
			1171	1043
			1172	1043
			1173	1042
			1174	1042
			1175	1041
			1176	1041
			1177	1040
			1178	1040
			1179	1039
			1180	1039
			1181	1038
			1182	1038
			1183	1038
			1184	1037
			1185	1037
			1186	1036
			1187	1036
			1187	1035
			1188	1035
			1189	1035
			1190	1034
			1191	1034
			1192	1033
			1193	1033
			1194	1032
			1195	1032
			1196	1031
			1197	1031
			1198	1031
			1199	1030
			1200	1030
			1201	1029
			1202	1029
			1202	1028
			1203	1028
			1204	1028
			1205	1027
			1206	1027
			1207	1026
			1208	1026
			1209	1025
			1210	1025
			1211	1024
			1212	1024
			1213	1024
			1214	1023
			1215	1022
			1216	1022
			1217	1021
			1218	1021
			1219	1020
			1220	1020
			1221	1019
			1222	1019
			1223	1019
			1224	1018
			1225	1017
			1226	1017
			1227	1016
			1228	1016
			1229	1016
			1230	1015
			1231	1015
			1232	1014
			1233	1014
			1234	1013
			1235	1013
			1236	1013
			1237	1013
			1238	1013
			1239	1012
			1240	1012
			1241	1012
			1242	1011
			1243	1011
			1244	1011
			1245	1011
			1246	1011
			1247	1010
			1248	1010
			1249	1010
			1250	1010
			1251	1009
			1252	1009
			1253	1009
			1254	1009
			1255	1009
			1256	1008
			1257	1008
			1258	1008
			1259	1007
			1260	1007
			1261	1007
			1262	1007
			1263	1007
			1264	1006
			1265	1006
			1266	1006
			1267	1006
			1268	1006
			1268	1005
			1269	1005
			1270	1005
			1271	1005
			1272	1005
			1273	1004
			1274	1004
			1275	1004
			1276	1004
			1277	1003
			1278	1003
			1279	1003
			1280	1003
			1281	1002
			1282	1002
			1283	1002
			1284	1002
			1285	1002
			1286	1001
			1287	1001
			1288	1001
			1289	1001
			1290	1001
			1291	1000
			1292	1000
			1293	1000
			1294	1000
			1295	1000
			1296	999
			1297	999
			1298	999
			1299	999
			1300	998
			1301	998
			1302	998
			1303	998
			1304	998
			1305	997
			1306	997
			1307	997
			1308	997
			1309	997
			1310	996
			1311	996
			1312	996
			1313	996
			1314	996
			1314	995
			1315	995
			1316	995
			1317	995
			1318	995
			1319	995
			1320	994
			1321	994
			1322	994
			1323	994
			1324	994
			1325	993
			1326	993
			1327	993
			1328	993
			1329	993
			1330	992
			1331	992
			1332	992
			1333	992
			1334	992
			1335	992
			1336	991
			1337	991
			1338	991
			1339	991
			1340	991
			1341	991
			1342	990
			1343	990
			1344	990
			1345	990
			1346	990
			1347	990
			1348	989
			1349	989
			1350	989
			1351	989
			1352	989
			1353	989
			1354	988
			1355	988
			1356	988
			1357	988
			1358	988
			1359	988
			1360	987
			1361	987
			1362	987
			1363	986
			1364	986
			1365	986
			1366	986
			1367	985
			1368	985
			1369	985
			1370	984
			1371	984
			1372	984
			1373	984
			1374	984
			1375	983
			1376	983
			1377	983
			1378	983
			1379	983
			1380	983
			1381	983
			1382	982
			1383	982
			1384	982
			1385	982
			1386	982
			1387	982
			1388	982
			1389	982
			1390	982
			1391	982
			1392	982
			1393	983
			1394	983
			1395	983
			1396	983
			1397	983
			1398	983
			1399	984
			1400	984
			1401	984
			1402	985
			1403	985
			1404	986
			1405	986
			1406	987
			1407	987
			1407	988
			1408	988
			1409	989
			1410	989
			1411	990
			1411	991
			1412	991
			1413	992
			1413	993
			1414	994
			1414	995
			1415	995
			1416	996
			1417	997
			1418	998
			1419	999
			1420	999
			1421	999
			1421	1000
			1422	1000
			1423	1000
			1423	1001
			1424	1001
			1425	1001
			1426	1002
			1427	1003
			1428	1003
			1429	1003
			1430	1004
			1431	1004
			1431	1005
			1432	1005
			1433	1006
			1434	1006
			1435	1007
			1436	1007
			1437	1008
			1438	1008
			1439	1009
			1440	1009
			1441	1010
			1442	1011
			1443	1011
			1444	1011
			1445	1012
			1446	1013
			1447	1013
			1448	1014
			1449	1014
			1450	1015
			1451	1015
			1452	1016
			1453	1016
			1454	1017
			1455	1017
			1456	1018
			1457	1019
			1458	1019
			1459	1020
			1460	1020
			1461	1021
			1462	1021
			1463	1022
			1464	1023
			1465	1023
			1466	1024
			1467	1024
			1468	1025
			1469	1025
			1470	1026
			1471	1027
			1472	1027
			1473	1028
			1474	1028
			1475	1029
			1476	1029
			1477	1030
			1478	1030
			1479	1031
			1480	1031
			1480	1032
			1481	1032
			1482	1033
			1483	1033
			1483	1034
			1484	1034
			1485	1035
			1486	1035
			1487	1036
			1488	1036
			1489	1037
			1490	1038
			1491	1038
			1492	1039
			1493	1039
			1494	1040
			1495	1040
			1496	1041
			1497	1042
			1498	1042
			1499	1043
			1500	1043
			1501	1044
			1502	1044
			1502	1045
			1503	1046
			1504	1046
			1505	1047
			1506	1047
			1507	1048
			1508	1049
			1509	1049
			1510	1050
			1511	1050
			1512	1051
			1513	1052
			1514	1052
			1515	1053
			1516	1053
			1517	1054
			1518	1055
			1519	1055
			1520	1056
			1521	1057
			1522	1057
			1523	1058
			1524	1058
			1525	1059
			1526	1060
			1527	1060
			1528	1061
			1529	1062
			1530	1062
			1531	1063
			1532	1063
			1533	1064
			1534	1065
			1535	1065
			1536	1066
			1537	1066
			1538	1067
			1539	1067
			1540	1068
			1541	1069
			1542	1069
			1543	1070
			1544	1070
			1545	1071
			1546	1072
			1547	1072
			1548	1072
			1548	1073
			1549	1073
			1550	1074
			1551	1074
			1552	1075
			1553	1076
			1554	1076
			1555	1076
			1555	1077
			1556	1077
			1557	1078
			1558	1078
			1559	1079
			1560	1079
			1561	1080
			1562	1081
			1563	1081
			1564	1082
			1565	1082
			1566	1083
			1567	1084
			1568	1084
			1569	1085
			1570	1085
			1571	1086
			1572	1086
			1573	1087
			1574	1088
			1575	1088
			1576	1088
			1576	1089
			1577	1089
			1578	1090
			1579	1090
			1579	1091
			1580	1091
			1581	1092
			1582	1092
			1583	1093
			1584	1093
			1585	1094
			1586	1094
			1587	1095
			1588	1096
			1589	1097
			1590	1097
			1591	1098
			1592	1099
			1593	1099
			1594	1100
			1595	1100
			1596	1100
			1596	1101
			1597	1101
			1598	1102
			1599	1102
			1600	1103
			1601	1104
			1602	1105
			1603	1105
			1604	1105
			1604	1106
			1605	1106
			1606	1107
			1607	1107
			1607	1108
			1608	1108
			1609	1109
			1610	1109
			1611	1110
			1612	1111
			1613	1111
			1614	1112
			1615	1112
			1616	1113
			1617	1114
			1618	1114
			1619	1115
			1620	1116
			1621	1116
			1622	1117
			1623	1118
			1624	1118
			1625	1119
			1626	1119
			1627	1120
			1628	1121
			1629	1121
			1629	1122
			1630	1122
			1631	1123
			1632	1124
			1633	1124
			1634	1125
			1635	1125
			1636	1126
			1637	1127
			1638	1127
			1638	1128
			1639	1128
			1640	1129
			1641	1130
			1642	1130
			1643	1131
			1644	1131
			1644	1132
			1645	1132
			1646	1133
			1647	1134
			1648	1134
			1649	1135
			1650	1135
			1650	1136
			1651	1137
			1652	1137
			1653	1138
			1654	1138
			1654	1139
			1655	1139
			1656	1140
			1657	1141
			1658	1141
			1658	1142
			1659	1142
			1660	1143
			1661	1143
			1661	1144
			1662	1144
			1663	1145
			1664	1146
			1665	1147
			1666	1147
			1667	1148
			1668	1149
			1669	1149
			1670	1150
			1670	1151
			1671	1151
			1672	1152
			1673	1153
			1674	1153
			1675	1154
			1676	1155
			1677	1156
			1678	1157
			1679	1157
			1680	1158
			1681	1159
			1682	1160
			1683	1160
			1684	1161
			1685	1162
			1686	1163
			1687	1163
			1687	1164
			1688	1165
			1689	1166
			1690	1166
			1691	1167
			1692	1168
			1693	1169
		</c1>
		<c2 type=matrix rownames=FALSE colnames=FALSE nrow=800 ncol=2 as.numeric=TRUE >
			1693	1169
			1692	1169
			1691	1169
			1690	1169
			1689	1169
			1688	1169
			1687	1169
			1686	1169
			1685	1169
			1684	1169
			1683	1169
			1682	1169
			1681	1169
			1680	1169
			1679	1169
			1678	1169
			1677	1169
			1676	1169
			1675	1169
			1674	1168
			1673	1168
			1672	1168
			1671	1168
			1670	1168
			1669	1168
			1668	1168
			1667	1167
			1666	1167
			1665	1168
			1664	1169
			1663	1170
			1662	1171
			1662	1172
			1661	1173
			1660	1174
			1659	1174
			1658	1175
			1657	1175
			1656	1175
			1655	1176
			1654	1176
			1653	1176
			1652	1176
			1651	1176
			1650	1176
			1649	1175
			1648	1175
			1647	1175
			1646	1175
			1645	1174
			1644	1174
			1643	1173
			1642	1173
			1641	1173
			1640	1172
			1639	1172
			1638	1171
			1637	1170
			1636	1170
			1635	1169
			1634	1168
			1633	1168
			1632	1167
			1631	1167
			1631	1166
			1630	1166
			1629	1165
			1628	1164
			1627	1164
			1626	1163
			1625	1162
			1624	1162
			1623	1161
			1623	1160
			1622	1160
			1621	1159
			1620	1160
			1620	1161
			1619	1162
			1618	1163
			1617	1164
			1616	1165
			1615	1166
			1614	1167
			1613	1168
			1612	1169
			1611	1170
			1610	1171
			1609	1171
			1608	1172
			1607	1173
			1606	1173
			1605	1173
			1605	1174
			1604	1174
			1603	1174
			1602	1174
			1602	1175
			1601	1175
			1600	1175
			1599	1175
			1598	1175
			1597	1175
			1596	1175
			1595	1175
			1594	1175
			1593	1175
			1592	1175
			1591	1175
			1590	1175
			1589	1175
			1588	1175
			1587	1175
			1586	1175
			1585	1174
			1584	1174
			1583	1174
			1582	1173
			1581	1173
			1580	1173
			1579	1172
			1578	1172
			1577	1171
			1576	1171
			1575	1171
			1575	1170
			1574	1170
			1573	1171
			1572	1171
			1571	1172
			1570	1173
			1569	1174
			1568	1175
			1567	1175
			1566	1175
			1565	1176
			1564	1177
			1563	1177
			1562	1177
			1561	1178
			1560	1178
			1559	1179
			1558	1179
			1557	1179
			1556	1179
			1555	1180
			1554	1180
			1553	1180
			1552	1180
			1551	1180
			1550	1180
			1549	1180
			1548	1180
			1547	1180
			1546	1180
			1545	1180
			1544	1180
			1543	1180
			1542	1180
			1541	1180
			1540	1180
			1539	1179
			1538	1179
			1537	1179
			1536	1179
			1535	1178
			1534	1178
			1533	1178
			1532	1178
			1531	1177
			1530	1177
			1529	1176
			1528	1176
			1527	1176
			1526	1175
			1525	1175
			1524	1174
			1523	1174
			1522	1173
			1521	1173
			1520	1172
			1519	1172
			1518	1171
			1517	1171
			1516	1170
			1515	1169
			1514	1170
			1513	1170
			1512	1171
			1511	1171
			1510	1171
			1510	1172
			1509	1172
			1508	1172
			1508	1173
			1507	1173
			1506	1173
			1505	1174
			1504	1174
			1503	1175
			1502	1175
			1501	1175
			1500	1175
			1500	1176
			1499	1176
			1498	1176
			1497	1176
			1497	1177
			1496	1177
			1495	1177
			1494	1177
			1493	1177
			1492	1177
			1491	1178
			1490	1178
			1489	1178
			1488	1178
			1487	1178
			1486	1178
			1485	1178
			1484	1178
			1483	1178
			1482	1178
			1481	1178
			1480	1178
			1479	1178
			1478	1178
			1477	1178
			1476	1178
			1475	1178
			1474	1178
			1473	1178
			1472	1177
			1471	1177
			1470	1177
			1469	1177
			1468	1177
			1467	1177
			1466	1176
			1465	1176
			1464	1176
			1463	1175
			1462	1175
			1461	1175
			1460	1174
			1459	1174
			1458	1174
			1457	1173
			1456	1173
			1455	1173
			1454	1172
			1453	1172
			1452	1173
			1451	1173
			1450	1174
			1449	1174
			1448	1175
			1447	1175
			1446	1175
			1445	1176
			1444	1176
			1443	1176
			1442	1177
			1441	1177
			1440	1177
			1439	1177
			1438	1177
			1437	1178
			1436	1178
			1435	1178
			1434	1178
			1433	1178
			1432	1178
			1431	1178
			1430	1178
			1429	1179
			1428	1179
			1427	1179
			1426	1179
			1425	1179
			1424	1179
			1423	1178
			1422	1178
			1421	1178
			1420	1178
			1419	1178
			1418	1178
			1417	1178
			1416	1178
			1415	1178
			1414	1177
			1413	1177
			1412	1177
			1411	1177
			1410	1176
			1409	1176
			1408	1176
			1407	1176
			1406	1175
			1405	1175
			1404	1175
			1403	1174
			1402	1174
			1401	1173
			1400	1173
			1399	1172
			1398	1172
			1397	1172
			1396	1171
			1395	1171
			1394	1170
			1393	1170
			1392	1169
			1391	1169
			1390	1168
			1389	1168
			1388	1167
			1387	1167
			1386	1166
			1385	1165
			1384	1165
			1383	1164
			1382	1164
			1381	1163
			1380	1162
			1379	1162
			1379	1163
			1378	1164
			1377	1164
			1376	1165
			1375	1165
			1374	1166
			1373	1166
			1372	1166
			1371	1167
			1370	1167
			1369	1168
			1368	1168
			1367	1168
			1366	1168
			1365	1169
			1364	1169
			1363	1169
			1362	1169
			1361	1169
			1360	1169
			1359	1170
			1358	1170
			1357	1170
			1356	1170
			1355	1170
			1354	1170
			1353	1170
			1352	1170
			1351	1170
			1350	1170
			1349	1170
			1348	1170
			1347	1170
			1346	1170
			1345	1170
			1344	1170
			1343	1170
			1342	1170
			1341	1170
			1340	1170
			1339	1169
			1338	1169
			1337	1169
			1336	1169
			1335	1169
			1334	1169
			1333	1169
			1332	1169
			1331	1169
			1330	1168
			1329	1168
			1328	1168
			1327	1168
			1326	1168
			1325	1167
			1324	1167
			1323	1167
			1322	1167
			1321	1167
			1321	1168
			1320	1168
			1319	1168
			1318	1168
			1317	1169
			1316	1169
			1315	1170
			1314	1170
			1313	1170
			1312	1170
			1312	1171
			1311	1171
			1310	1171
			1309	1171
			1308	1172
			1307	1172
			1306	1172
			1305	1172
			1304	1173
			1303	1173
			1302	1173
			1301	1173
			1300	1173
			1300	1174
			1299	1174
			1298	1174
			1297	1174
			1296	1174
			1295	1174
			1294	1174
			1293	1174
			1292	1175
			1291	1175
			1290	1175
			1289	1175
			1288	1175
			1287	1175
			1286	1175
			1285	1175
			1284	1175
			1283	1175
			1282	1175
			1281	1175
			1280	1175
			1279	1175
			1278	1174
			1277	1174
			1276	1174
			1275	1174
			1274	1174
			1273	1174
			1272	1173
			1271	1173
			1270	1173
			1269	1173
			1268	1173
			1268	1172
			1267	1172
			1266	1172
			1265	1172
			1265	1171
			1264	1171
			1263	1171
			1262	1170
			1261	1170
			1260	1170
			1259	1169
			1258	1169
			1257	1168
			1256	1168
			1255	1167
			1254	1166
			1253	1166
			1252	1165
			1251	1165
			1250	1164
			1249	1165
			1248	1165
			1247	1166
			1246	1166
			1245	1167
			1244	1167
			1243	1167
			1243	1168
			1242	1168
			1241	1168
			1240	1169
			1239	1169
			1238	1170
			1237	1170
			1236	1170
			1235	1171
			1234	1171
			1233	1171
			1232	1172
			1231	1172
			1230	1172
			1229	1173
			1228	1173
			1227	1173
			1226	1174
			1225	1174
			1224	1174
			1223	1174
			1222	1174
			1221	1174
			1220	1175
			1219	1175
			1218	1175
			1217	1175
			1216	1175
			1215	1175
			1214	1175
			1213	1175
			1212	1175
			1211	1175
			1210	1175
			1209	1175
			1208	1175
			1207	1175
			1206	1175
			1205	1175
			1204	1174
			1203	1174
			1202	1174
			1201	1174
			1200	1173
			1199	1173
			1198	1173
			1197	1172
			1196	1172
			1195	1171
			1194	1171
			1193	1171
			1192	1172
			1191	1172
			1190	1172
			1189	1172
			1188	1173
			1187	1173
			1186	1173
			1185	1173
			1184	1173
			1183	1174
			1182	1174
			1181	1174
			1180	1174
			1179	1174
			1178	1174
			1177	1175
			1176	1175
			1175	1175
			1174	1175
			1173	1175
			1172	1175
			1171	1175
			1170	1175
			1169	1176
			1168	1176
			1167	1176
			1166	1176
			1165	1176
			1164	1176
			1163	1176
			1162	1176
			1161	1176
			1160	1176
			1159	1176
			1158	1176
			1157	1176
			1156	1176
			1155	1176
			1154	1176
			1153	1176
			1152	1176
			1151	1176
			1150	1175
			1149	1175
			1148	1175
			1147	1175
			1146	1175
			1145	1175
			1144	1174
			1143	1174
			1142	1174
			1141	1174
			1140	1173
			1139	1173
			1138	1173
			1137	1173
			1136	1172
			1135	1172
			1134	1172
			1133	1171
			1132	1171
			1131	1170
			1130	1170
			1129	1170
			1128	1169
			1127	1169
			1126	1168
			1125	1167
			1124	1167
			1123	1166
			1122	1167
			1121	1167
			1120	1168
			1119	1168
			1118	1169
			1117	1170
			1116	1170
			1115	1171
			1114	1171
			1113	1172
			1112	1172
			1111	1173
			1110	1173
			1109	1173
			1108	1174
			1107	1174
			1106	1175
			1105	1175
			1104	1175
			1103	1176
			1102	1176
			1101	1176
			1100	1176
			1099	1177
			1098	1177
			1097	1177
			1096	1177
			1095	1177
			1094	1178
			1093	1178
			1092	1178
			1091	1178
			1090	1178
			1089	1178
			1088	1178
			1087	1178
			1086	1178
			1085	1178
			1084	1178
			1083	1178
			1082	1178
			1081	1178
			1080	1178
			1079	1178
			1078	1178
			1077	1178
			1076	1178
			1075	1178
			1074	1177
			1073	1177
			1072	1177
			1071	1177
			1070	1177
			1069	1177
			1068	1176
			1067	1176
			1066	1176
			1065	1175
			1064	1175
			1063	1175
			1062	1174
			1061	1174
			1060	1174
			1059	1173
			1058	1173
			1057	1172
			1056	1172
			1055	1171
			1054	1171
			1053	1171
			1052	1170
			1051	1170
			1050	1169
			1049	1169
			1048	1169
			1047	1170
			1046	1170
			1045	1170
			1044	1170
			1043	1170
			1042	1171
			1041	1171
			1040	1171
			1039	1171
			1038	1171
			1037	1172
			1036	1172
			1035	1172
			1034	1172
			1033	1172
			1032	1172
			1031	1173
			1030	1173
			1029	1173
			1028	1173
			1027	1173
			1026	1174
			1025	1174
			1024	1174
			1023	1174
			1022	1174
			1021	1174
			1020	1174
			1019	1175
			1018	1175
			1017	1175
			1016	1175
			1015	1175
			1014	1175
			1013	1175
			1012	1175
			1011	1175
			1010	1176
			1009	1176
			1008	1176
			1007	1176
			1006	1176
			1005	1176
			1004	1176
			1003	1176
			1002	1176
			1001	1176
			1000	1176
			999	1176
			998	1176
			997	1176
			996	1176
			995	1176
			994	1176
			993	1176
			992	1176
			991	1176
			990	1176
			989	1176
			988	1175
			987	1175
			986	1175
			985	1175
			984	1174
			983	1174
			982	1173
			981	1172
			980	1172
			979	1171
			978	1170
			978	1169
			978	1168
			978	1167
			978	1166
			977	1166
			976	1167
			975	1167
			974	1167
			973	1168
			972	1168
			972	1169
			971	1169
			970	1170
			969	1170
			968	1171
			967	1171
			966	1172
			965	1172
			964	1172
			963	1172
			963	1173
			962	1173
			961	1173
			960	1173
			960	1174
			959	1174
			958	1174
			957	1174
			956	1174
			955	1174
			954	1174
			953	1174
			952	1174
			951	1174
			950	1174
			949	1173
			948	1173
			947	1173
			947	1172
			946	1172
			945	1171
			944	1170
			943	1169
			942	1168
			942	1167
			941	1166
			940	1166
			939	1166
			938	1167
			937	1167
			936	1167
			935	1167
			934	1167
			933	1168
			932	1168
			931	1168
			930	1168
			929	1168
			928	1168
			927	1169
			926	1169
			925	1169
			924	1169
			923	1169
			922	1169
			921	1169
		</c2>
	</curves.pixel>
	<curves.scaled type=list>
		<c1 type=matrix rownames=FALSE colnames=FALSE nrow=831 ncol=2 as.numeric=TRUE >
			36.1151478271104	-45.8399650487427
			36.1151478271104	-45.8007520760749
			36.1151478271104	-45.761539103407
			36.1151478271104	-45.7223261307391
			36.1151478271104	-45.6831131580713
			36.1151478271104	-45.6439001854034
			36.1543607997783	-45.6046872127355
			36.1935737724462	-45.5654742400676
			36.232786745114	-45.5262612673998
			36.232786745114	-45.4870482947319
			36.2719997177819	-45.447835322064
			36.3112126904498	-45.4086223493962
			36.3504256631176	-45.3694093767283
			36.3896386357855	-45.3301964040604
			36.4288516084534	-45.2909834313925
			36.4680645811213	-45.2517704587247
			36.5072775537891	-45.2125574860568
			36.546490526457	-45.2125574860568
			36.5857034991249	-45.1733445133889
			36.5857034991249	-45.1341315407211
			36.6249164717928	-45.1341315407211
			36.6641294444606	-45.0949185680532
			36.7033424171285	-45.0557055953853
			36.7425553897964	-45.0557055953853
			36.7817683624642	-45.0164926227174
			36.8209813351321	-44.9772796500496
			36.8601943078	-44.9380666773817
			36.8994072804679	-44.9380666773817
			36.9386202531357	-44.9380666773817
			36.9386202531357	-44.8988537047138
			36.9778332258036	-44.8988537047138
			37.0170461984715	-44.8596407320459
			37.0562591711393	-44.8596407320459
			37.0562591711393	-44.8204277593781
			37.0954721438072	-44.8204277593781
			37.1346851164751	-44.7812147867102
			37.173898089143	-44.7812147867102
			37.173898089143	-44.7420018140423
			37.2131110618108	-44.7420018140423
			37.2523240344787	-44.7027888413744
			37.2915370071466	-44.7027888413744
			37.2915370071466	-44.6635758687066
			37.3307499798145	-44.6635758687066
			37.3699629524823	-44.6243628960387
			37.4091759251502	-44.6243628960387
			37.4483888978181	-44.5851499233708
			37.4876018704859	-44.5851499233708
			37.5268148431538	-44.545936950703
			37.5660278158217	-44.5067239780351
			37.6052407884896	-44.5067239780351
			37.6444537611574	-44.4675110053672
			37.6836667338253	-44.4675110053672
			37.6836667338253	-44.4282980326993
			37.7228797064932	-44.4282980326993
			37.7620926791611	-44.4282980326993
			37.8013056518289	-44.3890850600315
			37.8405186244968	-44.3498720873636
			37.8797315971647	-44.3498720873636
			37.9189445698325	-44.3106591146957
			37.9581575425004	-44.3106591146957
			37.9973705151683	-44.2714461420279
			38.0365834878362	-44.2714461420279
			38.075796460504	-44.23223316936
			38.1150094331719	-44.23223316936
			38.1542224058398	-44.1930201966921
			38.1934353785076	-44.1930201966921
			38.1934353785076	-44.1538072240242
			38.2326483511755	-44.1538072240242
			38.2718613238434	-44.1145942513564
			38.3110742965113	-44.1145942513564
			38.3502872691791	-44.0753812786885
			38.389500241847	-44.0753812786885
			38.4287132145149	-44.0361683060206
			38.4679261871828	-44.0361683060206
			38.5071391598506	-43.9969553333528
			38.5463521325185	-43.9577423606849
			38.5855651051864	-43.9577423606849
			38.6247780778542	-43.918529388017
			38.6639910505221	-43.918529388017
			38.70320402319	-43.8793164153491
			38.7424169958579	-43.8793164153491
			38.7816299685257	-43.8401034426813
			38.8208429411936	-43.8401034426813
			38.8600559138615	-43.8401034426813
			38.8600559138615	-43.8008904700134
			38.8992688865293	-43.8008904700134
			38.9384818591972	-43.8008904700134
			38.9384818591972	-43.7616774973455
			38.9776948318651	-43.7616774973455
			39.016907804533	-43.7616774973455
			39.016907804533	-43.7224645246776
			39.0561207772008	-43.7224645246776
			39.0953337498687	-43.7224645246776
			39.0953337498687	-43.6832515520098
			39.1345467225366	-43.6832515520098
			39.1737596952045	-43.6832515520098
			39.1737596952045	-43.6440385793419
			39.2129726678723	-43.6440385793419
			39.2521856405402	-43.6440385793419
			39.2521856405402	-43.604825606674
			39.2913986132081	-43.604825606674
			39.3306115858759	-43.604825606674
			39.3306115858759	-43.5656126340062
			39.3698245585438	-43.5656126340062
			39.4090375312117	-43.5263996613383
			39.4482505038796	-43.5263996613383
			39.4874634765474	-43.4871866886704
			39.5266764492153	-43.4871866886704
			39.5658894218832	-43.4479737160025
			39.605102394551	-43.4479737160025
			39.6443153672189	-43.4087607433347
			39.6835283398868	-43.4087607433347
			39.7227413125547	-43.4087607433347
			39.7619542852225	-43.3695477706668
			39.8011672578904	-43.3303347979989
			39.8403802305583	-43.3303347979989
			39.8795932032262	-43.3303347979989
			39.918806175894	-43.291121825331
			39.9580191485619	-43.291121825331
			39.9972321212298	-43.291121825331
			40.0364450938976	-43.2519088526632
			40.0756580665655	-43.2519088526632
			40.1148710392334	-43.2519088526632
			40.1540840119013	-43.2126958799953
			40.1932969845691	-43.2126958799953
			40.232509957237	-43.1734829073274
			40.2717229299049	-43.1734829073274
			40.3109359025728	-43.1734829073274
			40.3501488752406	-43.1342699346596
			40.3893618479085	-43.1342699346596
			40.4285748205764	-43.1342699346596
			40.4677877932442	-43.0950569619917
			40.5070007659121	-43.0950569619917
			40.54621373858	-43.0558439893238
			40.5854267112479	-43.0558439893238
			40.6246396839157	-43.0558439893238
			40.6638526565836	-43.0166310166559
			40.7030656292515	-43.0166310166559
			40.7422786019193	-43.0166310166559
			40.7814915745872	-42.9774180439881
			40.8207045472551	-42.9774180439881
			40.859917519923	-42.9774180439881
			40.8991304925908	-42.9382050713202
			40.9383434652587	-42.9382050713202
			40.9775564379266	-42.8989920986523
			41.0167694105944	-42.8989920986523
			41.0559823832623	-42.8989920986523
			41.0951953559302	-42.8597791259845
			41.1344083285981	-42.8597791259845
			41.1736213012659	-42.8597791259845
			41.2128342739338	-42.8205661533166
			41.2520472466017	-42.8205661533166
			41.2912602192696	-42.8205661533166
			41.2912602192696	-42.7813531806487
			41.3304731919374	-42.7813531806487
			41.3696861646053	-42.7813531806487
			41.4088991372732	-42.7421402079808
			41.4481121099411	-42.7421402079808
			41.4873250826089	-42.7421402079808
			41.5265380552768	-42.702927235313
			41.5657510279447	-42.702927235313
			41.6049640006125	-42.6637142626451
			41.6441769732804	-42.6637142626451
			41.6833899459483	-42.6637142626451
			41.7226029186162	-42.6245012899772
			41.761815891284	-42.6245012899772
			41.8010288639519	-42.6245012899772
			41.8402418366198	-42.5852883173093
			41.8794548092876	-42.5852883173093
			41.9186677819555	-42.5460753446415
			41.9578807546234	-42.5460753446415
			41.9970937272913	-42.5460753446415
			42.0363066999591	-42.5068623719736
			42.075519672627	-42.5068623719736
			42.1147326452949	-42.4676493993057
			42.1539456179627	-42.4676493993057
			42.1931585906306	-42.4676493993057
			42.2323715632985	-42.4284364266379
			42.2715845359664	-42.4284364266379
			42.3107975086342	-42.38922345397
			42.3500104813021	-42.38922345397
			42.38922345397	-42.38922345397
			42.4284364266379	-42.3500104813021
			42.4676493993057	-42.3500104813021
			42.5068623719736	-42.3500104813021
			42.5460753446415	-42.3107975086342
			42.5852883173093	-42.3107975086342
			42.6245012899772	-42.2715845359664
			42.6637142626451	-42.2715845359664
			42.702927235313	-42.2715845359664
			42.7421402079808	-42.2323715632985
			42.7813531806487	-42.2323715632985
			42.8205661533166	-42.2323715632985
			42.8205661533166	-42.1931585906306
			42.8597791259845	-42.1931585906306
			42.8989920986523	-42.1539456179627
			42.9382050713202	-42.1539456179627
			42.9774180439881	-42.1539456179627
			43.0166310166559	-42.1147326452949
			43.0558439893238	-42.1147326452949
			43.0950569619917	-42.1147326452949
			43.1342699346596	-42.075519672627
			43.1734829073274	-42.075519672627
			43.2126958799953	-42.0363066999591
			43.2519088526632	-42.0363066999591
			43.291121825331	-42.0363066999591
			43.3303347979989	-41.9970937272913
			43.3695477706668	-41.9970937272913
			43.4087607433347	-41.9578807546234
			43.4479737160025	-41.9578807546234
			43.4871866886704	-41.9578807546234
			43.4871866886704	-41.9186677819555
			43.5263996613383	-41.9186677819555
			43.5656126340062	-41.9186677819555
			43.604825606674	-41.8794548092876
			43.6440385793419	-41.8794548092876
			43.6832515520098	-41.8402418366198
			43.7224645246776	-41.8402418366198
			43.7616774973455	-41.8402418366198
			43.8008904700134	-41.8010288639519
			43.8401034426813	-41.8010288639519
			43.8793164153491	-41.761815891284
			43.918529388017	-41.761815891284
			43.9577423606849	-41.761815891284
			43.9969553333528	-41.7226029186162
			44.0361683060206	-41.7226029186162
			44.0753812786885	-41.7226029186162
			44.0753812786885	-41.6833899459483
			44.1145942513564	-41.6833899459483
			44.1538072240242	-41.6441769732804
			44.1930201966921	-41.6441769732804
			44.23223316936	-41.6441769732804
			44.2714461420279	-41.6049640006125
			44.3106591146957	-41.6049640006125
			44.3498720873636	-41.5657510279447
			44.3890850600315	-41.5657510279447
			44.4282980326993	-41.5657510279447
			44.4675110053672	-41.5265380552768
			44.5067239780351	-41.5265380552768
			44.545936950703	-41.4873250826089
			44.5851499233708	-41.4873250826089
			44.6243628960387	-41.4481121099411
			44.6635758687066	-41.4481121099411
			44.7027888413744	-41.4481121099411
			44.7027888413744	-41.4088991372732
			44.7420018140423	-41.4088991372732
			44.7812147867102	-41.4088991372732
			44.8204277593781	-41.3696861646053
			44.8596407320459	-41.3696861646053
			44.8988537047138	-41.3304731919374
			44.9380666773817	-41.3304731919374
			44.9772796500496	-41.3304731919374
			45.0164926227174	-41.2912602192696
			45.0557055953853	-41.2912602192696
			45.0949185680532	-41.2520472466017
			45.1341315407211	-41.2520472466017
			45.1733445133889	-41.2128342739338
			45.2125574860568	-41.2128342739338
			45.2517704587247	-41.2128342739338
			45.2909834313925	-41.1736213012659
			45.3301964040604	-41.1736213012659
			45.3694093767283	-41.1344083285981
			45.4086223493962	-41.1344083285981
			45.447835322064	-41.0951953559302
			45.4870482947319	-41.0951953559302
			45.5262612673998	-41.0951953559302
			45.5262612673998	-41.0559823832623
			45.5654742400676	-41.0559823832623
			45.6046872127355	-41.0559823832623
			45.6046872127355	-41.0167694105944
			45.6439001854034	-41.0167694105944
			45.6831131580713	-41.0167694105944
			45.6831131580713	-40.9775564379266
			45.7223261307391	-40.9775564379266
			45.761539103407	-40.9775564379266
			45.8007520760749	-40.9383434652587
			45.8399650487427	-40.9383434652587
			45.8791780214106	-40.8991304925908
			45.9183909940785	-40.8991304925908
			45.9576039667464	-40.8991304925908
			45.9968169394142	-40.859917519923
			46.0360299120821	-40.859917519923
			46.07524288475	-40.8207045472551
			46.1144558574179	-40.8207045472551
			46.1536688300857	-40.7814915745872
			46.1928818027536	-40.7814915745872
			46.2320947754215	-40.7422786019193
			46.2713077480893	-40.7422786019193
			46.3105207207572	-40.7030656292515
			46.3497336934251	-40.7030656292515
			46.388946666093	-40.7030656292515
			46.4281596387608	-40.6638526565836
			46.4673726114287	-40.6638526565836
			46.5065855840966	-40.6246396839157
			46.5457985567645	-40.6246396839157
			46.5457985567645	-40.5854267112479
			46.5850115294323	-40.5854267112479
			46.6242245021002	-40.5854267112479
			46.6634374747681	-40.54621373858
			46.7026504474359	-40.54621373858
			46.7418634201038	-40.5070007659121
			46.7810763927717	-40.5070007659121
			46.8202893654396	-40.4677877932442
			46.8595023381074	-40.4677877932442
			46.8987153107753	-40.4285748205764
			46.9379282834432	-40.4285748205764
			46.977141256111	-40.4285748205764
			47.0163542287789	-40.3893618479085
			47.0555672014468	-40.3893618479085
			47.0947801741147	-40.3501488752406
			47.1339931467825	-40.3501488752406
			47.1339931467825	-40.3109359025728
			47.1732061194504	-40.3109359025728
			47.2124190921183	-40.3109359025728
			47.2516320647862	-40.2717229299049
			47.290845037454	-40.2717229299049
			47.3300580101219	-40.232509957237
			47.3692709827898	-40.232509957237
			47.4084839554576	-40.1932969845691
			47.4476969281255	-40.1932969845691
			47.4869099007934	-40.1540840119013
			47.5261228734613	-40.1540840119013
			47.5653358461291	-40.1540840119013
			47.604548818797	-40.1148710392334
			47.6437617914649	-40.0756580665655
			47.6829747641328	-40.0756580665655
			47.7221877368006	-40.0364450938976
			47.7614007094685	-40.0364450938976
			47.8006136821364	-39.9972321212298
			47.8398266548042	-39.9972321212298
			47.8790396274721	-39.9580191485619
			47.91825260014	-39.9580191485619
			47.9574655728079	-39.9580191485619
			47.9966785454757	-39.918806175894
			48.0358915181436	-39.8795932032262
			48.0751044908115	-39.8795932032262
			48.1143174634793	-39.8403802305583
			48.1535304361472	-39.8403802305583
			48.1927434088151	-39.8403802305583
			48.231956381483	-39.8011672578904
			48.2711693541508	-39.8011672578904
			48.3103823268187	-39.7619542852225
			48.3495952994866	-39.7619542852225
			48.3888082721544	-39.7227413125547
			48.4280212448223	-39.7227413125547
			48.4672342174902	-39.7227413125547
			48.5064471901581	-39.7227413125547
			48.5456601628259	-39.7227413125547
			48.5848731354938	-39.6835283398868
			48.6240861081617	-39.6835283398868
			48.6632990808296	-39.6835283398868
			48.7025120534974	-39.6443153672189
			48.7417250261653	-39.6443153672189
			48.7809379988332	-39.6443153672189
			48.820150971501	-39.6443153672189
			48.8593639441689	-39.6443153672189
			48.8985769168368	-39.605102394551
			48.9377898895047	-39.605102394551
			48.9770028621725	-39.605102394551
			49.0162158348404	-39.605102394551
			49.0554288075083	-39.5658894218832
			49.0946417801762	-39.5658894218832
			49.133854752844	-39.5658894218832
			49.1730677255119	-39.5658894218832
			49.2122806981798	-39.5658894218832
			49.2514936708476	-39.5266764492153
			49.2907066435155	-39.5266764492153
			49.3299196161834	-39.5266764492153
			49.3691325888513	-39.4874634765474
			49.4083455615191	-39.4874634765474
			49.447558534187	-39.4874634765474
			49.4867715068549	-39.4874634765474
			49.5259844795227	-39.4874634765474
			49.5651974521906	-39.4482505038796
			49.6044104248585	-39.4482505038796
			49.6436233975264	-39.4482505038796
			49.6828363701942	-39.4482505038796
			49.7220493428621	-39.4482505038796
			49.7220493428621	-39.4090375312117
			49.76126231553	-39.4090375312117
			49.8004752881979	-39.4090375312117
			49.8396882608657	-39.4090375312117
			49.8789012335336	-39.4090375312117
			49.9181142062015	-39.3698245585438
			49.9573271788693	-39.3698245585438
			49.9965401515372	-39.3698245585438
			50.0357531242051	-39.3698245585438
			50.074966096873	-39.3306115858759
			50.1141790695408	-39.3306115858759
			50.1533920422087	-39.3306115858759
			50.1926050148766	-39.3306115858759
			50.2318179875444	-39.2913986132081
			50.2710309602123	-39.2913986132081
			50.3102439328802	-39.2913986132081
			50.3494569055481	-39.2913986132081
			50.3886698782159	-39.2913986132081
			50.4278828508838	-39.2521856405402
			50.4670958235517	-39.2521856405402
			50.5063087962196	-39.2521856405402
			50.5455217688874	-39.2521856405402
			50.5847347415553	-39.2521856405402
			50.6239477142232	-39.2129726678723
			50.663160686891	-39.2129726678723
			50.7023736595589	-39.2129726678723
			50.7415866322268	-39.2129726678723
			50.7807996048947	-39.2129726678723
			50.8200125775625	-39.1737596952045
			50.8592255502304	-39.1737596952045
			50.8984385228983	-39.1737596952045
			50.9376514955662	-39.1737596952045
			50.976864468234	-39.1345467225366
			51.0160774409019	-39.1345467225366
			51.0552904135698	-39.1345467225366
			51.0945033862376	-39.1345467225366
			51.1337163589055	-39.1345467225366
			51.1729293315734	-39.0953337498687
			51.2121423042413	-39.0953337498687
			51.2513552769091	-39.0953337498687
			51.290568249577	-39.0953337498687
			51.3297812222449	-39.0953337498687
			51.3689941949127	-39.0561207772008
			51.4082071675806	-39.0561207772008
			51.4474201402485	-39.0561207772008
			51.4866331129164	-39.0561207772008
			51.5258460855842	-39.0561207772008
			51.5258460855842	-39.016907804533
			51.5650590582521	-39.016907804533
			51.60427203092	-39.016907804533
			51.6434850035879	-39.016907804533
			51.6826979762557	-39.016907804533
			51.7219109489236	-39.016907804533
			51.7611239215915	-38.9776948318651
			51.8003368942593	-38.9776948318651
			51.8395498669272	-38.9776948318651
			51.8787628395951	-38.9776948318651
			51.917975812263	-38.9776948318651
			51.9571887849308	-38.9384818591972
			51.9964017575987	-38.9384818591972
			52.0356147302666	-38.9384818591972
			52.0748277029344	-38.9384818591972
			52.1140406756023	-38.9384818591972
			52.1532536482702	-38.8992688865293
			52.1924666209381	-38.8992688865293
			52.2316795936059	-38.8992688865293
			52.2708925662738	-38.8992688865293
			52.3101055389417	-38.8992688865293
			52.3493185116096	-38.8992688865293
			52.3885314842774	-38.8600559138615
			52.4277444569453	-38.8600559138615
			52.4669574296132	-38.8600559138615
			52.506170402281	-38.8600559138615
			52.5453833749489	-38.8600559138615
			52.5845963476168	-38.8600559138615
			52.6238093202847	-38.8208429411936
			52.6630222929525	-38.8208429411936
			52.7022352656204	-38.8208429411936
			52.7414482382883	-38.8208429411936
			52.7806612109561	-38.8208429411936
			52.819874183624	-38.8208429411936
			52.8590871562919	-38.7816299685257
			52.8983001289598	-38.7816299685257
			52.9375131016276	-38.7816299685257
			52.9767260742955	-38.7816299685257
			53.0159390469634	-38.7816299685257
			53.0551520196313	-38.7816299685257
			53.0943649922991	-38.7424169958579
			53.133577964967	-38.7424169958579
			53.1727909376349	-38.7424169958579
			53.2120039103027	-38.7424169958579
			53.2512168829706	-38.7424169958579
			53.2904298556385	-38.7424169958579
			53.3296428283064	-38.70320402319
			53.3688558009742	-38.70320402319
			53.4080687736421	-38.70320402319
			53.44728174631	-38.6639910505221
			53.4864947189779	-38.6639910505221
			53.5257076916457	-38.6639910505221
			53.5649206643136	-38.6639910505221
			53.6041336369815	-38.6247780778542
			53.6433466096493	-38.6247780778542
			53.6825595823172	-38.6247780778542
			53.7217725549851	-38.5855651051864
			53.760985527653	-38.5855651051864
			53.8001985003208	-38.5855651051864
			53.8394114729887	-38.5855651051864
			53.8786244456566	-38.5855651051864
			53.9178374183244	-38.5463521325185
			53.9570503909923	-38.5463521325185
			53.9962633636602	-38.5463521325185
			54.0354763363281	-38.5463521325185
			54.0746893089959	-38.5463521325185
			54.1139022816638	-38.5463521325185
			54.1531152543317	-38.5463521325185
			54.1923282269996	-38.5071391598506
			54.2315411996674	-38.5071391598506
			54.2707541723353	-38.5071391598506
			54.3099671450032	-38.5071391598506
			54.349180117671	-38.5071391598506
			54.3883930903389	-38.5071391598506
			54.4276060630068	-38.5071391598506
			54.4668190356747	-38.5071391598506
			54.5060320083425	-38.5071391598506
			54.5452449810104	-38.5071391598506
			54.5844579536783	-38.5071391598506
			54.6236709263462	-38.5463521325185
			54.662883899014	-38.5463521325185
			54.7020968716819	-38.5463521325185
			54.7413098443498	-38.5463521325185
			54.7805228170176	-38.5463521325185
			54.8197357896855	-38.5463521325185
			54.8589487623534	-38.5855651051864
			54.8981617350213	-38.5855651051864
			54.9373747076891	-38.5855651051864
			54.976587680357	-38.6247780778542
			55.0158006530249	-38.6247780778542
			55.0550136256927	-38.6639910505221
			55.0942265983606	-38.6639910505221
			55.1334395710285	-38.70320402319
			55.1726525436964	-38.70320402319
			55.1726525436964	-38.7424169958579
			55.2118655163642	-38.7424169958579
			55.2510784890321	-38.7816299685257
			55.2902914617	-38.7816299685257
			55.3295044343678	-38.8208429411936
			55.3295044343678	-38.8600559138615
			55.3687174070357	-38.8600559138615
			55.4079303797036	-38.8992688865293
			55.4079303797036	-38.9384818591972
			55.4471433523715	-38.9776948318651
			55.4471433523715	-39.016907804533
			55.4863563250393	-39.016907804533
			55.5255692977072	-39.0561207772008
			55.5647822703751	-39.0953337498687
			55.603995243043	-39.1345467225366
			55.6432082157108	-39.1737596952045
			55.6824211883787	-39.1737596952045
			55.7216341610466	-39.1737596952045
			55.7216341610466	-39.2129726678723
			55.7608471337144	-39.2129726678723
			55.8000601063823	-39.2129726678723
			55.8000601063823	-39.2521856405402
			55.8392730790502	-39.2521856405402
			55.8784860517181	-39.2521856405402
			55.9176990243859	-39.2913986132081
			55.9569119970538	-39.3306115858759
			55.9961249697217	-39.3306115858759
			56.0353379423896	-39.3306115858759
			56.0745509150574	-39.3698245585438
			56.1137638877253	-39.3698245585438
			56.1137638877253	-39.4090375312117
			56.1529768603932	-39.4090375312117
			56.192189833061	-39.4482505038796
			56.2314028057289	-39.4482505038796
			56.2706157783968	-39.4874634765474
			56.3098287510647	-39.4874634765474
			56.3490417237325	-39.5266764492153
			56.3882546964004	-39.5266764492153
			56.4274676690683	-39.5658894218832
			56.4666806417361	-39.5658894218832
			56.505893614404	-39.605102394551
			56.5451065870719	-39.6443153672189
			56.5843195597398	-39.6443153672189
			56.6235325324076	-39.6443153672189
			56.6627455050755	-39.6835283398868
			56.7019584777434	-39.7227413125547
			56.7411714504113	-39.7227413125547
			56.7803844230791	-39.7619542852225
			56.819597395747	-39.7619542852225
			56.8588103684149	-39.8011672578904
			56.8980233410827	-39.8011672578904
			56.9372363137506	-39.8403802305583
			56.9764492864185	-39.8403802305583
			57.0156622590864	-39.8795932032262
			57.0548752317542	-39.8795932032262
			57.0940882044221	-39.918806175894
			57.13330117709	-39.9580191485619
			57.1725141497579	-39.9580191485619
			57.2117271224257	-39.9972321212298
			57.2509400950936	-39.9972321212298
			57.2901530677615	-40.0364450938976
			57.3293660404293	-40.0364450938976
			57.3685790130972	-40.0756580665655
			57.4077919857651	-40.1148710392334
			57.447004958433	-40.1148710392334
			57.4862179311008	-40.1540840119013
			57.5254309037687	-40.1540840119013
			57.5646438764366	-40.1932969845691
			57.6038568491044	-40.1932969845691
			57.6430698217723	-40.232509957237
			57.6822827944402	-40.2717229299049
			57.7214957671081	-40.2717229299049
			57.7607087397759	-40.3109359025728
			57.7999217124438	-40.3109359025728
			57.8391346851117	-40.3501488752406
			57.8783476577795	-40.3501488752406
			57.9175606304474	-40.3893618479085
			57.9567736031153	-40.3893618479085
			57.9959865757832	-40.4285748205764
			58.035199548451	-40.4285748205764
			58.035199548451	-40.4677877932442
			58.0744125211189	-40.4677877932442
			58.1136254937868	-40.5070007659121
			58.1528384664547	-40.5070007659121
			58.1528384664547	-40.54621373858
			58.1920514391225	-40.54621373858
			58.2312644117904	-40.5854267112479
			58.2704773844583	-40.5854267112479
			58.3096903571262	-40.6246396839157
			58.348903329794	-40.6246396839157
			58.3881163024619	-40.6638526565836
			58.4273292751298	-40.7030656292515
			58.4665422477976	-40.7030656292515
			58.5057552204655	-40.7422786019193
			58.5449681931334	-40.7422786019193
			58.5841811658013	-40.7814915745872
			58.6233941384691	-40.7814915745872
			58.662607111137	-40.8207045472551
			58.7018200838049	-40.859917519923
			58.7410330564727	-40.859917519923
			58.7802460291406	-40.8991304925908
			58.8194590018085	-40.8991304925908
			58.8586719744764	-40.9383434652587
			58.8978849471442	-40.9383434652587
			58.8978849471442	-40.9775564379266
			58.9370979198121	-41.0167694105944
			58.97631089248	-41.0167694105944
			59.0155238651478	-41.0559823832623
			59.0547368378157	-41.0559823832623
			59.0939498104836	-41.0951953559302
			59.1331627831515	-41.1344083285981
			59.1723757558193	-41.1344083285981
			59.2115887284872	-41.1736213012659
			59.2508017011551	-41.1736213012659
			59.290014673823	-41.2128342739338
			59.3292276464908	-41.2520472466017
			59.3684406191587	-41.2520472466017
			59.4076535918266	-41.2912602192696
			59.4468665644944	-41.2912602192696
			59.4860795371623	-41.3304731919374
			59.5252925098302	-41.3696861646053
			59.5645054824981	-41.3696861646053
			59.6037184551659	-41.4088991372732
			59.6429314278338	-41.4481121099411
			59.6821444005017	-41.4481121099411
			59.7213573731696	-41.4873250826089
			59.7605703458374	-41.4873250826089
			59.7997833185053	-41.5265380552768
			59.8389962911732	-41.5657510279447
			59.878209263841	-41.5657510279447
			59.9174222365089	-41.6049640006125
			59.9566352091768	-41.6441769732804
			59.9958481818447	-41.6441769732804
			60.0350611545125	-41.6833899459483
			60.0742741271804	-41.6833899459483
			60.1134870998483	-41.7226029186162
			60.1527000725161	-41.761815891284
			60.191913045184	-41.761815891284
			60.2311260178519	-41.8010288639519
			60.2703389905198	-41.8010288639519
			60.3095519631876	-41.8402418366198
			60.3487649358555	-41.8402418366198
			60.3879779085234	-41.8794548092876
			60.4271908811913	-41.9186677819555
			60.4664038538591	-41.9186677819555
			60.505616826527	-41.9578807546234
			60.5448297991949	-41.9578807546234
			60.5840427718627	-41.9970937272913
			60.6232557445306	-42.0363066999591
			60.6624687171985	-42.0363066999591
			60.7016816898664	-42.0363066999591
			60.7016816898664	-42.075519672627
			60.7408946625342	-42.075519672627
			60.7801076352021	-42.1147326452949
			60.81932060787	-42.1147326452949
			60.8585335805379	-42.1539456179627
			60.8977465532057	-42.1931585906306
			60.9369595258736	-42.1931585906306
			60.9761724985415	-42.1931585906306
			60.9761724985415	-42.2323715632985
			61.0153854712093	-42.2323715632985
			61.0545984438772	-42.2715845359664
			61.0938114165451	-42.2715845359664
			61.133024389213	-42.3107975086342
			61.1722373618808	-42.3107975086342
			61.2114503345487	-42.3500104813021
			61.2506633072166	-42.38922345397
			61.2898762798844	-42.38922345397
			61.3290892525523	-42.4284364266379
			61.3683022252202	-42.4284364266379
			61.4075151978881	-42.4676493993057
			61.4467281705559	-42.5068623719736
			61.4859411432238	-42.5068623719736
			61.5251541158917	-42.5460753446415
			61.5643670885595	-42.5460753446415
			61.6035800612274	-42.5852883173093
			61.6427930338953	-42.5852883173093
			61.6820060065632	-42.6245012899772
			61.721218979231	-42.6637142626451
			61.7604319518989	-42.6637142626451
			61.7996449245668	-42.6637142626451
			61.7996449245668	-42.702927235313
			61.8388578972347	-42.702927235313
			61.8780708699025	-42.7421402079808
			61.9172838425704	-42.7421402079808
			61.9172838425704	-42.7813531806487
			61.9564968152383	-42.7813531806487
			61.9957097879061	-42.8205661533166
			62.034922760574	-42.8205661533166
			62.0741357332419	-42.8597791259845
			62.1133487059098	-42.8597791259845
			62.1525616785776	-42.8989920986523
			62.1917746512455	-42.8989920986523
			62.2309876239134	-42.9382050713202
			62.2702005965813	-42.9774180439881
			62.3094135692491	-43.0166310166559
			62.348626541917	-43.0166310166559
			62.3878395145849	-43.0558439893238
			62.4270524872527	-43.0950569619917
			62.4662654599206	-43.0950569619917
			62.5054784325885	-43.1342699346596
			62.5446914052564	-43.1342699346596
			62.5839043779242	-43.1342699346596
			62.5839043779242	-43.1734829073274
			62.6231173505921	-43.1734829073274
			62.66233032326	-43.2126958799953
			62.7015432959278	-43.2126958799953
			62.7407562685957	-43.2519088526632
			62.7799692412636	-43.291121825331
			62.8191822139315	-43.3303347979989
			62.8583951865993	-43.3303347979989
			62.8976081592672	-43.3303347979989
			62.8976081592672	-43.3695477706668
			62.9368211319351	-43.3695477706668
			62.976034104603	-43.4087607433347
			63.0152470772708	-43.4087607433347
			63.0152470772708	-43.4479737160025
			63.0544600499387	-43.4479737160025
			63.0936730226066	-43.4871866886704
			63.1328859952744	-43.4871866886704
			63.1720989679423	-43.5263996613383
			63.2113119406102	-43.5656126340062
			63.2505249132781	-43.5656126340062
			63.2897378859459	-43.604825606674
			63.3289508586138	-43.604825606674
			63.3681638312817	-43.6440385793419
			63.4073768039496	-43.6832515520098
			63.4465897766174	-43.6832515520098
			63.4858027492853	-43.7224645246776
			63.5250157219532	-43.7616774973455
			63.564228694621	-43.7616774973455
			63.6034416672889	-43.8008904700134
			63.6426546399568	-43.8401034426813
			63.6818676126247	-43.8401034426813
			63.7210805852925	-43.8793164153491
			63.7602935579604	-43.8793164153491
			63.7995065306283	-43.918529388017
			63.8387195032961	-43.9577423606849
			63.877932475964	-43.9577423606849
			63.877932475964	-43.9969553333528
			63.9171454486319	-43.9969553333528
			63.9563584212998	-44.0361683060206
			63.9955713939676	-44.0753812786885
			64.0347843666355	-44.0753812786885
			64.0739973393034	-44.1145942513564
			64.1132103119713	-44.1145942513564
			64.1524232846391	-44.1538072240242
			64.191636257307	-44.1930201966921
			64.2308492299749	-44.1930201966921
			64.2308492299749	-44.23223316936
			64.2700622026427	-44.23223316936
			64.3092751753106	-44.2714461420279
			64.3484881479785	-44.3106591146957
			64.3877011206464	-44.3106591146957
			64.4269140933142	-44.3498720873636
			64.4661270659821	-44.3498720873636
			64.4661270659821	-44.3890850600315
			64.50534003865	-44.3890850600315
			64.5445530113178	-44.4282980326993
			64.5837659839857	-44.4675110053672
			64.6229789566536	-44.4675110053672
			64.6621919293215	-44.5067239780351
			64.7014049019893	-44.5067239780351
			64.7014049019893	-44.545936950703
			64.7406178746572	-44.5851499233708
			64.7798308473251	-44.5851499233708
			64.819043819993	-44.6243628960387
			64.8582567926608	-44.6243628960387
			64.8582567926608	-44.6635758687066
			64.8974697653287	-44.6635758687066
			64.9366827379966	-44.7027888413744
			64.9758957106644	-44.7420018140423
			65.0151086833323	-44.7420018140423
			65.0151086833323	-44.7812147867102
			65.0543216560002	-44.7812147867102
			65.0935346286681	-44.8204277593781
			65.1327476013359	-44.8204277593781
			65.1327476013359	-44.8596407320459
			65.1719605740038	-44.8596407320459
			65.2111735466717	-44.8988537047138
			65.2503865193395	-44.9380666773817
			65.2895994920074	-44.9772796500496
			65.3288124646753	-44.9772796500496
			65.3680254373432	-45.0164926227174
			65.407238410011	-45.0557055953853
			65.4464513826789	-45.0557055953853
			65.4856643553468	-45.0949185680532
			65.4856643553468	-45.1341315407211
			65.5248773280147	-45.1341315407211
			65.5640903006825	-45.1733445133889
			65.6033032733504	-45.2125574860568
			65.6425162460183	-45.2125574860568
			65.6817292186861	-45.2517704587247
			65.720942191354	-45.2909834313925
			65.7601551640219	-45.3301964040604
			65.7993681366898	-45.3694093767283
			65.8385811093576	-45.3694093767283
			65.8777940820255	-45.4086223493962
			65.9170070546934	-45.447835322064
			65.9562200273613	-45.4870482947319
			65.9954330000291	-45.4870482947319
			66.034645972697	-45.5262612673998
			66.0738589453649	-45.5654742400676
			66.1130719180327	-45.6046872127355
			66.1522848907006	-45.6046872127355
			66.1522848907006	-45.6439001854034
			66.1914978633685	-45.6831131580713
			66.2307108360364	-45.7223261307391
			66.2699238087042	-45.7223261307391
			66.3091367813721	-45.761539103407
			66.34834975404	-45.8007520760749
			66.3875627267078	-45.8399650487427
		</c1>
		<c2 type=matrix rownames=FALSE colnames=FALSE nrow=800 ncol=2 as.numeric=TRUE >
			66.3875627267078	-45.8399650487427
			66.34834975404	-45.8399650487427
			66.3091367813721	-45.8399650487427
			66.2699238087042	-45.8399650487427
			66.2307108360364	-45.8399650487427
			66.1914978633685	-45.8399650487427
			66.1522848907006	-45.8399650487427
			66.1130719180327	-45.8399650487427
			66.0738589453649	-45.8399650487427
			66.034645972697	-45.8399650487427
			65.9954330000291	-45.8399650487427
			65.9562200273613	-45.8399650487427
			65.9170070546934	-45.8399650487427
			65.8777940820255	-45.8399650487427
			65.8385811093576	-45.8399650487427
			65.7993681366898	-45.8399650487427
			65.7601551640219	-45.8399650487427
			65.720942191354	-45.8399650487427
			65.6817292186861	-45.8399650487427
			65.6425162460183	-45.8007520760749
			65.6033032733504	-45.8007520760749
			65.5640903006825	-45.8007520760749
			65.5248773280147	-45.8007520760749
			65.4856643553468	-45.8007520760749
			65.4464513826789	-45.8007520760749
			65.407238410011	-45.8007520760749
			65.3680254373432	-45.761539103407
			65.3288124646753	-45.761539103407
			65.2895994920074	-45.8007520760749
			65.2503865193395	-45.8399650487427
			65.2111735466717	-45.8791780214106
			65.1719605740038	-45.9183909940785
			65.1719605740038	-45.9576039667464
			65.1327476013359	-45.9968169394142
			65.0935346286681	-46.0360299120821
			65.0543216560002	-46.0360299120821
			65.0151086833323	-46.07524288475
			64.9758957106644	-46.07524288475
			64.9366827379966	-46.07524288475
			64.8974697653287	-46.1144558574179
			64.8582567926608	-46.1144558574179
			64.819043819993	-46.1144558574179
			64.7798308473251	-46.1144558574179
			64.7406178746572	-46.1144558574179
			64.7014049019893	-46.1144558574179
			64.6621919293215	-46.07524288475
			64.6229789566536	-46.07524288475
			64.5837659839857	-46.07524288475
			64.5445530113178	-46.07524288475
			64.50534003865	-46.0360299120821
			64.4661270659821	-46.0360299120821
			64.4269140933142	-45.9968169394142
			64.3877011206464	-45.9968169394142
			64.3484881479785	-45.9968169394142
			64.3092751753106	-45.9576039667464
			64.2700622026427	-45.9576039667464
			64.2308492299749	-45.9183909940785
			64.191636257307	-45.8791780214106
			64.1524232846391	-45.8791780214106
			64.1132103119713	-45.8399650487427
			64.0739973393034	-45.8007520760749
			64.0347843666355	-45.8007520760749
			63.9955713939676	-45.761539103407
			63.9563584212998	-45.761539103407
			63.9563584212998	-45.7223261307391
			63.9171454486319	-45.7223261307391
			63.877932475964	-45.6831131580713
			63.8387195032961	-45.6439001854034
			63.7995065306283	-45.6439001854034
			63.7602935579604	-45.6046872127355
			63.7210805852925	-45.5654742400676
			63.6818676126247	-45.5654742400676
			63.6426546399568	-45.5262612673998
			63.6426546399568	-45.4870482947319
			63.6034416672889	-45.4870482947319
			63.564228694621	-45.447835322064
			63.5250157219532	-45.4870482947319
			63.5250157219532	-45.5262612673998
			63.4858027492853	-45.5654742400676
			63.4465897766174	-45.6046872127355
			63.4073768039496	-45.6439001854034
			63.3681638312817	-45.6831131580713
			63.3289508586138	-45.7223261307391
			63.2897378859459	-45.761539103407
			63.2505249132781	-45.8007520760749
			63.2113119406102	-45.8399650487427
			63.1720989679423	-45.8791780214106
			63.1328859952744	-45.9183909940785
			63.0936730226066	-45.9183909940785
			63.0544600499387	-45.9576039667464
			63.0152470772708	-45.9968169394142
			62.976034104603	-45.9968169394142
			62.9368211319351	-45.9968169394142
			62.9368211319351	-46.0360299120821
			62.8976081592672	-46.0360299120821
			62.8583951865993	-46.0360299120821
			62.8191822139315	-46.0360299120821
			62.8191822139315	-46.07524288475
			62.7799692412636	-46.07524288475
			62.7407562685957	-46.07524288475
			62.7015432959278	-46.07524288475
			62.66233032326	-46.07524288475
			62.6231173505921	-46.07524288475
			62.5839043779242	-46.07524288475
			62.5446914052564	-46.07524288475
			62.5054784325885	-46.07524288475
			62.4662654599206	-46.07524288475
			62.4270524872527	-46.07524288475
			62.3878395145849	-46.07524288475
			62.348626541917	-46.07524288475
			62.3094135692491	-46.07524288475
			62.2702005965813	-46.07524288475
			62.2309876239134	-46.07524288475
			62.1917746512455	-46.07524288475
			62.1525616785776	-46.0360299120821
			62.1133487059098	-46.0360299120821
			62.0741357332419	-46.0360299120821
			62.034922760574	-45.9968169394142
			61.9957097879061	-45.9968169394142
			61.9564968152383	-45.9968169394142
			61.9172838425704	-45.9576039667464
			61.8780708699025	-45.9576039667464
			61.8388578972347	-45.9183909940785
			61.7996449245668	-45.9183909940785
			61.7604319518989	-45.9183909940785
			61.7604319518989	-45.8791780214106
			61.721218979231	-45.8791780214106
			61.6820060065632	-45.9183909940785
			61.6427930338953	-45.9183909940785
			61.6035800612274	-45.9576039667464
			61.5643670885595	-45.9968169394142
			61.5251541158917	-46.0360299120821
			61.4859411432238	-46.07524288475
			61.4467281705559	-46.07524288475
			61.4075151978881	-46.07524288475
			61.3683022252202	-46.1144558574179
			61.3290892525523	-46.1536688300857
			61.2898762798844	-46.1536688300857
			61.2506633072166	-46.1536688300857
			61.2114503345487	-46.1928818027536
			61.1722373618808	-46.1928818027536
			61.133024389213	-46.2320947754215
			61.0938114165451	-46.2320947754215
			61.0545984438772	-46.2320947754215
			61.0153854712093	-46.2320947754215
			60.9761724985415	-46.2713077480893
			60.9369595258736	-46.2713077480893
			60.8977465532057	-46.2713077480893
			60.8585335805379	-46.2713077480893
			60.81932060787	-46.2713077480893
			60.7801076352021	-46.2713077480893
			60.7408946625342	-46.2713077480893
			60.7016816898664	-46.2713077480893
			60.6624687171985	-46.2713077480893
			60.6232557445306	-46.2713077480893
			60.5840427718627	-46.2713077480893
			60.5448297991949	-46.2713077480893
			60.505616826527	-46.2713077480893
			60.4664038538591	-46.2713077480893
			60.4271908811913	-46.2713077480893
			60.3879779085234	-46.2713077480893
			60.3487649358555	-46.2320947754215
			60.3095519631876	-46.2320947754215
			60.2703389905198	-46.2320947754215
			60.2311260178519	-46.2320947754215
			60.191913045184	-46.1928818027536
			60.1527000725161	-46.1928818027536
			60.1134870998483	-46.1928818027536
			60.0742741271804	-46.1928818027536
			60.0350611545125	-46.1536688300857
			59.9958481818447	-46.1536688300857
			59.9566352091768	-46.1144558574179
			59.9174222365089	-46.1144558574179
			59.878209263841	-46.1144558574179
			59.8389962911732	-46.07524288475
			59.7997833185053	-46.07524288475
			59.7605703458374	-46.0360299120821
			59.7213573731696	-46.0360299120821
			59.6821444005017	-45.9968169394142
			59.6429314278338	-45.9968169394142
			59.6037184551659	-45.9576039667464
			59.5645054824981	-45.9576039667464
			59.5252925098302	-45.9183909940785
			59.4860795371623	-45.9183909940785
			59.4468665644944	-45.8791780214106
			59.4076535918266	-45.8399650487427
			59.3684406191587	-45.8791780214106
			59.3292276464908	-45.8791780214106
			59.290014673823	-45.9183909940785
			59.2508017011551	-45.9183909940785
			59.2115887284872	-45.9183909940785
			59.2115887284872	-45.9576039667464
			59.1723757558193	-45.9576039667464
			59.1331627831515	-45.9576039667464
			59.1331627831515	-45.9968169394142
			59.0939498104836	-45.9968169394142
			59.0547368378157	-45.9968169394142
			59.0155238651478	-46.0360299120821
			58.97631089248	-46.0360299120821
			58.9370979198121	-46.07524288475
			58.8978849471442	-46.07524288475
			58.8586719744764	-46.07524288475
			58.8194590018085	-46.07524288475
			58.8194590018085	-46.1144558574179
			58.7802460291406	-46.1144558574179
			58.7410330564727	-46.1144558574179
			58.7018200838049	-46.1144558574179
			58.7018200838049	-46.1536688300857
			58.662607111137	-46.1536688300857
			58.6233941384691	-46.1536688300857
			58.5841811658013	-46.1536688300857
			58.5449681931334	-46.1536688300857
			58.5057552204655	-46.1536688300857
			58.4665422477976	-46.1928818027536
			58.4273292751298	-46.1928818027536
			58.3881163024619	-46.1928818027536
			58.348903329794	-46.1928818027536
			58.3096903571262	-46.1928818027536
			58.2704773844583	-46.1928818027536
			58.2312644117904	-46.1928818027536
			58.1920514391225	-46.1928818027536
			58.1528384664547	-46.1928818027536
			58.1136254937868	-46.1928818027536
			58.0744125211189	-46.1928818027536
			58.035199548451	-46.1928818027536
			57.9959865757832	-46.1928818027536
			57.9567736031153	-46.1928818027536
			57.9175606304474	-46.1928818027536
			57.8783476577795	-46.1928818027536
			57.8391346851117	-46.1928818027536
			57.7999217124438	-46.1928818027536
			57.7607087397759	-46.1928818027536
			57.7214957671081	-46.1536688300857
			57.6822827944402	-46.1536688300857
			57.6430698217723	-46.1536688300857
			57.6038568491044	-46.1536688300857
			57.5646438764366	-46.1536688300857
			57.5254309037687	-46.1536688300857
			57.4862179311008	-46.1144558574179
			57.447004958433	-46.1144558574179
			57.4077919857651	-46.1144558574179
			57.3685790130972	-46.07524288475
			57.3293660404293	-46.07524288475
			57.2901530677615	-46.07524288475
			57.2509400950936	-46.0360299120821
			57.2117271224257	-46.0360299120821
			57.1725141497579	-46.0360299120821
			57.13330117709	-45.9968169394142
			57.0940882044221	-45.9968169394142
			57.0548752317542	-45.9968169394142
			57.0156622590864	-45.9576039667464
			56.9764492864185	-45.9576039667464
			56.9372363137506	-45.9968169394142
			56.8980233410827	-45.9968169394142
			56.8588103684149	-46.0360299120821
			56.819597395747	-46.0360299120821
			56.7803844230791	-46.07524288475
			56.7411714504113	-46.07524288475
			56.7019584777434	-46.07524288475
			56.6627455050755	-46.1144558574179
			56.6235325324076	-46.1144558574179
			56.5843195597398	-46.1144558574179
			56.5451065870719	-46.1536688300857
			56.505893614404	-46.1536688300857
			56.4666806417361	-46.1536688300857
			56.4274676690683	-46.1536688300857
			56.3882546964004	-46.1536688300857
			56.3490417237325	-46.1928818027536
			56.3098287510647	-46.1928818027536
			56.2706157783968	-46.1928818027536
			56.2314028057289	-46.1928818027536
			56.192189833061	-46.1928818027536
			56.1529768603932	-46.1928818027536
			56.1137638877253	-46.1928818027536
			56.0745509150574	-46.1928818027536
			56.0353379423896	-46.2320947754215
			55.9961249697217	-46.2320947754215
			55.9569119970538	-46.2320947754215
			55.9176990243859	-46.2320947754215
			55.8784860517181	-46.2320947754215
			55.8392730790502	-46.2320947754215
			55.8000601063823	-46.1928818027536
			55.7608471337144	-46.1928818027536
			55.7216341610466	-46.1928818027536
			55.6824211883787	-46.1928818027536
			55.6432082157108	-46.1928818027536
			55.603995243043	-46.1928818027536
			55.5647822703751	-46.1928818027536
			55.5255692977072	-46.1928818027536
			55.4863563250393	-46.1928818027536
			55.4471433523715	-46.1536688300857
			55.4079303797036	-46.1536688300857
			55.3687174070357	-46.1536688300857
			55.3295044343678	-46.1536688300857
			55.2902914617	-46.1144558574179
			55.2510784890321	-46.1144558574179
			55.2118655163642	-46.1144558574179
			55.1726525436964	-46.1144558574179
			55.1334395710285	-46.07524288475
			55.0942265983606	-46.07524288475
			55.0550136256927	-46.07524288475
			55.0158006530249	-46.0360299120821
			54.976587680357	-46.0360299120821
			54.9373747076891	-45.9968169394142
			54.8981617350213	-45.9968169394142
			54.8589487623534	-45.9576039667464
			54.8197357896855	-45.9576039667464
			54.7805228170176	-45.9576039667464
			54.7413098443498	-45.9183909940785
			54.7020968716819	-45.9183909940785
			54.662883899014	-45.8791780214106
			54.6236709263462	-45.8791780214106
			54.5844579536783	-45.8399650487427
			54.5452449810104	-45.8399650487427
			54.5060320083425	-45.8007520760749
			54.4668190356747	-45.8007520760749
			54.4276060630068	-45.761539103407
			54.3883930903389	-45.761539103407
			54.349180117671	-45.7223261307391
			54.3099671450032	-45.6831131580713
			54.2707541723353	-45.6831131580713
			54.2315411996674	-45.6439001854034
			54.1923282269996	-45.6439001854034
			54.1531152543317	-45.6046872127355
			54.1139022816638	-45.5654742400676
			54.0746893089959	-45.5654742400676
			54.0746893089959	-45.6046872127355
			54.0354763363281	-45.6439001854034
			53.9962633636602	-45.6439001854034
			53.9570503909923	-45.6831131580713
			53.9178374183244	-45.6831131580713
			53.8786244456566	-45.7223261307391
			53.8394114729887	-45.7223261307391
			53.8001985003208	-45.7223261307391
			53.760985527653	-45.761539103407
			53.7217725549851	-45.761539103407
			53.6825595823172	-45.8007520760749
			53.6433466096493	-45.8007520760749
			53.6041336369815	-45.8007520760749
			53.5649206643136	-45.8007520760749
			53.5257076916457	-45.8399650487427
			53.4864947189779	-45.8399650487427
			53.44728174631	-45.8399650487427
			53.4080687736421	-45.8399650487427
			53.3688558009742	-45.8399650487427
			53.3296428283064	-45.8399650487427
			53.2904298556385	-45.8791780214106
			53.2512168829706	-45.8791780214106
			53.2120039103027	-45.8791780214106
			53.1727909376349	-45.8791780214106
			53.133577964967	-45.8791780214106
			53.0943649922991	-45.8791780214106
			53.0551520196313	-45.8791780214106
			53.0159390469634	-45.8791780214106
			52.9767260742955	-45.8791780214106
			52.9375131016276	-45.8791780214106
			52.8983001289598	-45.8791780214106
			52.8590871562919	-45.8791780214106
			52.819874183624	-45.8791780214106
			52.7806612109561	-45.8791780214106
			52.7414482382883	-45.8791780214106
			52.7022352656204	-45.8791780214106
			52.6630222929525	-45.8791780214106
			52.6238093202847	-45.8791780214106
			52.5845963476168	-45.8791780214106
			52.5453833749489	-45.8791780214106
			52.506170402281	-45.8399650487427
			52.4669574296132	-45.8399650487427
			52.4277444569453	-45.8399650487427
			52.3885314842774	-45.8399650487427
			52.3493185116096	-45.8399650487427
			52.3101055389417	-45.8399650487427
			52.2708925662738	-45.8399650487427
			52.2316795936059	-45.8399650487427
			52.1924666209381	-45.8399650487427
			52.1532536482702	-45.8007520760749
			52.1140406756023	-45.8007520760749
			52.0748277029344	-45.8007520760749
			52.0356147302666	-45.8007520760749
			51.9964017575987	-45.8007520760749
			51.9571887849308	-45.761539103407
			51.917975812263	-45.761539103407
			51.8787628395951	-45.761539103407
			51.8395498669272	-45.761539103407
			51.8003368942593	-45.761539103407
			51.8003368942593	-45.8007520760749
			51.7611239215915	-45.8007520760749
			51.7219109489236	-45.8007520760749
			51.6826979762557	-45.8007520760749
			51.6434850035879	-45.8399650487427
			51.60427203092	-45.8399650487427
			51.5650590582521	-45.8791780214106
			51.5258460855842	-45.8791780214106
			51.4866331129164	-45.8791780214106
			51.4474201402485	-45.8791780214106
			51.4474201402485	-45.9183909940785
			51.4082071675806	-45.9183909940785
			51.3689941949127	-45.9183909940785
			51.3297812222449	-45.9183909940785
			51.290568249577	-45.9576039667464
			51.2513552769091	-45.9576039667464
			51.2121423042413	-45.9576039667464
			51.1729293315734	-45.9576039667464
			51.1337163589055	-45.9968169394142
			51.0945033862376	-45.9968169394142
			51.0552904135698	-45.9968169394142
			51.0160774409019	-45.9968169394142
			50.976864468234	-45.9968169394142
			50.976864468234	-46.0360299120821
			50.9376514955662	-46.0360299120821
			50.8984385228983	-46.0360299120821
			50.8592255502304	-46.0360299120821
			50.8200125775625	-46.0360299120821
			50.7807996048947	-46.0360299120821
			50.7415866322268	-46.0360299120821
			50.7023736595589	-46.0360299120821
			50.663160686891	-46.07524288475
			50.6239477142232	-46.07524288475
			50.5847347415553	-46.07524288475
			50.5455217688874	-46.07524288475
			50.5063087962196	-46.07524288475
			50.4670958235517	-46.07524288475
			50.4278828508838	-46.07524288475
			50.3886698782159	-46.07524288475
			50.3494569055481	-46.07524288475
			50.3102439328802	-46.07524288475
			50.2710309602123	-46.07524288475
			50.2318179875444	-46.07524288475
			50.1926050148766	-46.07524288475
			50.1533920422087	-46.07524288475
			50.1141790695408	-46.0360299120821
			50.074966096873	-46.0360299120821
			50.0357531242051	-46.0360299120821
			49.9965401515372	-46.0360299120821
			49.9573271788693	-46.0360299120821
			49.9181142062015	-46.0360299120821
			49.8789012335336	-45.9968169394142
			49.8396882608657	-45.9968169394142
			49.8004752881979	-45.9968169394142
			49.76126231553	-45.9968169394142
			49.7220493428621	-45.9968169394142
			49.7220493428621	-45.9576039667464
			49.6828363701942	-45.9576039667464
			49.6436233975264	-45.9576039667464
			49.6044104248585	-45.9576039667464
			49.6044104248585	-45.9183909940785
			49.5651974521906	-45.9183909940785
			49.5259844795227	-45.9183909940785
			49.4867715068549	-45.8791780214106
			49.447558534187	-45.8791780214106
			49.4083455615191	-45.8791780214106
			49.3691325888513	-45.8399650487427
			49.3299196161834	-45.8399650487427
			49.2907066435155	-45.8007520760749
			49.2514936708476	-45.8007520760749
			49.2122806981798	-45.761539103407
			49.1730677255119	-45.7223261307391
			49.133854752844	-45.7223261307391
			49.0946417801762	-45.6831131580713
			49.0554288075083	-45.6831131580713
			49.0162158348404	-45.6439001854034
			48.9770028621725	-45.6831131580713
			48.9377898895047	-45.6831131580713
			48.8985769168368	-45.7223261307391
			48.8593639441689	-45.7223261307391
			48.820150971501	-45.761539103407
			48.7809379988332	-45.761539103407
			48.7417250261653	-45.761539103407
			48.7417250261653	-45.8007520760749
			48.7025120534974	-45.8007520760749
			48.6632990808296	-45.8007520760749
			48.6240861081617	-45.8399650487427
			48.5848731354938	-45.8399650487427
			48.5456601628259	-45.8791780214106
			48.5064471901581	-45.8791780214106
			48.4672342174902	-45.8791780214106
			48.4280212448223	-45.9183909940785
			48.3888082721544	-45.9183909940785
			48.3495952994866	-45.9183909940785
			48.3103823268187	-45.9576039667464
			48.2711693541508	-45.9576039667464
			48.231956381483	-45.9576039667464
			48.1927434088151	-45.9968169394142
			48.1535304361472	-45.9968169394142
			48.1143174634793	-45.9968169394142
			48.0751044908115	-46.0360299120821
			48.0358915181436	-46.0360299120821
			47.9966785454757	-46.0360299120821
			47.9574655728079	-46.0360299120821
			47.91825260014	-46.0360299120821
			47.8790396274721	-46.0360299120821
			47.8398266548042	-46.07524288475
			47.8006136821364	-46.07524288475
			47.7614007094685	-46.07524288475
			47.7221877368006	-46.07524288475
			47.6829747641328	-46.07524288475
			47.6437617914649	-46.07524288475
			47.604548818797	-46.07524288475
			47.5653358461291	-46.07524288475
			47.5261228734613	-46.07524288475
			47.4869099007934	-46.07524288475
			47.4476969281255	-46.07524288475
			47.4084839554576	-46.07524288475
			47.3692709827898	-46.07524288475
			47.3300580101219	-46.07524288475
			47.290845037454	-46.07524288475
			47.2516320647862	-46.07524288475
			47.2124190921183	-46.0360299120821
			47.1732061194504	-46.0360299120821
			47.1339931467825	-46.0360299120821
			47.0947801741147	-46.0360299120821
			47.0555672014468	-45.9968169394142
			47.0163542287789	-45.9968169394142
			46.977141256111	-45.9968169394142
			46.9379282834432	-45.9576039667464
			46.8987153107753	-45.9576039667464
			46.8595023381074	-45.9183909940785
			46.8202893654396	-45.9183909940785
			46.7810763927717	-45.9183909940785
			46.7418634201038	-45.9576039667464
			46.7026504474359	-45.9576039667464
			46.6634374747681	-45.9576039667464
			46.6242245021002	-45.9576039667464
			46.5850115294323	-45.9968169394142
			46.5457985567645	-45.9968169394142
			46.5065855840966	-45.9968169394142
			46.4673726114287	-45.9968169394142
			46.4281596387608	-45.9968169394142
			46.388946666093	-46.0360299120821
			46.3497336934251	-46.0360299120821
			46.3105207207572	-46.0360299120821
			46.2713077480893	-46.0360299120821
			46.2320947754215	-46.0360299120821
			46.1928818027536	-46.0360299120821
			46.1536688300857	-46.07524288475
			46.1144558574179	-46.07524288475
			46.07524288475	-46.07524288475
			46.0360299120821	-46.07524288475
			45.9968169394142	-46.07524288475
			45.9576039667464	-46.07524288475
			45.9183909940785	-46.07524288475
			45.8791780214106	-46.07524288475
			45.8399650487427	-46.1144558574179
			45.8007520760749	-46.1144558574179
			45.761539103407	-46.1144558574179
			45.7223261307391	-46.1144558574179
			45.6831131580713	-46.1144558574179
			45.6439001854034	-46.1144558574179
			45.6046872127355	-46.1144558574179
			45.5654742400676	-46.1144558574179
			45.5262612673998	-46.1144558574179
			45.4870482947319	-46.1144558574179
			45.447835322064	-46.1144558574179
			45.4086223493962	-46.1144558574179
			45.3694093767283	-46.1144558574179
			45.3301964040604	-46.1144558574179
			45.2909834313925	-46.1144558574179
			45.2517704587247	-46.1144558574179
			45.2125574860568	-46.1144558574179
			45.1733445133889	-46.1144558574179
			45.1341315407211	-46.1144558574179
			45.0949185680532	-46.07524288475
			45.0557055953853	-46.07524288475
			45.0164926227174	-46.07524288475
			44.9772796500496	-46.07524288475
			44.9380666773817	-46.07524288475
			44.8988537047138	-46.07524288475
			44.8596407320459	-46.0360299120821
			44.8204277593781	-46.0360299120821
			44.7812147867102	-46.0360299120821
			44.7420018140423	-46.0360299120821
			44.7027888413744	-45.9968169394142
			44.6635758687066	-45.9968169394142
			44.6243628960387	-45.9968169394142
			44.5851499233708	-45.9968169394142
			44.545936950703	-45.9576039667464
			44.5067239780351	-45.9576039667464
			44.4675110053672	-45.9576039667464
			44.4282980326993	-45.9183909940785
			44.3890850600315	-45.9183909940785
			44.3498720873636	-45.8791780214106
			44.3106591146957	-45.8791780214106
			44.2714461420279	-45.8791780214106
			44.23223316936	-45.8399650487427
			44.1930201966921	-45.8399650487427
			44.1538072240242	-45.8007520760749
			44.1145942513564	-45.761539103407
			44.0753812786885	-45.761539103407
			44.0361683060206	-45.7223261307391
			43.9969553333528	-45.761539103407
			43.9577423606849	-45.761539103407
			43.918529388017	-45.8007520760749
			43.8793164153491	-45.8007520760749
			43.8401034426813	-45.8399650487427
			43.8008904700134	-45.8791780214106
			43.7616774973455	-45.8791780214106
			43.7224645246776	-45.9183909940785
			43.6832515520098	-45.9183909940785
			43.6440385793419	-45.9576039667464
			43.604825606674	-45.9576039667464
			43.5656126340062	-45.9968169394142
			43.5263996613383	-45.9968169394142
			43.4871866886704	-45.9968169394142
			43.4479737160025	-46.0360299120821
			43.4087607433347	-46.0360299120821
			43.3695477706668	-46.07524288475
			43.3303347979989	-46.07524288475
			43.291121825331	-46.07524288475
			43.2519088526632	-46.1144558574179
			43.2126958799953	-46.1144558574179
			43.1734829073274	-46.1144558574179
			43.1342699346596	-46.1144558574179
			43.0950569619917	-46.1536688300857
			43.0558439893238	-46.1536688300857
			43.0166310166559	-46.1536688300857
			42.9774180439881	-46.1536688300857
			42.9382050713202	-46.1536688300857
			42.8989920986523	-46.1928818027536
			42.8597791259845	-46.1928818027536
			42.8205661533166	-46.1928818027536
			42.7813531806487	-46.1928818027536
			42.7421402079808	-46.1928818027536
			42.702927235313	-46.1928818027536
			42.6637142626451	-46.1928818027536
			42.6245012899772	-46.1928818027536
			42.5852883173093	-46.1928818027536
			42.5460753446415	-46.1928818027536
			42.5068623719736	-46.1928818027536
			42.4676493993057	-46.1928818027536
			42.4284364266379	-46.1928818027536
			42.38922345397	-46.1928818027536
			42.3500104813021	-46.1928818027536
			42.3107975086342	-46.1928818027536
			42.2715845359664	-46.1928818027536
			42.2323715632985	-46.1928818027536
			42.1931585906306	-46.1928818027536
			42.1539456179627	-46.1928818027536
			42.1147326452949	-46.1536688300857
			42.075519672627	-46.1536688300857
			42.0363066999591	-46.1536688300857
			41.9970937272913	-46.1536688300857
			41.9578807546234	-46.1536688300857
			41.9186677819555	-46.1536688300857
			41.8794548092876	-46.1144558574179
			41.8402418366198	-46.1144558574179
			41.8010288639519	-46.1144558574179
			41.761815891284	-46.07524288475
			41.7226029186162	-46.07524288475
			41.6833899459483	-46.07524288475
			41.6441769732804	-46.0360299120821
			41.6049640006125	-46.0360299120821
			41.5657510279447	-46.0360299120821
			41.5265380552768	-45.9968169394142
			41.4873250826089	-45.9968169394142
			41.4481121099411	-45.9576039667464
			41.4088991372732	-45.9576039667464
			41.3696861646053	-45.9183909940785
			41.3304731919374	-45.9183909940785
			41.2912602192696	-45.9183909940785
			41.2520472466017	-45.8791780214106
			41.2128342739338	-45.8791780214106
			41.1736213012659	-45.8399650487427
			41.1344083285981	-45.8399650487427
			41.0951953559302	-45.8399650487427
			41.0559823832623	-45.8791780214106
			41.0167694105944	-45.8791780214106
			40.9775564379266	-45.8791780214106
			40.9383434652587	-45.8791780214106
			40.8991304925908	-45.8791780214106
			40.859917519923	-45.9183909940785
			40.8207045472551	-45.9183909940785
			40.7814915745872	-45.9183909940785
			40.7422786019193	-45.9183909940785
			40.7030656292515	-45.9183909940785
			40.6638526565836	-45.9576039667464
			40.6246396839157	-45.9576039667464
			40.5854267112479	-45.9576039667464
			40.54621373858	-45.9576039667464
			40.5070007659121	-45.9576039667464
			40.4677877932442	-45.9576039667464
			40.4285748205764	-45.9968169394142
			40.3893618479085	-45.9968169394142
			40.3501488752406	-45.9968169394142
			40.3109359025728	-45.9968169394142
			40.2717229299049	-45.9968169394142
			40.232509957237	-46.0360299120821
			40.1932969845691	-46.0360299120821
			40.1540840119013	-46.0360299120821
			40.1148710392334	-46.0360299120821
			40.0756580665655	-46.0360299120821
			40.0364450938976	-46.0360299120821
			39.9972321212298	-46.0360299120821
			39.9580191485619	-46.07524288475
			39.918806175894	-46.07524288475
			39.8795932032262	-46.07524288475
			39.8403802305583	-46.07524288475
			39.8011672578904	-46.07524288475
			39.7619542852225	-46.07524288475
			39.7227413125547	-46.07524288475
			39.6835283398868	-46.07524288475
			39.6443153672189	-46.07524288475
			39.605102394551	-46.1144558574179
			39.5658894218832	-46.1144558574179
			39.5266764492153	-46.1144558574179
			39.4874634765474	-46.1144558574179
			39.4482505038796	-46.1144558574179
			39.4090375312117	-46.1144558574179
			39.3698245585438	-46.1144558574179
			39.3306115858759	-46.1144558574179
			39.2913986132081	-46.1144558574179
			39.2521856405402	-46.1144558574179
			39.2129726678723	-46.1144558574179
			39.1737596952045	-46.1144558574179
			39.1345467225366	-46.1144558574179
			39.0953337498687	-46.1144558574179
			39.0561207772008	-46.1144558574179
			39.016907804533	-46.1144558574179
			38.9776948318651	-46.1144558574179
			38.9384818591972	-46.1144558574179
			38.8992688865293	-46.1144558574179
			38.8600559138615	-46.1144558574179
			38.8208429411936	-46.1144558574179
			38.7816299685257	-46.1144558574179
			38.7424169958579	-46.07524288475
			38.70320402319	-46.07524288475
			38.6639910505221	-46.07524288475
			38.6247780778542	-46.07524288475
			38.5855651051864	-46.0360299120821
			38.5463521325185	-46.0360299120821
			38.5071391598506	-45.9968169394142
			38.4679261871828	-45.9576039667464
			38.4287132145149	-45.9576039667464
			38.389500241847	-45.9183909940785
			38.3502872691791	-45.8791780214106
			38.3502872691791	-45.8399650487427
			38.3502872691791	-45.8007520760749
			38.3502872691791	-45.761539103407
			38.3502872691791	-45.7223261307391
			38.3110742965113	-45.7223261307391
			38.2718613238434	-45.761539103407
			38.2326483511755	-45.761539103407
			38.1934353785076	-45.761539103407
			38.1542224058398	-45.8007520760749
			38.1150094331719	-45.8007520760749
			38.1150094331719	-45.8399650487427
			38.075796460504	-45.8399650487427
			38.0365834878362	-45.8791780214106
			37.9973705151683	-45.8791780214106
			37.9581575425004	-45.9183909940785
			37.9189445698325	-45.9183909940785
			37.8797315971647	-45.9576039667464
			37.8405186244968	-45.9576039667464
			37.8013056518289	-45.9576039667464
			37.7620926791611	-45.9576039667464
			37.7620926791611	-45.9968169394142
			37.7228797064932	-45.9968169394142
			37.6836667338253	-45.9968169394142
			37.6444537611574	-45.9968169394142
			37.6444537611574	-46.0360299120821
			37.6052407884896	-46.0360299120821
			37.5660278158217	-46.0360299120821
			37.5268148431538	-46.0360299120821
			37.4876018704859	-46.0360299120821
			37.4483888978181	-46.0360299120821
			37.4091759251502	-46.0360299120821
			37.3699629524823	-46.0360299120821
			37.3307499798145	-46.0360299120821
			37.2915370071466	-46.0360299120821
			37.2523240344787	-46.0360299120821
			37.2131110618108	-45.9968169394142
			37.173898089143	-45.9968169394142
			37.1346851164751	-45.9968169394142
			37.1346851164751	-45.9576039667464
			37.0954721438072	-45.9576039667464
			37.0562591711393	-45.9183909940785
			37.0170461984715	-45.8791780214106
			36.9778332258036	-45.8399650487427
			36.9386202531357	-45.8007520760749
			36.9386202531357	-45.761539103407
			36.8994072804679	-45.7223261307391
			36.8601943078	-45.7223261307391
			36.8209813351321	-45.7223261307391
			36.7817683624642	-45.761539103407
			36.7425553897964	-45.761539103407
			36.7033424171285	-45.761539103407
			36.6641294444606	-45.761539103407
			36.6249164717928	-45.761539103407
			36.5857034991249	-45.8007520760749
			36.546490526457	-45.8007520760749
			36.5072775537891	-45.8007520760749
			36.4680645811213	-45.8007520760749
			36.4288516084534	-45.8007520760749
			36.3896386357855	-45.8007520760749
			36.3504256631176	-45.8399650487427
			36.3112126904498	-45.8399650487427
			36.2719997177819	-45.8399650487427
			36.232786745114	-45.8399650487427
			36.1935737724462	-45.8399650487427
			36.1543607997783	-45.8399650487427
			36.1151478271104	-45.8399650487427
		</c2>
	</curves.scaled>
	<ruler.points type=matrix rownames=TRUE colnames=FALSE nrow=2 ncol=2 as.numeric=TRUE >
		Ruler point 1	2162	280
		Ruler point 2	2417	277
	</ruler.points>
</shapes>

