<shapes type=list>
	<ruler.pixel type=vector names=FALSE length=1 as.numeric=TRUE >255.017646448241</ruler.pixel>
	<ruler.interval type=vector names=FALSE length=1 as.numeric=TRUE >10</ruler.interval>
	<scaling.units type=vector names=FALSE length=1 as.numeric=FALSE >undefined</scaling.units>
	<scaling type=vector names=FALSE length=1 as.numeric=TRUE >0.0392129726678723</scaling>
	<landmarks.pixel type=matrix rownames=TRUE colnames=FALSE nrow=2 ncol=2 as.numeric=TRUE >
		LM1	968	1143
		LM2	1651	1144
	</landmarks.pixel>
	<landmarks.scaled type=matrix rownames=TRUE colnames=FALSE nrow=2 ncol=2 as.numeric=TRUE >
		LM1	37.9581575425004	-44.8204277593781
		LM2	64.7406178746572	-44.8596407320459
	</landmarks.scaled>
	<curves.control type=list>
		<c1 type=matrix rownames=FALSE colnames=FALSE nrow=15 ncol=2 as.numeric=TRUE >
			968	1143
			1014	1120
			1071	1092
			1134	1063
			1237	1029
			1314	994
			1359	993
			1430	987
			1426	1003
			1456	1039
			1521	1066
			1549	1087
			1601	1109
			1636	1132
			1651	1144
		</c1>
		<c2 type=matrix rownames=FALSE colnames=FALSE nrow=29 ncol=2 as.numeric=TRUE >
			1651	1144
			1646	1148
			1637	1147
			1625	1150
			1613	1148
			1600	1155
			1586	1151
			1560	1157
			1535	1153
			1501	1161
			1487	1157
			1450	1164
			1422	1156
			1363	1162
			1298	1154
			1267	1157
			1244	1159
			1191	1162
			1161	1155
			1139	1163
			1128	1159
			1099	1160
			1086	1156
			1047	1154
			1024	1150
			1002	1146
			981	1148
			974	1147
			968	1143
		</c2>
	</curves.control>
	<curves.pixel type=list>
		<c1 type=matrix rownames=FALSE colnames=FALSE nrow=732 ncol=2 as.numeric=TRUE >
			968	1143
			969	1143
			970	1142
			971	1142
			971	1141
			972	1141
			973	1140
			974	1140
			975	1140
			976	1139
			977	1139
			977	1138
			978	1138
			979	1137
			980	1137
			981	1137
			982	1136
			983	1136
			984	1135
			985	1134
			986	1134
			987	1133
			988	1133
			989	1133
			989	1132
			990	1132
			991	1132
			991	1131
			992	1131
			993	1131
			993	1130
			994	1130
			995	1130
			995	1129
			996	1129
			997	1128
			998	1128
			999	1127
			1000	1127
			1001	1127
			1002	1126
			1003	1125
			1004	1125
			1005	1125
			1006	1124
			1007	1124
			1008	1123
			1009	1123
			1010	1122
			1011	1122
			1012	1121
			1013	1121
			1014	1120
			1015	1120
			1016	1119
			1017	1119
			1018	1118
			1019	1118
			1020	1117
			1021	1117
			1022	1116
			1023	1116
			1024	1115
			1025	1115
			1026	1114
			1027	1114
			1028	1113
			1029	1113
			1030	1112
			1031	1112
			1032	1111
			1033	1111
			1034	1110
			1035	1110
			1036	1109
			1037	1109
			1038	1108
			1039	1108
			1040	1107
			1041	1107
			1042	1106
			1043	1106
			1044	1105
			1045	1105
			1046	1104
			1047	1104
			1048	1103
			1049	1103
			1050	1102
			1051	1102
			1052	1101
			1053	1101
			1054	1100
			1055	1100
			1056	1099
			1057	1099
			1058	1098
			1059	1098
			1060	1098
			1060	1097
			1061	1097
			1062	1096
			1063	1096
			1064	1095
			1065	1095
			1066	1094
			1067	1094
			1068	1094
			1069	1093
			1070	1093
			1071	1092
			1072	1092
			1073	1091
			1074	1091
			1075	1090
			1076	1090
			1077	1089
			1078	1089
			1079	1088
			1080	1088
			1081	1087
			1082	1087
			1083	1087
			1084	1086
			1085	1086
			1086	1085
			1087	1085
			1088	1084
			1089	1084
			1090	1084
			1090	1083
			1091	1083
			1092	1083
			1093	1082
			1094	1082
			1095	1082
			1095	1081
			1096	1081
			1097	1080
			1098	1080
			1099	1080
			1100	1079
			1101	1079
			1102	1078
			1103	1078
			1104	1077
			1105	1077
			1106	1077
			1107	1076
			1108	1076
			1109	1075
			1110	1075
			1111	1075
			1112	1074
			1113	1074
			1114	1074
			1115	1073
			1116	1073
			1117	1072
			1118	1072
			1119	1071
			1120	1071
			1121	1071
			1122	1070
			1123	1070
			1124	1070
			1125	1069
			1126	1069
			1127	1068
			1128	1068
			1129	1068
			1130	1067
			1131	1067
			1132	1067
			1133	1066
			1134	1066
			1134	1065
			1135	1065
			1136	1065
			1137	1064
			1138	1064
			1139	1064
			1140	1063
			1141	1063
			1142	1062
			1143	1062
			1144	1062
			1145	1061
			1146	1061
			1147	1061
			1148	1060
			1149	1060
			1150	1060
			1151	1059
			1152	1059
			1153	1058
			1154	1058
			1155	1058
			1156	1057
			1157	1057
			1158	1056
			1159	1056
			1160	1056
			1161	1055
			1162	1055
			1163	1055
			1164	1054
			1165	1054
			1166	1054
			1167	1053
			1168	1053
			1169	1052
			1170	1052
			1171	1052
			1172	1051
			1173	1051
			1174	1051
			1175	1050
			1176	1050
			1177	1050
			1178	1049
			1179	1049
			1180	1049
			1181	1048
			1182	1048
			1183	1047
			1184	1047
			1185	1047
			1186	1046
			1187	1046
			1188	1046
			1189	1045
			1190	1045
			1191	1045
			1192	1044
			1193	1044
			1194	1043
			1195	1043
			1196	1043
			1197	1042
			1198	1042
			1199	1042
			1200	1041
			1201	1041
			1202	1041
			1203	1040
			1204	1040
			1205	1040
			1206	1040
			1206	1039
			1207	1039
			1208	1039
			1209	1039
			1209	1038
			1210	1038
			1211	1038
			1212	1037
			1213	1037
			1214	1037
			1215	1036
			1216	1036
			1217	1036
			1218	1035
			1219	1035
			1220	1035
			1221	1034
			1222	1034
			1223	1034
			1224	1033
			1225	1033
			1226	1033
			1227	1032
			1228	1032
			1229	1032
			1230	1031
			1231	1031
			1232	1031
			1233	1030
			1234	1030
			1235	1030
			1236	1029
			1237	1029
			1238	1028
			1239	1028
			1240	1028
			1241	1027
			1242	1027
			1243	1026
			1244	1026
			1245	1025
			1246	1025
			1247	1025
			1248	1024
			1249	1024
			1250	1023
			1251	1023
			1252	1022
			1253	1022
			1254	1022
			1254	1021
			1255	1021
			1256	1021
			1257	1020
			1258	1020
			1259	1019
			1260	1019
			1261	1019
			1262	1018
			1263	1018
			1264	1017
			1265	1017
			1266	1016
			1267	1016
			1268	1016
			1269	1015
			1270	1015
			1271	1015
			1271	1014
			1272	1014
			1273	1014
			1274	1013
			1275	1013
			1276	1013
			1276	1012
			1277	1012
			1278	1012
			1279	1012
			1280	1011
			1281	1011
			1282	1010
			1283	1010
			1284	1010
			1285	1009
			1286	1009
			1287	1009
			1288	1008
			1289	1008
			1290	1008
			1291	1007
			1292	1007
			1293	1007
			1294	1006
			1295	1006
			1296	1006
			1297	1005
			1298	1005
			1299	1005
			1299	1004
			1300	1004
			1301	1004
			1302	1004
			1303	1003
			1304	1003
			1305	1003
			1306	1003
			1307	1002
			1308	1002
			1309	1002
			1309	1001
			1310	1001
			1311	1001
			1312	1001
			1313	1001
			1314	1000
			1315	1000
			1316	1000
			1317	999
			1318	999
			1319	999
			1320	999
			1321	998
			1322	998
			1323	998
			1324	998
			1325	997
			1326	997
			1327	997
			1328	997
			1329	997
			1330	996
			1331	996
			1332	996
			1333	996
			1334	996
			1335	996
			1336	995
			1337	995
			1338	995
			1339	995
			1340	995
			1341	995
			1342	994
			1343	994
			1344	994
			1345	994
			1346	994
			1347	994
			1348	994
			1349	994
			1350	994
			1351	993
			1352	993
			1353	993
			1354	993
			1355	993
			1356	993
			1357	993
			1358	993
			1359	993
			1360	993
			1361	993
			1362	993
			1363	993
			1364	993
			1365	993
			1366	992
			1367	992
			1368	992
			1369	992
			1370	992
			1371	992
			1372	992
			1373	992
			1374	992
			1375	992
			1376	992
			1377	992
			1378	992
			1379	992
			1380	992
			1381	992
			1382	992
			1383	992
			1384	991
			1385	991
			1386	991
			1387	991
			1388	991
			1389	991
			1390	991
			1391	991
			1392	991
			1393	991
			1394	991
			1395	991
			1396	991
			1397	991
			1398	991
			1399	991
			1400	991
			1400	992
			1401	992
			1402	992
			1403	992
			1404	992
			1405	992
			1406	992
			1407	992
			1408	992
			1409	992
			1410	992
			1411	992
			1412	993
			1413	993
			1414	993
			1415	993
			1416	993
			1417	994
			1418	994
			1419	994
			1420	995
			1421	995
			1422	995
			1422	996
			1423	996
			1424	997
			1425	998
			1426	999
			1426	1000
			1426	1001
			1426	1002
			1426	1003
			1427	1004
			1428	1005
			1429	1006
			1430	1007
			1431	1008
			1431	1009
			1432	1010
			1433	1010
			1433	1011
			1434	1012
			1435	1012
			1435	1013
			1436	1014
			1437	1015
			1438	1015
			1438	1016
			1439	1017
			1440	1017
			1441	1018
			1441	1019
			1442	1019
			1443	1020
			1444	1021
			1444	1022
			1445	1022
			1446	1023
			1447	1024
			1448	1024
			1449	1025
			1449	1026
			1450	1026
			1451	1027
			1452	1028
			1453	1028
			1454	1029
			1455	1030
			1456	1030
			1456	1031
			1457	1032
			1458	1032
			1459	1033
			1460	1034
			1461	1034
			1462	1035
			1463	1036
			1464	1036
			1465	1037
			1466	1037
			1467	1038
			1468	1039
			1469	1039
			1470	1040
			1471	1041
			1472	1041
			1473	1042
			1474	1043
			1475	1043
			1476	1044
			1477	1044
			1478	1045
			1479	1046
			1480	1046
			1481	1047
			1482	1048
			1483	1048
			1484	1048
			1484	1049
			1485	1049
			1486	1049
			1486	1050
			1487	1050
			1488	1050
			1489	1051
			1490	1052
			1491	1052
			1492	1053
			1493	1053
			1494	1054
			1495	1054
			1496	1055
			1497	1055
			1498	1056
			1499	1056
			1500	1057
			1501	1057
			1502	1057
			1502	1058
			1503	1058
			1504	1058
			1504	1059
			1505	1059
			1506	1059
			1506	1060
			1507	1060
			1508	1060
			1509	1061
			1510	1061
			1511	1062
			1512	1062
			1513	1062
			1513	1063
			1514	1063
			1515	1063
			1516	1064
			1517	1064
			1517	1065
			1518	1065
			1519	1065
			1520	1066
			1521	1066
			1522	1066
			1522	1067
			1523	1068
			1524	1068
			1525	1069
			1526	1070
			1527	1070
			1528	1071
			1529	1072
			1530	1072
			1531	1073
			1532	1074
			1533	1074
			1534	1075
			1535	1075
			1536	1076
			1537	1077
			1538	1077
			1539	1078
			1540	1079
			1541	1079
			1542	1080
			1543	1081
			1544	1081
			1545	1082
			1546	1082
			1546	1083
			1547	1083
			1548	1083
			1549	1084
			1550	1084
			1551	1085
			1552	1086
			1553	1086
			1554	1087
			1555	1087
			1556	1088
			1557	1088
			1557	1089
			1558	1089
			1559	1090
			1560	1090
			1561	1090
			1562	1091
			1563	1091
			1564	1092
			1565	1092
			1566	1093
			1567	1093
			1568	1094
			1569	1094
			1570	1095
			1571	1095
			1572	1096
			1573	1096
			1574	1097
			1575	1097
			1576	1098
			1577	1098
			1578	1099
			1579	1099
			1580	1100
			1581	1100
			1582	1100
			1583	1101
			1584	1101
			1585	1102
			1586	1102
			1587	1103
			1588	1103
			1589	1104
			1590	1104
			1591	1105
			1592	1105
			1593	1106
			1594	1106
			1595	1106
			1595	1107
			1596	1107
			1597	1107
			1598	1108
			1599	1108
			1600	1108
			1601	1109
			1602	1110
			1603	1110
			1604	1111
			1605	1112
			1606	1112
			1607	1113
			1608	1114
			1609	1114
			1610	1115
			1611	1116
			1612	1117
			1613	1117
			1614	1118
			1615	1118
			1616	1119
			1617	1120
			1618	1120
			1619	1121
			1620	1122
			1621	1122
			1622	1123
			1623	1124
			1624	1124
			1624	1125
			1625	1125
			1626	1126
			1627	1127
			1628	1127
			1629	1128
			1630	1128
			1630	1129
			1631	1129
			1632	1130
			1633	1130
			1633	1131
			1634	1132
			1635	1132
			1636	1133
			1637	1134
			1638	1134
			1639	1135
			1640	1135
			1640	1136
			1641	1137
			1642	1137
			1643	1138
			1644	1139
			1645	1139
			1646	1140
			1647	1141
			1648	1141
			1648	1142
			1649	1142
			1650	1143
			1650	1144
			1651	1144
		</c1>
		<c2 type=matrix rownames=FALSE colnames=FALSE nrow=687 ncol=2 as.numeric=TRUE >
			1651	1144
			1650	1145
			1649	1145
			1648	1146
			1647	1146
			1646	1146
			1645	1147
			1644	1147
			1643	1147
			1642	1147
			1641	1147
			1640	1147
			1639	1147
			1638	1147
			1637	1147
			1636	1147
			1635	1147
			1634	1148
			1633	1148
			1632	1148
			1631	1148
			1630	1148
			1629	1148
			1628	1149
			1627	1149
			1626	1149
			1625	1149
			1624	1149
			1623	1149
			1622	1149
			1621	1149
			1620	1149
			1619	1149
			1618	1149
			1617	1148
			1616	1148
			1615	1148
			1614	1148
			1613	1148
			1612	1149
			1611	1149
			1610	1149
			1610	1150
			1609	1150
			1608	1150
			1607	1151
			1606	1151
			1605	1151
			1604	1152
			1603	1152
			1602	1152
			1601	1152
			1600	1152
			1599	1152
			1598	1152
			1597	1152
			1596	1152
			1595	1152
			1594	1152
			1593	1152
			1592	1152
			1591	1152
			1590	1152
			1589	1152
			1588	1151
			1587	1151
			1586	1151
			1585	1151
			1584	1151
			1583	1152
			1582	1152
			1581	1152
			1580	1152
			1579	1152
			1578	1153
			1577	1153
			1576	1153
			1575	1153
			1574	1153
			1573	1153
			1572	1154
			1571	1154
			1570	1154
			1569	1154
			1568	1154
			1567	1154
			1566	1154
			1565	1154
			1564	1154
			1563	1154
			1562	1154
			1561	1154
			1560	1154
			1559	1155
			1558	1155
			1557	1155
			1556	1155
			1555	1155
			1554	1155
			1553	1155
			1552	1155
			1551	1155
			1550	1154
			1549	1154
			1548	1154
			1547	1154
			1546	1154
			1545	1154
			1544	1154
			1543	1154
			1542	1154
			1541	1154
			1540	1154
			1539	1154
			1538	1153
			1537	1153
			1536	1153
			1535	1153
			1534	1153
			1533	1153
			1532	1154
			1531	1154
			1530	1154
			1529	1154
			1528	1155
			1527	1155
			1526	1155
			1525	1155
			1524	1155
			1523	1156
			1522	1156
			1521	1156
			1520	1156
			1519	1156
			1518	1156
			1517	1157
			1516	1157
			1515	1157
			1514	1157
			1513	1157
			1512	1157
			1511	1157
			1510	1158
			1509	1158
			1508	1158
			1507	1158
			1506	1158
			1505	1158
			1504	1158
			1503	1158
			1502	1158
			1501	1158
			1500	1158
			1499	1158
			1498	1158
			1497	1158
			1496	1158
			1495	1158
			1494	1158
			1493	1158
			1492	1158
			1491	1158
			1490	1158
			1489	1157
			1488	1157
			1487	1157
			1486	1157
			1485	1157
			1484	1158
			1483	1158
			1482	1158
			1481	1158
			1480	1158
			1479	1158
			1478	1159
			1477	1159
			1476	1159
			1475	1159
			1474	1159
			1473	1159
			1472	1159
			1471	1159
			1470	1160
			1469	1160
			1468	1160
			1467	1160
			1466	1160
			1465	1160
			1464	1160
			1463	1160
			1462	1160
			1461	1160
			1460	1160
			1459	1160
			1458	1160
			1457	1160
			1456	1160
			1455	1160
			1454	1160
			1453	1160
			1452	1160
			1451	1160
			1450	1160
			1449	1160
			1448	1160
			1447	1160
			1446	1160
			1445	1160
			1444	1160
			1443	1160
			1442	1160
			1441	1160
			1440	1159
			1439	1159
			1438	1159
			1437	1159
			1436	1159
			1435	1159
			1434	1159
			1433	1159
			1432	1158
			1431	1158
			1430	1158
			1429	1158
			1428	1157
			1427	1157
			1426	1157
			1425	1157
			1424	1157
			1423	1156
			1422	1156
			1421	1156
			1420	1156
			1419	1156
			1418	1156
			1417	1156
			1416	1157
			1415	1157
			1414	1157
			1413	1157
			1412	1157
			1411	1157
			1410	1157
			1409	1157
			1408	1157
			1407	1157
			1406	1157
			1405	1157
			1404	1157
			1403	1158
			1402	1158
			1401	1158
			1400	1158
			1399	1158
			1398	1158
			1397	1158
			1396	1158
			1395	1158
			1394	1158
			1393	1158
			1392	1158
			1391	1158
			1390	1158
			1389	1158
			1388	1158
			1387	1158
			1386	1158
			1385	1158
			1384	1158
			1383	1158
			1382	1158
			1381	1158
			1380	1158
			1379	1159
			1378	1159
			1377	1159
			1376	1159
			1375	1159
			1374	1159
			1373	1159
			1372	1159
			1371	1159
			1370	1159
			1369	1159
			1368	1159
			1367	1159
			1366	1159
			1365	1159
			1364	1159
			1363	1159
			1362	1159
			1361	1158
			1360	1158
			1359	1158
			1358	1158
			1357	1158
			1356	1158
			1355	1158
			1354	1158
			1353	1158
			1352	1158
			1351	1158
			1350	1158
			1349	1158
			1348	1158
			1347	1158
			1346	1158
			1345	1158
			1344	1158
			1343	1158
			1342	1158
			1341	1158
			1340	1158
			1339	1158
			1338	1158
			1337	1158
			1336	1157
			1335	1157
			1334	1157
			1333	1157
			1332	1157
			1331	1157
			1330	1157
			1329	1157
			1328	1157
			1327	1157
			1326	1157
			1325	1157
			1324	1157
			1323	1157
			1322	1156
			1321	1156
			1320	1156
			1319	1156
			1318	1156
			1317	1156
			1316	1156
			1315	1156
			1314	1156
			1313	1156
			1312	1156
			1311	1155
			1310	1155
			1309	1155
			1308	1155
			1307	1155
			1306	1155
			1305	1155
			1304	1155
			1303	1155
			1302	1154
			1301	1154
			1300	1154
			1299	1154
			1298	1154
			1297	1154
			1296	1154
			1295	1154
			1294	1154
			1293	1154
			1293	1155
			1292	1155
			1291	1155
			1290	1155
			1289	1155
			1288	1155
			1287	1155
			1286	1155
			1285	1155
			1284	1155
			1283	1155
			1282	1156
			1281	1156
			1280	1156
			1279	1156
			1278	1156
			1277	1156
			1276	1156
			1275	1156
			1274	1156
			1273	1156
			1272	1156
			1271	1157
			1270	1157
			1269	1157
			1268	1157
			1267	1157
			1266	1157
			1265	1157
			1264	1157
			1263	1157
			1262	1157
			1261	1158
			1260	1158
			1259	1158
			1258	1158
			1257	1158
			1256	1158
			1255	1158
			1254	1158
			1253	1158
			1252	1158
			1251	1158
			1250	1158
			1249	1159
			1248	1159
			1247	1159
			1246	1159
			1245	1159
			1244	1159
			1243	1159
			1242	1159
			1241	1159
			1240	1159
			1239	1159
			1238	1159
			1237	1159
			1236	1159
			1235	1159
			1234	1159
			1233	1160
			1232	1160
			1231	1160
			1230	1160
			1229	1160
			1228	1160
			1227	1160
			1226	1160
			1225	1160
			1224	1160
			1223	1160
			1222	1160
			1221	1160
			1220	1160
			1219	1160
			1218	1160
			1217	1160
			1216	1160
			1215	1160
			1214	1160
			1213	1160
			1212	1160
			1211	1160
			1210	1160
			1209	1160
			1208	1160
			1207	1160
			1206	1160
			1205	1160
			1204	1160
			1203	1160
			1202	1160
			1201	1160
			1200	1160
			1199	1160
			1198	1160
			1197	1160
			1196	1159
			1195	1159
			1194	1159
			1193	1159
			1192	1159
			1191	1159
			1190	1159
			1189	1159
			1188	1159
			1187	1159
			1186	1159
			1185	1159
			1184	1159
			1183	1158
			1182	1158
			1181	1158
			1180	1158
			1179	1158
			1178	1158
			1177	1158
			1176	1158
			1175	1158
			1174	1157
			1173	1157
			1172	1157
			1171	1157
			1170	1157
			1169	1157
			1168	1156
			1167	1156
			1166	1156
			1165	1156
			1164	1156
			1163	1155
			1162	1155
			1161	1155
			1160	1155
			1159	1156
			1158	1156
			1157	1157
			1156	1157
			1155	1157
			1154	1157
			1153	1158
			1152	1158
			1151	1158
			1150	1158
			1149	1159
			1148	1159
			1147	1159
			1146	1159
			1145	1160
			1144	1160
			1143	1160
			1142	1160
			1141	1160
			1140	1160
			1139	1160
			1138	1160
			1137	1160
			1136	1160
			1135	1160
			1134	1160
			1133	1160
			1132	1160
			1131	1160
			1130	1160
			1129	1159
			1128	1159
			1127	1159
			1126	1159
			1125	1159
			1124	1159
			1123	1159
			1122	1159
			1121	1159
			1120	1159
			1119	1159
			1118	1159
			1117	1159
			1116	1159
			1115	1159
			1114	1159
			1113	1159
			1112	1159
			1111	1159
			1110	1159
			1109	1159
			1108	1159
			1107	1159
			1106	1159
			1105	1159
			1104	1159
			1103	1159
			1102	1159
			1101	1159
			1100	1158
			1099	1158
			1098	1158
			1097	1158
			1096	1158
			1095	1158
			1094	1158
			1093	1158
			1092	1157
			1091	1157
			1090	1157
			1089	1157
			1088	1157
			1088	1156
			1087	1156
			1086	1156
			1085	1156
			1084	1156
			1083	1156
			1082	1156
			1081	1156
			1080	1156
			1079	1156
			1078	1156
			1077	1155
			1076	1155
			1075	1155
			1074	1155
			1073	1155
			1072	1155
			1071	1155
			1070	1155
			1069	1155
			1068	1155
			1067	1155
			1066	1155
			1065	1155
			1064	1155
			1063	1155
			1062	1154
			1061	1154
			1060	1154
			1059	1154
			1058	1154
			1057	1154
			1056	1154
			1055	1154
			1054	1154
			1053	1154
			1052	1154
			1051	1154
			1050	1153
			1049	1153
			1048	1153
			1047	1153
			1046	1153
			1045	1153
			1044	1153
			1043	1153
			1042	1152
			1041	1152
			1040	1152
			1039	1152
			1038	1152
			1037	1152
			1036	1152
			1035	1152
			1034	1152
			1033	1151
			1032	1151
			1031	1151
			1030	1151
			1029	1151
			1028	1151
			1027	1150
			1026	1150
			1025	1150
			1024	1150
			1023	1150
			1022	1150
			1021	1149
			1020	1149
			1019	1149
			1018	1149
			1017	1149
			1016	1149
			1015	1149
			1014	1148
			1013	1148
			1012	1148
			1011	1148
			1010	1148
			1009	1148
			1008	1148
			1007	1148
			1006	1148
			1005	1148
			1004	1148
			1003	1148
			1002	1147
			1001	1147
			1000	1147
			999	1147
			998	1147
			997	1147
			996	1147
			995	1147
			994	1147
			993	1147
			992	1147
			991	1147
			990	1147
			989	1147
			988	1148
			987	1148
			986	1148
			985	1148
			984	1148
			983	1148
			982	1148
			981	1148
			980	1148
			979	1148
			978	1147
			977	1147
			976	1147
			975	1146
			974	1146
			973	1146
			972	1145
			971	1145
			970	1144
			969	1144
			968	1143
		</c2>
	</curves.pixel>
	<curves.scaled type=list>
		<c1 type=matrix rownames=FALSE colnames=FALSE nrow=732 ncol=2 as.numeric=TRUE >
			37.9581575425004	-44.8204277593781
			37.9973705151683	-44.8204277593781
			38.0365834878362	-44.7812147867102
			38.075796460504	-44.7812147867102
			38.075796460504	-44.7420018140423
			38.1150094331719	-44.7420018140423
			38.1542224058398	-44.7027888413744
			38.1934353785076	-44.7027888413744
			38.2326483511755	-44.7027888413744
			38.2718613238434	-44.6635758687066
			38.3110742965113	-44.6635758687066
			38.3110742965113	-44.6243628960387
			38.3502872691791	-44.6243628960387
			38.389500241847	-44.5851499233708
			38.4287132145149	-44.5851499233708
			38.4679261871828	-44.5851499233708
			38.5071391598506	-44.545936950703
			38.5463521325185	-44.545936950703
			38.5855651051864	-44.5067239780351
			38.6247780778542	-44.4675110053672
			38.6639910505221	-44.4675110053672
			38.70320402319	-44.4282980326993
			38.7424169958579	-44.4282980326993
			38.7816299685257	-44.4282980326993
			38.7816299685257	-44.3890850600315
			38.8208429411936	-44.3890850600315
			38.8600559138615	-44.3890850600315
			38.8600559138615	-44.3498720873636
			38.8992688865293	-44.3498720873636
			38.9384818591972	-44.3498720873636
			38.9384818591972	-44.3106591146957
			38.9776948318651	-44.3106591146957
			39.016907804533	-44.3106591146957
			39.016907804533	-44.2714461420279
			39.0561207772008	-44.2714461420279
			39.0953337498687	-44.23223316936
			39.1345467225366	-44.23223316936
			39.1737596952045	-44.1930201966921
			39.2129726678723	-44.1930201966921
			39.2521856405402	-44.1930201966921
			39.2913986132081	-44.1538072240242
			39.3306115858759	-44.1145942513564
			39.3698245585438	-44.1145942513564
			39.4090375312117	-44.1145942513564
			39.4482505038796	-44.0753812786885
			39.4874634765474	-44.0753812786885
			39.5266764492153	-44.0361683060206
			39.5658894218832	-44.0361683060206
			39.605102394551	-43.9969553333528
			39.6443153672189	-43.9969553333528
			39.6835283398868	-43.9577423606849
			39.7227413125547	-43.9577423606849
			39.7619542852225	-43.918529388017
			39.8011672578904	-43.918529388017
			39.8403802305583	-43.8793164153491
			39.8795932032262	-43.8793164153491
			39.918806175894	-43.8401034426813
			39.9580191485619	-43.8401034426813
			39.9972321212298	-43.8008904700134
			40.0364450938976	-43.8008904700134
			40.0756580665655	-43.7616774973455
			40.1148710392334	-43.7616774973455
			40.1540840119013	-43.7224645246776
			40.1932969845691	-43.7224645246776
			40.232509957237	-43.6832515520098
			40.2717229299049	-43.6832515520098
			40.3109359025728	-43.6440385793419
			40.3501488752406	-43.6440385793419
			40.3893618479085	-43.604825606674
			40.4285748205764	-43.604825606674
			40.4677877932442	-43.5656126340062
			40.5070007659121	-43.5656126340062
			40.54621373858	-43.5263996613383
			40.5854267112479	-43.5263996613383
			40.6246396839157	-43.4871866886704
			40.6638526565836	-43.4871866886704
			40.7030656292515	-43.4479737160025
			40.7422786019193	-43.4479737160025
			40.7814915745872	-43.4087607433347
			40.8207045472551	-43.4087607433347
			40.859917519923	-43.3695477706668
			40.8991304925908	-43.3695477706668
			40.9383434652587	-43.3303347979989
			40.9775564379266	-43.3303347979989
			41.0167694105944	-43.291121825331
			41.0559823832623	-43.291121825331
			41.0951953559302	-43.2519088526632
			41.1344083285981	-43.2519088526632
			41.1736213012659	-43.2126958799953
			41.2128342739338	-43.2126958799953
			41.2520472466017	-43.1734829073274
			41.2912602192696	-43.1734829073274
			41.3304731919374	-43.1342699346596
			41.3696861646053	-43.1342699346596
			41.4088991372732	-43.0950569619917
			41.4481121099411	-43.0950569619917
			41.4873250826089	-43.0558439893238
			41.5265380552768	-43.0558439893238
			41.5657510279447	-43.0558439893238
			41.5657510279447	-43.0166310166559
			41.6049640006125	-43.0166310166559
			41.6441769732804	-42.9774180439881
			41.6833899459483	-42.9774180439881
			41.7226029186162	-42.9382050713202
			41.761815891284	-42.9382050713202
			41.8010288639519	-42.8989920986523
			41.8402418366198	-42.8989920986523
			41.8794548092876	-42.8989920986523
			41.9186677819555	-42.8597791259845
			41.9578807546234	-42.8597791259845
			41.9970937272913	-42.8205661533166
			42.0363066999591	-42.8205661533166
			42.075519672627	-42.7813531806487
			42.1147326452949	-42.7813531806487
			42.1539456179627	-42.7421402079808
			42.1931585906306	-42.7421402079808
			42.2323715632985	-42.702927235313
			42.2715845359664	-42.702927235313
			42.3107975086342	-42.6637142626451
			42.3500104813021	-42.6637142626451
			42.38922345397	-42.6245012899772
			42.4284364266379	-42.6245012899772
			42.4676493993057	-42.6245012899772
			42.5068623719736	-42.5852883173093
			42.5460753446415	-42.5852883173093
			42.5852883173093	-42.5460753446415
			42.6245012899772	-42.5460753446415
			42.6637142626451	-42.5068623719736
			42.702927235313	-42.5068623719736
			42.7421402079808	-42.5068623719736
			42.7421402079808	-42.4676493993057
			42.7813531806487	-42.4676493993057
			42.8205661533166	-42.4676493993057
			42.8597791259845	-42.4284364266379
			42.8989920986523	-42.4284364266379
			42.9382050713202	-42.4284364266379
			42.9382050713202	-42.38922345397
			42.9774180439881	-42.38922345397
			43.0166310166559	-42.3500104813021
			43.0558439893238	-42.3500104813021
			43.0950569619917	-42.3500104813021
			43.1342699346596	-42.3107975086342
			43.1734829073274	-42.3107975086342
			43.2126958799953	-42.2715845359664
			43.2519088526632	-42.2715845359664
			43.291121825331	-42.2323715632985
			43.3303347979989	-42.2323715632985
			43.3695477706668	-42.2323715632985
			43.4087607433347	-42.1931585906306
			43.4479737160025	-42.1931585906306
			43.4871866886704	-42.1539456179627
			43.5263996613383	-42.1539456179627
			43.5656126340062	-42.1539456179627
			43.604825606674	-42.1147326452949
			43.6440385793419	-42.1147326452949
			43.6832515520098	-42.1147326452949
			43.7224645246776	-42.075519672627
			43.7616774973455	-42.075519672627
			43.8008904700134	-42.0363066999591
			43.8401034426813	-42.0363066999591
			43.8793164153491	-41.9970937272913
			43.918529388017	-41.9970937272913
			43.9577423606849	-41.9970937272913
			43.9969553333528	-41.9578807546234
			44.0361683060206	-41.9578807546234
			44.0753812786885	-41.9578807546234
			44.1145942513564	-41.9186677819555
			44.1538072240242	-41.9186677819555
			44.1930201966921	-41.8794548092876
			44.23223316936	-41.8794548092876
			44.2714461420279	-41.8794548092876
			44.3106591146957	-41.8402418366198
			44.3498720873636	-41.8402418366198
			44.3890850600315	-41.8402418366198
			44.4282980326993	-41.8010288639519
			44.4675110053672	-41.8010288639519
			44.4675110053672	-41.761815891284
			44.5067239780351	-41.761815891284
			44.545936950703	-41.761815891284
			44.5851499233708	-41.7226029186162
			44.6243628960387	-41.7226029186162
			44.6635758687066	-41.7226029186162
			44.7027888413744	-41.6833899459483
			44.7420018140423	-41.6833899459483
			44.7812147867102	-41.6441769732804
			44.8204277593781	-41.6441769732804
			44.8596407320459	-41.6441769732804
			44.8988537047138	-41.6049640006125
			44.9380666773817	-41.6049640006125
			44.9772796500496	-41.6049640006125
			45.0164926227174	-41.5657510279447
			45.0557055953853	-41.5657510279447
			45.0949185680532	-41.5657510279447
			45.1341315407211	-41.5265380552768
			45.1733445133889	-41.5265380552768
			45.2125574860568	-41.4873250826089
			45.2517704587247	-41.4873250826089
			45.2909834313925	-41.4873250826089
			45.3301964040604	-41.4481121099411
			45.3694093767283	-41.4481121099411
			45.4086223493962	-41.4088991372732
			45.447835322064	-41.4088991372732
			45.4870482947319	-41.4088991372732
			45.5262612673998	-41.3696861646053
			45.5654742400676	-41.3696861646053
			45.6046872127355	-41.3696861646053
			45.6439001854034	-41.3304731919374
			45.6831131580713	-41.3304731919374
			45.7223261307391	-41.3304731919374
			45.761539103407	-41.2912602192696
			45.8007520760749	-41.2912602192696
			45.8399650487427	-41.2520472466017
			45.8791780214106	-41.2520472466017
			45.9183909940785	-41.2520472466017
			45.9576039667464	-41.2128342739338
			45.9968169394142	-41.2128342739338
			46.0360299120821	-41.2128342739338
			46.07524288475	-41.1736213012659
			46.1144558574179	-41.1736213012659
			46.1536688300857	-41.1736213012659
			46.1928818027536	-41.1344083285981
			46.2320947754215	-41.1344083285981
			46.2713077480893	-41.1344083285981
			46.3105207207572	-41.0951953559302
			46.3497336934251	-41.0951953559302
			46.388946666093	-41.0559823832623
			46.4281596387608	-41.0559823832623
			46.4673726114287	-41.0559823832623
			46.5065855840966	-41.0167694105944
			46.5457985567645	-41.0167694105944
			46.5850115294323	-41.0167694105944
			46.6242245021002	-40.9775564379266
			46.6634374747681	-40.9775564379266
			46.7026504474359	-40.9775564379266
			46.7418634201038	-40.9383434652587
			46.7810763927717	-40.9383434652587
			46.8202893654396	-40.8991304925908
			46.8595023381074	-40.8991304925908
			46.8987153107753	-40.8991304925908
			46.9379282834432	-40.859917519923
			46.977141256111	-40.859917519923
			47.0163542287789	-40.859917519923
			47.0555672014468	-40.8207045472551
			47.0947801741147	-40.8207045472551
			47.1339931467825	-40.8207045472551
			47.1732061194504	-40.7814915745872
			47.2124190921183	-40.7814915745872
			47.2516320647862	-40.7814915745872
			47.290845037454	-40.7814915745872
			47.290845037454	-40.7422786019193
			47.3300580101219	-40.7422786019193
			47.3692709827898	-40.7422786019193
			47.4084839554576	-40.7422786019193
			47.4084839554576	-40.7030656292515
			47.4476969281255	-40.7030656292515
			47.4869099007934	-40.7030656292515
			47.5261228734613	-40.6638526565836
			47.5653358461291	-40.6638526565836
			47.604548818797	-40.6638526565836
			47.6437617914649	-40.6246396839157
			47.6829747641328	-40.6246396839157
			47.7221877368006	-40.6246396839157
			47.7614007094685	-40.5854267112479
			47.8006136821364	-40.5854267112479
			47.8398266548042	-40.5854267112479
			47.8790396274721	-40.54621373858
			47.91825260014	-40.54621373858
			47.9574655728079	-40.54621373858
			47.9966785454757	-40.5070007659121
			48.0358915181436	-40.5070007659121
			48.0751044908115	-40.5070007659121
			48.1143174634793	-40.4677877932442
			48.1535304361472	-40.4677877932442
			48.1927434088151	-40.4677877932442
			48.231956381483	-40.4285748205764
			48.2711693541508	-40.4285748205764
			48.3103823268187	-40.4285748205764
			48.3495952994866	-40.3893618479085
			48.3888082721544	-40.3893618479085
			48.4280212448223	-40.3893618479085
			48.4672342174902	-40.3501488752406
			48.5064471901581	-40.3501488752406
			48.5456601628259	-40.3109359025728
			48.5848731354938	-40.3109359025728
			48.6240861081617	-40.3109359025728
			48.6632990808296	-40.2717229299049
			48.7025120534974	-40.2717229299049
			48.7417250261653	-40.232509957237
			48.7809379988332	-40.232509957237
			48.820150971501	-40.1932969845691
			48.8593639441689	-40.1932969845691
			48.8985769168368	-40.1932969845691
			48.9377898895047	-40.1540840119013
			48.9770028621725	-40.1540840119013
			49.0162158348404	-40.1148710392334
			49.0554288075083	-40.1148710392334
			49.0946417801762	-40.0756580665655
			49.133854752844	-40.0756580665655
			49.1730677255119	-40.0756580665655
			49.1730677255119	-40.0364450938976
			49.2122806981798	-40.0364450938976
			49.2514936708476	-40.0364450938976
			49.2907066435155	-39.9972321212298
			49.3299196161834	-39.9972321212298
			49.3691325888513	-39.9580191485619
			49.4083455615191	-39.9580191485619
			49.447558534187	-39.9580191485619
			49.4867715068549	-39.918806175894
			49.5259844795227	-39.918806175894
			49.5651974521906	-39.8795932032262
			49.6044104248585	-39.8795932032262
			49.6436233975264	-39.8403802305583
			49.6828363701942	-39.8403802305583
			49.7220493428621	-39.8403802305583
			49.76126231553	-39.8011672578904
			49.8004752881979	-39.8011672578904
			49.8396882608657	-39.8011672578904
			49.8396882608657	-39.7619542852225
			49.8789012335336	-39.7619542852225
			49.9181142062015	-39.7619542852225
			49.9573271788693	-39.7227413125547
			49.9965401515372	-39.7227413125547
			50.0357531242051	-39.7227413125547
			50.0357531242051	-39.6835283398868
			50.074966096873	-39.6835283398868
			50.1141790695408	-39.6835283398868
			50.1533920422087	-39.6835283398868
			50.1926050148766	-39.6443153672189
			50.2318179875444	-39.6443153672189
			50.2710309602123	-39.605102394551
			50.3102439328802	-39.605102394551
			50.3494569055481	-39.605102394551
			50.3886698782159	-39.5658894218832
			50.4278828508838	-39.5658894218832
			50.4670958235517	-39.5658894218832
			50.5063087962196	-39.5266764492153
			50.5455217688874	-39.5266764492153
			50.5847347415553	-39.5266764492153
			50.6239477142232	-39.4874634765474
			50.663160686891	-39.4874634765474
			50.7023736595589	-39.4874634765474
			50.7415866322268	-39.4482505038796
			50.7807996048947	-39.4482505038796
			50.8200125775625	-39.4482505038796
			50.8592255502304	-39.4090375312117
			50.8984385228983	-39.4090375312117
			50.9376514955662	-39.4090375312117
			50.9376514955662	-39.3698245585438
			50.976864468234	-39.3698245585438
			51.0160774409019	-39.3698245585438
			51.0552904135698	-39.3698245585438
			51.0945033862376	-39.3306115858759
			51.1337163589055	-39.3306115858759
			51.1729293315734	-39.3306115858759
			51.2121423042413	-39.3306115858759
			51.2513552769091	-39.2913986132081
			51.290568249577	-39.2913986132081
			51.3297812222449	-39.2913986132081
			51.3297812222449	-39.2521856405402
			51.3689941949127	-39.2521856405402
			51.4082071675806	-39.2521856405402
			51.4474201402485	-39.2521856405402
			51.4866331129164	-39.2521856405402
			51.5258460855842	-39.2129726678723
			51.5650590582521	-39.2129726678723
			51.60427203092	-39.2129726678723
			51.6434850035879	-39.1737596952045
			51.6826979762557	-39.1737596952045
			51.7219109489236	-39.1737596952045
			51.7611239215915	-39.1737596952045
			51.8003368942593	-39.1345467225366
			51.8395498669272	-39.1345467225366
			51.8787628395951	-39.1345467225366
			51.917975812263	-39.1345467225366
			51.9571887849308	-39.0953337498687
			51.9964017575987	-39.0953337498687
			52.0356147302666	-39.0953337498687
			52.0748277029344	-39.0953337498687
			52.1140406756023	-39.0953337498687
			52.1532536482702	-39.0561207772008
			52.1924666209381	-39.0561207772008
			52.2316795936059	-39.0561207772008
			52.2708925662738	-39.0561207772008
			52.3101055389417	-39.0561207772008
			52.3493185116096	-39.0561207772008
			52.3885314842774	-39.016907804533
			52.4277444569453	-39.016907804533
			52.4669574296132	-39.016907804533
			52.506170402281	-39.016907804533
			52.5453833749489	-39.016907804533
			52.5845963476168	-39.016907804533
			52.6238093202847	-38.9776948318651
			52.6630222929525	-38.9776948318651
			52.7022352656204	-38.9776948318651
			52.7414482382883	-38.9776948318651
			52.7806612109561	-38.9776948318651
			52.819874183624	-38.9776948318651
			52.8590871562919	-38.9776948318651
			52.8983001289598	-38.9776948318651
			52.9375131016276	-38.9776948318651
			52.9767260742955	-38.9384818591972
			53.0159390469634	-38.9384818591972
			53.0551520196313	-38.9384818591972
			53.0943649922991	-38.9384818591972
			53.133577964967	-38.9384818591972
			53.1727909376349	-38.9384818591972
			53.2120039103027	-38.9384818591972
			53.2512168829706	-38.9384818591972
			53.2904298556385	-38.9384818591972
			53.3296428283064	-38.9384818591972
			53.3688558009742	-38.9384818591972
			53.4080687736421	-38.9384818591972
			53.44728174631	-38.9384818591972
			53.4864947189779	-38.9384818591972
			53.5257076916457	-38.9384818591972
			53.5649206643136	-38.8992688865293
			53.6041336369815	-38.8992688865293
			53.6433466096493	-38.8992688865293
			53.6825595823172	-38.8992688865293
			53.7217725549851	-38.8992688865293
			53.760985527653	-38.8992688865293
			53.8001985003208	-38.8992688865293
			53.8394114729887	-38.8992688865293
			53.8786244456566	-38.8992688865293
			53.9178374183244	-38.8992688865293
			53.9570503909923	-38.8992688865293
			53.9962633636602	-38.8992688865293
			54.0354763363281	-38.8992688865293
			54.0746893089959	-38.8992688865293
			54.1139022816638	-38.8992688865293
			54.1531152543317	-38.8992688865293
			54.1923282269996	-38.8992688865293
			54.2315411996674	-38.8992688865293
			54.2707541723353	-38.8600559138615
			54.3099671450032	-38.8600559138615
			54.349180117671	-38.8600559138615
			54.3883930903389	-38.8600559138615
			54.4276060630068	-38.8600559138615
			54.4668190356747	-38.8600559138615
			54.5060320083425	-38.8600559138615
			54.5452449810104	-38.8600559138615
			54.5844579536783	-38.8600559138615
			54.6236709263462	-38.8600559138615
			54.662883899014	-38.8600559138615
			54.7020968716819	-38.8600559138615
			54.7413098443498	-38.8600559138615
			54.7805228170176	-38.8600559138615
			54.8197357896855	-38.8600559138615
			54.8589487623534	-38.8600559138615
			54.8981617350213	-38.8600559138615
			54.8981617350213	-38.8992688865293
			54.9373747076891	-38.8992688865293
			54.976587680357	-38.8992688865293
			55.0158006530249	-38.8992688865293
			55.0550136256927	-38.8992688865293
			55.0942265983606	-38.8992688865293
			55.1334395710285	-38.8992688865293
			55.1726525436964	-38.8992688865293
			55.2118655163642	-38.8992688865293
			55.2510784890321	-38.8992688865293
			55.2902914617	-38.8992688865293
			55.3295044343678	-38.8992688865293
			55.3687174070357	-38.9384818591972
			55.4079303797036	-38.9384818591972
			55.4471433523715	-38.9384818591972
			55.4863563250393	-38.9384818591972
			55.5255692977072	-38.9384818591972
			55.5647822703751	-38.9776948318651
			55.603995243043	-38.9776948318651
			55.6432082157108	-38.9776948318651
			55.6824211883787	-39.016907804533
			55.7216341610466	-39.016907804533
			55.7608471337144	-39.016907804533
			55.7608471337144	-39.0561207772008
			55.8000601063823	-39.0561207772008
			55.8392730790502	-39.0953337498687
			55.8784860517181	-39.1345467225366
			55.9176990243859	-39.1737596952045
			55.9176990243859	-39.2129726678723
			55.9176990243859	-39.2521856405402
			55.9176990243859	-39.2913986132081
			55.9176990243859	-39.3306115858759
			55.9569119970538	-39.3698245585438
			55.9961249697217	-39.4090375312117
			56.0353379423896	-39.4482505038796
			56.0745509150574	-39.4874634765474
			56.1137638877253	-39.5266764492153
			56.1137638877253	-39.5658894218832
			56.1529768603932	-39.605102394551
			56.192189833061	-39.605102394551
			56.192189833061	-39.6443153672189
			56.2314028057289	-39.6835283398868
			56.2706157783968	-39.6835283398868
			56.2706157783968	-39.7227413125547
			56.3098287510647	-39.7619542852225
			56.3490417237325	-39.8011672578904
			56.3882546964004	-39.8011672578904
			56.3882546964004	-39.8403802305583
			56.4274676690683	-39.8795932032262
			56.4666806417361	-39.8795932032262
			56.505893614404	-39.918806175894
			56.505893614404	-39.9580191485619
			56.5451065870719	-39.9580191485619
			56.5843195597398	-39.9972321212298
			56.6235325324076	-40.0364450938976
			56.6235325324076	-40.0756580665655
			56.6627455050755	-40.0756580665655
			56.7019584777434	-40.1148710392334
			56.7411714504113	-40.1540840119013
			56.7803844230791	-40.1540840119013
			56.819597395747	-40.1932969845691
			56.819597395747	-40.232509957237
			56.8588103684149	-40.232509957237
			56.8980233410827	-40.2717229299049
			56.9372363137506	-40.3109359025728
			56.9764492864185	-40.3109359025728
			57.0156622590864	-40.3501488752406
			57.0548752317542	-40.3893618479085
			57.0940882044221	-40.3893618479085
			57.0940882044221	-40.4285748205764
			57.13330117709	-40.4677877932442
			57.1725141497579	-40.4677877932442
			57.2117271224257	-40.5070007659121
			57.2509400950936	-40.54621373858
			57.2901530677615	-40.54621373858
			57.3293660404293	-40.5854267112479
			57.3685790130972	-40.6246396839157
			57.4077919857651	-40.6246396839157
			57.447004958433	-40.6638526565836
			57.4862179311008	-40.6638526565836
			57.5254309037687	-40.7030656292515
			57.5646438764366	-40.7422786019193
			57.6038568491044	-40.7422786019193
			57.6430698217723	-40.7814915745872
			57.6822827944402	-40.8207045472551
			57.7214957671081	-40.8207045472551
			57.7607087397759	-40.859917519923
			57.7999217124438	-40.8991304925908
			57.8391346851117	-40.8991304925908
			57.8783476577795	-40.9383434652587
			57.9175606304474	-40.9383434652587
			57.9567736031153	-40.9775564379266
			57.9959865757832	-41.0167694105944
			58.035199548451	-41.0167694105944
			58.0744125211189	-41.0559823832623
			58.1136254937868	-41.0951953559302
			58.1528384664547	-41.0951953559302
			58.1920514391225	-41.0951953559302
			58.1920514391225	-41.1344083285981
			58.2312644117904	-41.1344083285981
			58.2704773844583	-41.1344083285981
			58.2704773844583	-41.1736213012659
			58.3096903571262	-41.1736213012659
			58.348903329794	-41.1736213012659
			58.3881163024619	-41.2128342739338
			58.4273292751298	-41.2520472466017
			58.4665422477976	-41.2520472466017
			58.5057552204655	-41.2912602192696
			58.5449681931334	-41.2912602192696
			58.5841811658013	-41.3304731919374
			58.6233941384691	-41.3304731919374
			58.662607111137	-41.3696861646053
			58.7018200838049	-41.3696861646053
			58.7410330564727	-41.4088991372732
			58.7802460291406	-41.4088991372732
			58.8194590018085	-41.4481121099411
			58.8586719744764	-41.4481121099411
			58.8978849471442	-41.4481121099411
			58.8978849471442	-41.4873250826089
			58.9370979198121	-41.4873250826089
			58.97631089248	-41.4873250826089
			58.97631089248	-41.5265380552768
			59.0155238651478	-41.5265380552768
			59.0547368378157	-41.5265380552768
			59.0547368378157	-41.5657510279447
			59.0939498104836	-41.5657510279447
			59.1331627831515	-41.5657510279447
			59.1723757558193	-41.6049640006125
			59.2115887284872	-41.6049640006125
			59.2508017011551	-41.6441769732804
			59.290014673823	-41.6441769732804
			59.3292276464908	-41.6441769732804
			59.3292276464908	-41.6833899459483
			59.3684406191587	-41.6833899459483
			59.4076535918266	-41.6833899459483
			59.4468665644944	-41.7226029186162
			59.4860795371623	-41.7226029186162
			59.4860795371623	-41.761815891284
			59.5252925098302	-41.761815891284
			59.5645054824981	-41.761815891284
			59.6037184551659	-41.8010288639519
			59.6429314278338	-41.8010288639519
			59.6821444005017	-41.8010288639519
			59.6821444005017	-41.8402418366198
			59.7213573731696	-41.8794548092876
			59.7605703458374	-41.8794548092876
			59.7997833185053	-41.9186677819555
			59.8389962911732	-41.9578807546234
			59.878209263841	-41.9578807546234
			59.9174222365089	-41.9970937272913
			59.9566352091768	-42.0363066999591
			59.9958481818447	-42.0363066999591
			60.0350611545125	-42.075519672627
			60.0742741271804	-42.1147326452949
			60.1134870998483	-42.1147326452949
			60.1527000725161	-42.1539456179627
			60.191913045184	-42.1539456179627
			60.2311260178519	-42.1931585906306
			60.2703389905198	-42.2323715632985
			60.3095519631876	-42.2323715632985
			60.3487649358555	-42.2715845359664
			60.3879779085234	-42.3107975086342
			60.4271908811913	-42.3107975086342
			60.4664038538591	-42.3500104813021
			60.505616826527	-42.38922345397
			60.5448297991949	-42.38922345397
			60.5840427718627	-42.4284364266379
			60.6232557445306	-42.4284364266379
			60.6232557445306	-42.4676493993057
			60.6624687171985	-42.4676493993057
			60.7016816898664	-42.4676493993057
			60.7408946625342	-42.5068623719736
			60.7801076352021	-42.5068623719736
			60.81932060787	-42.5460753446415
			60.8585335805379	-42.5852883173093
			60.8977465532057	-42.5852883173093
			60.9369595258736	-42.6245012899772
			60.9761724985415	-42.6245012899772
			61.0153854712093	-42.6637142626451
			61.0545984438772	-42.6637142626451
			61.0545984438772	-42.702927235313
			61.0938114165451	-42.702927235313
			61.133024389213	-42.7421402079808
			61.1722373618808	-42.7421402079808
			61.2114503345487	-42.7421402079808
			61.2506633072166	-42.7813531806487
			61.2898762798844	-42.7813531806487
			61.3290892525523	-42.8205661533166
			61.3683022252202	-42.8205661533166
			61.4075151978881	-42.8597791259845
			61.4467281705559	-42.8597791259845
			61.4859411432238	-42.8989920986523
			61.5251541158917	-42.8989920986523
			61.5643670885595	-42.9382050713202
			61.6035800612274	-42.9382050713202
			61.6427930338953	-42.9774180439881
			61.6820060065632	-42.9774180439881
			61.721218979231	-43.0166310166559
			61.7604319518989	-43.0166310166559
			61.7996449245668	-43.0558439893238
			61.8388578972347	-43.0558439893238
			61.8780708699025	-43.0950569619917
			61.9172838425704	-43.0950569619917
			61.9564968152383	-43.1342699346596
			61.9957097879061	-43.1342699346596
			62.034922760574	-43.1342699346596
			62.0741357332419	-43.1734829073274
			62.1133487059098	-43.1734829073274
			62.1525616785776	-43.2126958799953
			62.1917746512455	-43.2126958799953
			62.2309876239134	-43.2519088526632
			62.2702005965813	-43.2519088526632
			62.3094135692491	-43.291121825331
			62.348626541917	-43.291121825331
			62.3878395145849	-43.3303347979989
			62.4270524872527	-43.3303347979989
			62.4662654599206	-43.3695477706668
			62.5054784325885	-43.3695477706668
			62.5446914052564	-43.3695477706668
			62.5446914052564	-43.4087607433347
			62.5839043779242	-43.4087607433347
			62.6231173505921	-43.4087607433347
			62.66233032326	-43.4479737160025
			62.7015432959278	-43.4479737160025
			62.7407562685957	-43.4479737160025
			62.7799692412636	-43.4871866886704
			62.8191822139315	-43.5263996613383
			62.8583951865993	-43.5263996613383
			62.8976081592672	-43.5656126340062
			62.9368211319351	-43.604825606674
			62.976034104603	-43.604825606674
			63.0152470772708	-43.6440385793419
			63.0544600499387	-43.6832515520098
			63.0936730226066	-43.6832515520098
			63.1328859952744	-43.7224645246776
			63.1720989679423	-43.7616774973455
			63.2113119406102	-43.8008904700134
			63.2505249132781	-43.8008904700134
			63.2897378859459	-43.8401034426813
			63.3289508586138	-43.8401034426813
			63.3681638312817	-43.8793164153491
			63.4073768039496	-43.918529388017
			63.4465897766174	-43.918529388017
			63.4858027492853	-43.9577423606849
			63.5250157219532	-43.9969553333528
			63.564228694621	-43.9969553333528
			63.6034416672889	-44.0361683060206
			63.6426546399568	-44.0753812786885
			63.6818676126247	-44.0753812786885
			63.6818676126247	-44.1145942513564
			63.7210805852925	-44.1145942513564
			63.7602935579604	-44.1538072240242
			63.7995065306283	-44.1930201966921
			63.8387195032961	-44.1930201966921
			63.877932475964	-44.23223316936
			63.9171454486319	-44.23223316936
			63.9171454486319	-44.2714461420279
			63.9563584212998	-44.2714461420279
			63.9955713939676	-44.3106591146957
			64.0347843666355	-44.3106591146957
			64.0347843666355	-44.3498720873636
			64.0739973393034	-44.3890850600315
			64.1132103119713	-44.3890850600315
			64.1524232846391	-44.4282980326993
			64.191636257307	-44.4675110053672
			64.2308492299749	-44.4675110053672
			64.2700622026427	-44.5067239780351
			64.3092751753106	-44.5067239780351
			64.3092751753106	-44.545936950703
			64.3484881479785	-44.5851499233708
			64.3877011206464	-44.5851499233708
			64.4269140933142	-44.6243628960387
			64.4661270659821	-44.6635758687066
			64.50534003865	-44.6635758687066
			64.5445530113178	-44.7027888413744
			64.5837659839857	-44.7420018140423
			64.6229789566536	-44.7420018140423
			64.6229789566536	-44.7812147867102
			64.6621919293215	-44.7812147867102
			64.7014049019893	-44.8204277593781
			64.7014049019893	-44.8596407320459
			64.7406178746572	-44.8596407320459
		</c1>
		<c2 type=matrix rownames=FALSE colnames=FALSE nrow=687 ncol=2 as.numeric=TRUE >
			64.7406178746572	-44.8596407320459
			64.7014049019893	-44.8988537047138
			64.6621919293215	-44.8988537047138
			64.6229789566536	-44.9380666773817
			64.5837659839857	-44.9380666773817
			64.5445530113178	-44.9380666773817
			64.50534003865	-44.9772796500496
			64.4661270659821	-44.9772796500496
			64.4269140933142	-44.9772796500496
			64.3877011206464	-44.9772796500496
			64.3484881479785	-44.9772796500496
			64.3092751753106	-44.9772796500496
			64.2700622026427	-44.9772796500496
			64.2308492299749	-44.9772796500496
			64.191636257307	-44.9772796500496
			64.1524232846391	-44.9772796500496
			64.1132103119713	-44.9772796500496
			64.0739973393034	-45.0164926227174
			64.0347843666355	-45.0164926227174
			63.9955713939676	-45.0164926227174
			63.9563584212998	-45.0164926227174
			63.9171454486319	-45.0164926227174
			63.877932475964	-45.0164926227174
			63.8387195032961	-45.0557055953853
			63.7995065306283	-45.0557055953853
			63.7602935579604	-45.0557055953853
			63.7210805852925	-45.0557055953853
			63.6818676126247	-45.0557055953853
			63.6426546399568	-45.0557055953853
			63.6034416672889	-45.0557055953853
			63.564228694621	-45.0557055953853
			63.5250157219532	-45.0557055953853
			63.4858027492853	-45.0557055953853
			63.4465897766174	-45.0557055953853
			63.4073768039496	-45.0164926227174
			63.3681638312817	-45.0164926227174
			63.3289508586138	-45.0164926227174
			63.2897378859459	-45.0164926227174
			63.2505249132781	-45.0164926227174
			63.2113119406102	-45.0557055953853
			63.1720989679423	-45.0557055953853
			63.1328859952744	-45.0557055953853
			63.1328859952744	-45.0949185680532
			63.0936730226066	-45.0949185680532
			63.0544600499387	-45.0949185680532
			63.0152470772708	-45.1341315407211
			62.976034104603	-45.1341315407211
			62.9368211319351	-45.1341315407211
			62.8976081592672	-45.1733445133889
			62.8583951865993	-45.1733445133889
			62.8191822139315	-45.1733445133889
			62.7799692412636	-45.1733445133889
			62.7407562685957	-45.1733445133889
			62.7015432959278	-45.1733445133889
			62.66233032326	-45.1733445133889
			62.6231173505921	-45.1733445133889
			62.5839043779242	-45.1733445133889
			62.5446914052564	-45.1733445133889
			62.5054784325885	-45.1733445133889
			62.4662654599206	-45.1733445133889
			62.4270524872527	-45.1733445133889
			62.3878395145849	-45.1733445133889
			62.348626541917	-45.1733445133889
			62.3094135692491	-45.1733445133889
			62.2702005965813	-45.1341315407211
			62.2309876239134	-45.1341315407211
			62.1917746512455	-45.1341315407211
			62.1525616785776	-45.1341315407211
			62.1133487059098	-45.1341315407211
			62.0741357332419	-45.1733445133889
			62.034922760574	-45.1733445133889
			61.9957097879061	-45.1733445133889
			61.9564968152383	-45.1733445133889
			61.9172838425704	-45.1733445133889
			61.8780708699025	-45.2125574860568
			61.8388578972347	-45.2125574860568
			61.7996449245668	-45.2125574860568
			61.7604319518989	-45.2125574860568
			61.721218979231	-45.2125574860568
			61.6820060065632	-45.2125574860568
			61.6427930338953	-45.2517704587247
			61.6035800612274	-45.2517704587247
			61.5643670885595	-45.2517704587247
			61.5251541158917	-45.2517704587247
			61.4859411432238	-45.2517704587247
			61.4467281705559	-45.2517704587247
			61.4075151978881	-45.2517704587247
			61.3683022252202	-45.2517704587247
			61.3290892525523	-45.2517704587247
			61.2898762798844	-45.2517704587247
			61.2506633072166	-45.2517704587247
			61.2114503345487	-45.2517704587247
			61.1722373618808	-45.2517704587247
			61.133024389213	-45.2909834313925
			61.0938114165451	-45.2909834313925
			61.0545984438772	-45.2909834313925
			61.0153854712093	-45.2909834313925
			60.9761724985415	-45.2909834313925
			60.9369595258736	-45.2909834313925
			60.8977465532057	-45.2909834313925
			60.8585335805379	-45.2909834313925
			60.81932060787	-45.2909834313925
			60.7801076352021	-45.2517704587247
			60.7408946625342	-45.2517704587247
			60.7016816898664	-45.2517704587247
			60.6624687171985	-45.2517704587247
			60.6232557445306	-45.2517704587247
			60.5840427718627	-45.2517704587247
			60.5448297991949	-45.2517704587247
			60.505616826527	-45.2517704587247
			60.4664038538591	-45.2517704587247
			60.4271908811913	-45.2517704587247
			60.3879779085234	-45.2517704587247
			60.3487649358555	-45.2517704587247
			60.3095519631876	-45.2125574860568
			60.2703389905198	-45.2125574860568
			60.2311260178519	-45.2125574860568
			60.191913045184	-45.2125574860568
			60.1527000725161	-45.2125574860568
			60.1134870998483	-45.2125574860568
			60.0742741271804	-45.2517704587247
			60.0350611545125	-45.2517704587247
			59.9958481818447	-45.2517704587247
			59.9566352091768	-45.2517704587247
			59.9174222365089	-45.2909834313925
			59.878209263841	-45.2909834313925
			59.8389962911732	-45.2909834313925
			59.7997833185053	-45.2909834313925
			59.7605703458374	-45.2909834313925
			59.7213573731696	-45.3301964040604
			59.6821444005017	-45.3301964040604
			59.6429314278338	-45.3301964040604
			59.6037184551659	-45.3301964040604
			59.5645054824981	-45.3301964040604
			59.5252925098302	-45.3301964040604
			59.4860795371623	-45.3694093767283
			59.4468665644944	-45.3694093767283
			59.4076535918266	-45.3694093767283
			59.3684406191587	-45.3694093767283
			59.3292276464908	-45.3694093767283
			59.290014673823	-45.3694093767283
			59.2508017011551	-45.3694093767283
			59.2115887284872	-45.4086223493962
			59.1723757558193	-45.4086223493962
			59.1331627831515	-45.4086223493962
			59.0939498104836	-45.4086223493962
			59.0547368378157	-45.4086223493962
			59.0155238651478	-45.4086223493962
			58.97631089248	-45.4086223493962
			58.9370979198121	-45.4086223493962
			58.8978849471442	-45.4086223493962
			58.8586719744764	-45.4086223493962
			58.8194590018085	-45.4086223493962
			58.7802460291406	-45.4086223493962
			58.7410330564727	-45.4086223493962
			58.7018200838049	-45.4086223493962
			58.662607111137	-45.4086223493962
			58.6233941384691	-45.4086223493962
			58.5841811658013	-45.4086223493962
			58.5449681931334	-45.4086223493962
			58.5057552204655	-45.4086223493962
			58.4665422477976	-45.4086223493962
			58.4273292751298	-45.4086223493962
			58.3881163024619	-45.3694093767283
			58.348903329794	-45.3694093767283
			58.3096903571262	-45.3694093767283
			58.2704773844583	-45.3694093767283
			58.2312644117904	-45.3694093767283
			58.1920514391225	-45.4086223493962
			58.1528384664547	-45.4086223493962
			58.1136254937868	-45.4086223493962
			58.0744125211189	-45.4086223493962
			58.035199548451	-45.4086223493962
			57.9959865757832	-45.4086223493962
			57.9567736031153	-45.447835322064
			57.9175606304474	-45.447835322064
			57.8783476577795	-45.447835322064
			57.8391346851117	-45.447835322064
			57.7999217124438	-45.447835322064
			57.7607087397759	-45.447835322064
			57.7214957671081	-45.447835322064
			57.6822827944402	-45.447835322064
			57.6430698217723	-45.4870482947319
			57.6038568491044	-45.4870482947319
			57.5646438764366	-45.4870482947319
			57.5254309037687	-45.4870482947319
			57.4862179311008	-45.4870482947319
			57.447004958433	-45.4870482947319
			57.4077919857651	-45.4870482947319
			57.3685790130972	-45.4870482947319
			57.3293660404293	-45.4870482947319
			57.2901530677615	-45.4870482947319
			57.2509400950936	-45.4870482947319
			57.2117271224257	-45.4870482947319
			57.1725141497579	-45.4870482947319
			57.13330117709	-45.4870482947319
			57.0940882044221	-45.4870482947319
			57.0548752317542	-45.4870482947319
			57.0156622590864	-45.4870482947319
			56.9764492864185	-45.4870482947319
			56.9372363137506	-45.4870482947319
			56.8980233410827	-45.4870482947319
			56.8588103684149	-45.4870482947319
			56.819597395747	-45.4870482947319
			56.7803844230791	-45.4870482947319
			56.7411714504113	-45.4870482947319
			56.7019584777434	-45.4870482947319
			56.6627455050755	-45.4870482947319
			56.6235325324076	-45.4870482947319
			56.5843195597398	-45.4870482947319
			56.5451065870719	-45.4870482947319
			56.505893614404	-45.4870482947319
			56.4666806417361	-45.447835322064
			56.4274676690683	-45.447835322064
			56.3882546964004	-45.447835322064
			56.3490417237325	-45.447835322064
			56.3098287510647	-45.447835322064
			56.2706157783968	-45.447835322064
			56.2314028057289	-45.447835322064
			56.192189833061	-45.447835322064
			56.1529768603932	-45.4086223493962
			56.1137638877253	-45.4086223493962
			56.0745509150574	-45.4086223493962
			56.0353379423896	-45.4086223493962
			55.9961249697217	-45.3694093767283
			55.9569119970538	-45.3694093767283
			55.9176990243859	-45.3694093767283
			55.8784860517181	-45.3694093767283
			55.8392730790502	-45.3694093767283
			55.8000601063823	-45.3301964040604
			55.7608471337144	-45.3301964040604
			55.7216341610466	-45.3301964040604
			55.6824211883787	-45.3301964040604
			55.6432082157108	-45.3301964040604
			55.603995243043	-45.3301964040604
			55.5647822703751	-45.3301964040604
			55.5255692977072	-45.3694093767283
			55.4863563250393	-45.3694093767283
			55.4471433523715	-45.3694093767283
			55.4079303797036	-45.3694093767283
			55.3687174070357	-45.3694093767283
			55.3295044343678	-45.3694093767283
			55.2902914617	-45.3694093767283
			55.2510784890321	-45.3694093767283
			55.2118655163642	-45.3694093767283
			55.1726525436964	-45.3694093767283
			55.1334395710285	-45.3694093767283
			55.0942265983606	-45.3694093767283
			55.0550136256927	-45.3694093767283
			55.0158006530249	-45.4086223493962
			54.976587680357	-45.4086223493962
			54.9373747076891	-45.4086223493962
			54.8981617350213	-45.4086223493962
			54.8589487623534	-45.4086223493962
			54.8197357896855	-45.4086223493962
			54.7805228170176	-45.4086223493962
			54.7413098443498	-45.4086223493962
			54.7020968716819	-45.4086223493962
			54.662883899014	-45.4086223493962
			54.6236709263462	-45.4086223493962
			54.5844579536783	-45.4086223493962
			54.5452449810104	-45.4086223493962
			54.5060320083425	-45.4086223493962
			54.4668190356747	-45.4086223493962
			54.4276060630068	-45.4086223493962
			54.3883930903389	-45.4086223493962
			54.349180117671	-45.4086223493962
			54.3099671450032	-45.4086223493962
			54.2707541723353	-45.4086223493962
			54.2315411996674	-45.4086223493962
			54.1923282269996	-45.4086223493962
			54.1531152543317	-45.4086223493962
			54.1139022816638	-45.4086223493962
			54.0746893089959	-45.447835322064
			54.0354763363281	-45.447835322064
			53.9962633636602	-45.447835322064
			53.9570503909923	-45.447835322064
			53.9178374183244	-45.447835322064
			53.8786244456566	-45.447835322064
			53.8394114729887	-45.447835322064
			53.8001985003208	-45.447835322064
			53.760985527653	-45.447835322064
			53.7217725549851	-45.447835322064
			53.6825595823172	-45.447835322064
			53.6433466096493	-45.447835322064
			53.6041336369815	-45.447835322064
			53.5649206643136	-45.447835322064
			53.5257076916457	-45.447835322064
			53.4864947189779	-45.447835322064
			53.44728174631	-45.447835322064
			53.4080687736421	-45.447835322064
			53.3688558009742	-45.4086223493962
			53.3296428283064	-45.4086223493962
			53.2904298556385	-45.4086223493962
			53.2512168829706	-45.4086223493962
			53.2120039103027	-45.4086223493962
			53.1727909376349	-45.4086223493962
			53.133577964967	-45.4086223493962
			53.0943649922991	-45.4086223493962
			53.0551520196313	-45.4086223493962
			53.0159390469634	-45.4086223493962
			52.9767260742955	-45.4086223493962
			52.9375131016276	-45.4086223493962
			52.8983001289598	-45.4086223493962
			52.8590871562919	-45.4086223493962
			52.819874183624	-45.4086223493962
			52.7806612109561	-45.4086223493962
			52.7414482382883	-45.4086223493962
			52.7022352656204	-45.4086223493962
			52.6630222929525	-45.4086223493962
			52.6238093202847	-45.4086223493962
			52.5845963476168	-45.4086223493962
			52.5453833749489	-45.4086223493962
			52.506170402281	-45.4086223493962
			52.4669574296132	-45.4086223493962
			52.4277444569453	-45.4086223493962
			52.3885314842774	-45.3694093767283
			52.3493185116096	-45.3694093767283
			52.3101055389417	-45.3694093767283
			52.2708925662738	-45.3694093767283
			52.2316795936059	-45.3694093767283
			52.1924666209381	-45.3694093767283
			52.1532536482702	-45.3694093767283
			52.1140406756023	-45.3694093767283
			52.0748277029344	-45.3694093767283
			52.0356147302666	-45.3694093767283
			51.9964017575987	-45.3694093767283
			51.9571887849308	-45.3694093767283
			51.917975812263	-45.3694093767283
			51.8787628395951	-45.3694093767283
			51.8395498669272	-45.3301964040604
			51.8003368942593	-45.3301964040604
			51.7611239215915	-45.3301964040604
			51.7219109489236	-45.3301964040604
			51.6826979762557	-45.3301964040604
			51.6434850035879	-45.3301964040604
			51.60427203092	-45.3301964040604
			51.5650590582521	-45.3301964040604
			51.5258460855842	-45.3301964040604
			51.4866331129164	-45.3301964040604
			51.4474201402485	-45.3301964040604
			51.4082071675806	-45.2909834313925
			51.3689941949127	-45.2909834313925
			51.3297812222449	-45.2909834313925
			51.290568249577	-45.2909834313925
			51.2513552769091	-45.2909834313925
			51.2121423042413	-45.2909834313925
			51.1729293315734	-45.2909834313925
			51.1337163589055	-45.2909834313925
			51.0945033862376	-45.2909834313925
			51.0552904135698	-45.2517704587247
			51.0160774409019	-45.2517704587247
			50.976864468234	-45.2517704587247
			50.9376514955662	-45.2517704587247
			50.8984385228983	-45.2517704587247
			50.8592255502304	-45.2517704587247
			50.8200125775625	-45.2517704587247
			50.7807996048947	-45.2517704587247
			50.7415866322268	-45.2517704587247
			50.7023736595589	-45.2517704587247
			50.7023736595589	-45.2909834313925
			50.663160686891	-45.2909834313925
			50.6239477142232	-45.2909834313925
			50.5847347415553	-45.2909834313925
			50.5455217688874	-45.2909834313925
			50.5063087962196	-45.2909834313925
			50.4670958235517	-45.2909834313925
			50.4278828508838	-45.2909834313925
			50.3886698782159	-45.2909834313925
			50.3494569055481	-45.2909834313925
			50.3102439328802	-45.2909834313925
			50.2710309602123	-45.3301964040604
			50.2318179875444	-45.3301964040604
			50.1926050148766	-45.3301964040604
			50.1533920422087	-45.3301964040604
			50.1141790695408	-45.3301964040604
			50.074966096873	-45.3301964040604
			50.0357531242051	-45.3301964040604
			49.9965401515372	-45.3301964040604
			49.9573271788693	-45.3301964040604
			49.9181142062015	-45.3301964040604
			49.8789012335336	-45.3301964040604
			49.8396882608657	-45.3694093767283
			49.8004752881979	-45.3694093767283
			49.76126231553	-45.3694093767283
			49.7220493428621	-45.3694093767283
			49.6828363701942	-45.3694093767283
			49.6436233975264	-45.3694093767283
			49.6044104248585	-45.3694093767283
			49.5651974521906	-45.3694093767283
			49.5259844795227	-45.3694093767283
			49.4867715068549	-45.3694093767283
			49.447558534187	-45.4086223493962
			49.4083455615191	-45.4086223493962
			49.3691325888513	-45.4086223493962
			49.3299196161834	-45.4086223493962
			49.2907066435155	-45.4086223493962
			49.2514936708476	-45.4086223493962
			49.2122806981798	-45.4086223493962
			49.1730677255119	-45.4086223493962
			49.133854752844	-45.4086223493962
			49.0946417801762	-45.4086223493962
			49.0554288075083	-45.4086223493962
			49.0162158348404	-45.4086223493962
			48.9770028621725	-45.447835322064
			48.9377898895047	-45.447835322064
			48.8985769168368	-45.447835322064
			48.8593639441689	-45.447835322064
			48.820150971501	-45.447835322064
			48.7809379988332	-45.447835322064
			48.7417250261653	-45.447835322064
			48.7025120534974	-45.447835322064
			48.6632990808296	-45.447835322064
			48.6240861081617	-45.447835322064
			48.5848731354938	-45.447835322064
			48.5456601628259	-45.447835322064
			48.5064471901581	-45.447835322064
			48.4672342174902	-45.447835322064
			48.4280212448223	-45.447835322064
			48.3888082721544	-45.447835322064
			48.3495952994866	-45.4870482947319
			48.3103823268187	-45.4870482947319
			48.2711693541508	-45.4870482947319
			48.231956381483	-45.4870482947319
			48.1927434088151	-45.4870482947319
			48.1535304361472	-45.4870482947319
			48.1143174634793	-45.4870482947319
			48.0751044908115	-45.4870482947319
			48.0358915181436	-45.4870482947319
			47.9966785454757	-45.4870482947319
			47.9574655728079	-45.4870482947319
			47.91825260014	-45.4870482947319
			47.8790396274721	-45.4870482947319
			47.8398266548042	-45.4870482947319
			47.8006136821364	-45.4870482947319
			47.7614007094685	-45.4870482947319
			47.7221877368006	-45.4870482947319
			47.6829747641328	-45.4870482947319
			47.6437617914649	-45.4870482947319
			47.604548818797	-45.4870482947319
			47.5653358461291	-45.4870482947319
			47.5261228734613	-45.4870482947319
			47.4869099007934	-45.4870482947319
			47.4476969281255	-45.4870482947319
			47.4084839554576	-45.4870482947319
			47.3692709827898	-45.4870482947319
			47.3300580101219	-45.4870482947319
			47.290845037454	-45.4870482947319
			47.2516320647862	-45.4870482947319
			47.2124190921183	-45.4870482947319
			47.1732061194504	-45.4870482947319
			47.1339931467825	-45.4870482947319
			47.0947801741147	-45.4870482947319
			47.0555672014468	-45.4870482947319
			47.0163542287789	-45.4870482947319
			46.977141256111	-45.4870482947319
			46.9379282834432	-45.4870482947319
			46.8987153107753	-45.447835322064
			46.8595023381074	-45.447835322064
			46.8202893654396	-45.447835322064
			46.7810763927717	-45.447835322064
			46.7418634201038	-45.447835322064
			46.7026504474359	-45.447835322064
			46.6634374747681	-45.447835322064
			46.6242245021002	-45.447835322064
			46.5850115294323	-45.447835322064
			46.5457985567645	-45.447835322064
			46.5065855840966	-45.447835322064
			46.4673726114287	-45.447835322064
			46.4281596387608	-45.447835322064
			46.388946666093	-45.4086223493962
			46.3497336934251	-45.4086223493962
			46.3105207207572	-45.4086223493962
			46.2713077480893	-45.4086223493962
			46.2320947754215	-45.4086223493962
			46.1928818027536	-45.4086223493962
			46.1536688300857	-45.4086223493962
			46.1144558574179	-45.4086223493962
			46.07524288475	-45.4086223493962
			46.0360299120821	-45.3694093767283
			45.9968169394142	-45.3694093767283
			45.9576039667464	-45.3694093767283
			45.9183909940785	-45.3694093767283
			45.8791780214106	-45.3694093767283
			45.8399650487427	-45.3694093767283
			45.8007520760749	-45.3301964040604
			45.761539103407	-45.3301964040604
			45.7223261307391	-45.3301964040604
			45.6831131580713	-45.3301964040604
			45.6439001854034	-45.3301964040604
			45.6046872127355	-45.2909834313925
			45.5654742400676	-45.2909834313925
			45.5262612673998	-45.2909834313925
			45.4870482947319	-45.2909834313925
			45.447835322064	-45.3301964040604
			45.4086223493962	-45.3301964040604
			45.3694093767283	-45.3694093767283
			45.3301964040604	-45.3694093767283
			45.2909834313925	-45.3694093767283
			45.2517704587247	-45.3694093767283
			45.2125574860568	-45.4086223493962
			45.1733445133889	-45.4086223493962
			45.1341315407211	-45.4086223493962
			45.0949185680532	-45.4086223493962
			45.0557055953853	-45.447835322064
			45.0164926227174	-45.447835322064
			44.9772796500496	-45.447835322064
			44.9380666773817	-45.447835322064
			44.8988537047138	-45.4870482947319
			44.8596407320459	-45.4870482947319
			44.8204277593781	-45.4870482947319
			44.7812147867102	-45.4870482947319
			44.7420018140423	-45.4870482947319
			44.7027888413744	-45.4870482947319
			44.6635758687066	-45.4870482947319
			44.6243628960387	-45.4870482947319
			44.5851499233708	-45.4870482947319
			44.545936950703	-45.4870482947319
			44.5067239780351	-45.4870482947319
			44.4675110053672	-45.4870482947319
			44.4282980326993	-45.4870482947319
			44.3890850600315	-45.4870482947319
			44.3498720873636	-45.4870482947319
			44.3106591146957	-45.4870482947319
			44.2714461420279	-45.447835322064
			44.23223316936	-45.447835322064
			44.1930201966921	-45.447835322064
			44.1538072240242	-45.447835322064
			44.1145942513564	-45.447835322064
			44.0753812786885	-45.447835322064
			44.0361683060206	-45.447835322064
			43.9969553333528	-45.447835322064
			43.9577423606849	-45.447835322064
			43.918529388017	-45.447835322064
			43.8793164153491	-45.447835322064
			43.8401034426813	-45.447835322064
			43.8008904700134	-45.447835322064
			43.7616774973455	-45.447835322064
			43.7224645246776	-45.447835322064
			43.6832515520098	-45.447835322064
			43.6440385793419	-45.447835322064
			43.604825606674	-45.447835322064
			43.5656126340062	-45.447835322064
			43.5263996613383	-45.447835322064
			43.4871866886704	-45.447835322064
			43.4479737160025	-45.447835322064
			43.4087607433347	-45.447835322064
			43.3695477706668	-45.447835322064
			43.3303347979989	-45.447835322064
			43.291121825331	-45.447835322064
			43.2519088526632	-45.447835322064
			43.2126958799953	-45.447835322064
			43.1734829073274	-45.447835322064
			43.1342699346596	-45.4086223493962
			43.0950569619917	-45.4086223493962
			43.0558439893238	-45.4086223493962
			43.0166310166559	-45.4086223493962
			42.9774180439881	-45.4086223493962
			42.9382050713202	-45.4086223493962
			42.8989920986523	-45.4086223493962
			42.8597791259845	-45.4086223493962
			42.8205661533166	-45.3694093767283
			42.7813531806487	-45.3694093767283
			42.7421402079808	-45.3694093767283
			42.702927235313	-45.3694093767283
			42.6637142626451	-45.3694093767283
			42.6637142626451	-45.3301964040604
			42.6245012899772	-45.3301964040604
			42.5852883173093	-45.3301964040604
			42.5460753446415	-45.3301964040604
			42.5068623719736	-45.3301964040604
			42.4676493993057	-45.3301964040604
			42.4284364266379	-45.3301964040604
			42.38922345397	-45.3301964040604
			42.3500104813021	-45.3301964040604
			42.3107975086342	-45.3301964040604
			42.2715845359664	-45.3301964040604
			42.2323715632985	-45.2909834313925
			42.1931585906306	-45.2909834313925
			42.1539456179627	-45.2909834313925
			42.1147326452949	-45.2909834313925
			42.075519672627	-45.2909834313925
			42.0363066999591	-45.2909834313925
			41.9970937272913	-45.2909834313925
			41.9578807546234	-45.2909834313925
			41.9186677819555	-45.2909834313925
			41.8794548092876	-45.2909834313925
			41.8402418366198	-45.2909834313925
			41.8010288639519	-45.2909834313925
			41.761815891284	-45.2909834313925
			41.7226029186162	-45.2909834313925
			41.6833899459483	-45.2909834313925
			41.6441769732804	-45.2517704587247
			41.6049640006125	-45.2517704587247
			41.5657510279447	-45.2517704587247
			41.5265380552768	-45.2517704587247
			41.4873250826089	-45.2517704587247
			41.4481121099411	-45.2517704587247
			41.4088991372732	-45.2517704587247
			41.3696861646053	-45.2517704587247
			41.3304731919374	-45.2517704587247
			41.2912602192696	-45.2517704587247
			41.2520472466017	-45.2517704587247
			41.2128342739338	-45.2517704587247
			41.1736213012659	-45.2125574860568
			41.1344083285981	-45.2125574860568
			41.0951953559302	-45.2125574860568
			41.0559823832623	-45.2125574860568
			41.0167694105944	-45.2125574860568
			40.9775564379266	-45.2125574860568
			40.9383434652587	-45.2125574860568
			40.8991304925908	-45.2125574860568
			40.859917519923	-45.1733445133889
			40.8207045472551	-45.1733445133889
			40.7814915745872	-45.1733445133889
			40.7422786019193	-45.1733445133889
			40.7030656292515	-45.1733445133889
			40.6638526565836	-45.1733445133889
			40.6246396839157	-45.1733445133889
			40.5854267112479	-45.1733445133889
			40.54621373858	-45.1733445133889
			40.5070007659121	-45.1341315407211
			40.4677877932442	-45.1341315407211
			40.4285748205764	-45.1341315407211
			40.3893618479085	-45.1341315407211
			40.3501488752406	-45.1341315407211
			40.3109359025728	-45.1341315407211
			40.2717229299049	-45.0949185680532
			40.232509957237	-45.0949185680532
			40.1932969845691	-45.0949185680532
			40.1540840119013	-45.0949185680532
			40.1148710392334	-45.0949185680532
			40.0756580665655	-45.0949185680532
			40.0364450938976	-45.0557055953853
			39.9972321212298	-45.0557055953853
			39.9580191485619	-45.0557055953853
			39.918806175894	-45.0557055953853
			39.8795932032262	-45.0557055953853
			39.8403802305583	-45.0557055953853
			39.8011672578904	-45.0557055953853
			39.7619542852225	-45.0164926227174
			39.7227413125547	-45.0164926227174
			39.6835283398868	-45.0164926227174
			39.6443153672189	-45.0164926227174
			39.605102394551	-45.0164926227174
			39.5658894218832	-45.0164926227174
			39.5266764492153	-45.0164926227174
			39.4874634765474	-45.0164926227174
			39.4482505038796	-45.0164926227174
			39.4090375312117	-45.0164926227174
			39.3698245585438	-45.0164926227174
			39.3306115858759	-45.0164926227174
			39.2913986132081	-44.9772796500496
			39.2521856405402	-44.9772796500496
			39.2129726678723	-44.9772796500496
			39.1737596952045	-44.9772796500496
			39.1345467225366	-44.9772796500496
			39.0953337498687	-44.9772796500496
			39.0561207772008	-44.9772796500496
			39.016907804533	-44.9772796500496
			38.9776948318651	-44.9772796500496
			38.9384818591972	-44.9772796500496
			38.8992688865293	-44.9772796500496
			38.8600559138615	-44.9772796500496
			38.8208429411936	-44.9772796500496
			38.7816299685257	-44.9772796500496
			38.7424169958579	-45.0164926227174
			38.70320402319	-45.0164926227174
			38.6639910505221	-45.0164926227174
			38.6247780778542	-45.0164926227174
			38.5855651051864	-45.0164926227174
			38.5463521325185	-45.0164926227174
			38.5071391598506	-45.0164926227174
			38.4679261871828	-45.0164926227174
			38.4287132145149	-45.0164926227174
			38.389500241847	-45.0164926227174
			38.3502872691791	-44.9772796500496
			38.3110742965113	-44.9772796500496
			38.2718613238434	-44.9772796500496
			38.2326483511755	-44.9380666773817
			38.1934353785076	-44.9380666773817
			38.1542224058398	-44.9380666773817
			38.1150094331719	-44.8988537047138
			38.075796460504	-44.8988537047138
			38.0365834878362	-44.8596407320459
			37.9973705151683	-44.8596407320459
			37.9581575425004	-44.8204277593781
		</c2>
	</curves.scaled>
	<ruler.points type=matrix rownames=TRUE colnames=FALSE nrow=2 ncol=2 as.numeric=TRUE >
		Ruler point 1	2162	280
		Ruler point 2	2417	277
	</ruler.points>
</shapes>

