<shapes type=list>
	<ruler.pixel type=vector names=FALSE length=1 as.numeric=TRUE >255.017646448241</ruler.pixel>
	<ruler.interval type=vector names=FALSE length=1 as.numeric=TRUE >10</ruler.interval>
	<scaling.units type=vector names=FALSE length=1 as.numeric=FALSE >undefined</scaling.units>
	<scaling type=vector names=FALSE length=1 as.numeric=TRUE >0.0392129726678723</scaling>
	<landmarks.pixel type=matrix rownames=TRUE colnames=FALSE nrow=2 ncol=2 as.numeric=TRUE >
		LM1	1123	1138
		LM2	1564	1131
	</landmarks.pixel>
	<landmarks.scaled type=matrix rownames=TRUE colnames=FALSE nrow=2 ncol=2 as.numeric=TRUE >
		LM1	44.0361683060206	-44.6243628960387
		LM2	61.3290892525523	-44.3498720873636
	</landmarks.scaled>
	<curves.control type=list>
		<c1 type=matrix rownames=FALSE colnames=FALSE nrow=15 ncol=2 as.numeric=TRUE >
			1123	1138
			1150	1123
			1216	1091
			1243	1076
			1301	1055
			1350	1037
			1378	1027
			1432	1021
			1423	1036
			1427	1055
			1471	1073
			1513	1096
			1530	1111
			1556	1118
			1564	1131
		</c1>
		<c2 type=matrix rownames=FALSE colnames=FALSE nrow=25 ncol=2 as.numeric=TRUE >
			1564	1131
			1564	1134
			1553	1130
			1548	1132
			1516	1129
			1503	1131
			1487	1131
			1478	1137
			1461	1133
			1440	1140
			1419	1136
			1396	1138
			1378	1134
			1349	1137
			1315	1135
			1281	1131
			1264	1132
			1240	1142
			1217	1142
			1195	1144
			1185	1141
			1169	1136
			1158	1141
			1127	1141
			1123	1138
		</c2>
	</curves.control>
	<curves.pixel type=list>
		<c1 type=matrix rownames=FALSE colnames=FALSE nrow=472 ncol=2 as.numeric=TRUE >
			1123	1138
			1124	1138
			1125	1137
			1126	1136
			1127	1136
			1128	1135
			1129	1135
			1130	1134
			1131	1134
			1132	1133
			1133	1132
			1134	1132
			1135	1132
			1135	1131
			1136	1131
			1137	1131
			1138	1130
			1139	1129
			1140	1129
			1141	1128
			1142	1128
			1143	1127
			1144	1127
			1145	1127
			1146	1126
			1147	1125
			1148	1125
			1149	1124
			1150	1124
			1151	1123
			1152	1123
			1153	1122
			1154	1122
			1155	1121
			1156	1121
			1157	1120
			1158	1119
			1159	1119
			1160	1119
			1160	1118
			1161	1118
			1162	1118
			1163	1117
			1164	1117
			1165	1116
			1166	1115
			1167	1115
			1168	1115
			1169	1114
			1170	1114
			1171	1113
			1172	1113
			1173	1112
			1174	1112
			1175	1111
			1176	1110
			1177	1110
			1178	1110
			1178	1109
			1179	1109
			1180	1109
			1181	1108
			1182	1108
			1183	1107
			1184	1107
			1185	1106
			1186	1106
			1187	1105
			1188	1105
			1189	1104
			1190	1103
			1191	1103
			1192	1103
			1193	1102
			1194	1102
			1195	1101
			1196	1101
			1197	1100
			1198	1100
			1199	1099
			1200	1099
			1201	1098
			1202	1098
			1203	1097
			1204	1097
			1205	1096
			1206	1096
			1207	1095
			1208	1095
			1209	1094
			1210	1094
			1211	1093
			1212	1093
			1213	1092
			1214	1092
			1215	1091
			1216	1091
			1217	1090
			1218	1090
			1219	1089
			1220	1089
			1221	1088
			1222	1088
			1223	1087
			1224	1087
			1225	1086
			1226	1086
			1227	1085
			1228	1085
			1229	1084
			1230	1084
			1231	1084
			1231	1083
			1232	1083
			1233	1082
			1234	1082
			1235	1081
			1236	1081
			1237	1080
			1238	1080
			1239	1080
			1239	1079
			1240	1079
			1241	1079
			1242	1078
			1243	1078
			1244	1077
			1245	1077
			1246	1077
			1246	1076
			1247	1076
			1248	1076
			1249	1075
			1250	1075
			1251	1075
			1251	1074
			1252	1074
			1253	1073
			1254	1073
			1255	1073
			1256	1072
			1257	1072
			1258	1072
			1258	1071
			1259	1071
			1260	1071
			1261	1070
			1262	1070
			1263	1069
			1264	1069
			1265	1069
			1266	1068
			1267	1068
			1268	1068
			1269	1067
			1270	1067
			1271	1066
			1272	1066
			1273	1066
			1274	1065
			1275	1065
			1276	1064
			1277	1064
			1278	1064
			1279	1063
			1280	1063
			1281	1062
			1282	1062
			1283	1062
			1284	1061
			1285	1061
			1286	1060
			1287	1060
			1288	1060
			1289	1059
			1290	1059
			1291	1059
			1292	1058
			1293	1058
			1294	1057
			1295	1057
			1296	1057
			1297	1056
			1298	1056
			1299	1056
			1300	1055
			1301	1055
			1302	1055
			1303	1054
			1304	1054
			1305	1053
			1306	1053
			1307	1053
			1308	1052
			1309	1052
			1310	1052
			1311	1051
			1312	1051
			1313	1051
			1314	1050
			1315	1050
			1316	1050
			1317	1049
			1318	1049
			1319	1048
			1320	1048
			1321	1048
			1322	1047
			1323	1047
			1324	1046
			1325	1046
			1326	1046
			1327	1045
			1328	1045
			1329	1045
			1330	1044
			1331	1044
			1332	1044
			1333	1043
			1334	1043
			1335	1043
			1336	1042
			1337	1042
			1338	1041
			1339	1041
			1340	1041
			1341	1040
			1342	1040
			1343	1040
			1344	1039
			1345	1039
			1346	1038
			1347	1038
			1348	1038
			1349	1037
			1350	1037
			1351	1037
			1352	1036
			1353	1036
			1354	1036
			1355	1035
			1356	1035
			1357	1035
			1358	1034
			1359	1034
			1360	1033
			1361	1033
			1362	1033
			1363	1032
			1364	1032
			1365	1031
			1366	1031
			1367	1031
			1368	1030
			1369	1030
			1370	1030
			1371	1029
			1372	1029
			1373	1029
			1374	1028
			1375	1028
			1376	1028
			1377	1027
			1378	1027
			1379	1027
			1380	1027
			1381	1027
			1382	1027
			1383	1026
			1384	1026
			1385	1026
			1386	1026
			1387	1026
			1388	1026
			1389	1026
			1390	1026
			1391	1026
			1392	1026
			1393	1026
			1394	1026
			1395	1026
			1396	1025
			1397	1025
			1398	1025
			1399	1025
			1400	1025
			1401	1025
			1402	1025
			1403	1025
			1404	1025
			1405	1025
			1406	1025
			1407	1025
			1408	1025
			1409	1025
			1410	1025
			1411	1026
			1412	1026
			1413	1026
			1414	1026
			1415	1026
			1416	1026
			1417	1026
			1418	1027
			1419	1027
			1420	1027
			1421	1028
			1422	1028
			1423	1029
			1424	1030
			1424	1031
			1424	1032
			1424	1033
			1424	1034
			1424	1035
			1423	1036
			1423	1037
			1423	1038
			1424	1039
			1424	1040
			1425	1041
			1425	1042
			1426	1043
			1426	1044
			1427	1045
			1428	1046
			1429	1047
			1430	1048
			1431	1049
			1432	1050
			1433	1051
			1434	1052
			1435	1053
			1436	1054
			1437	1055
			1438	1056
			1439	1056
			1440	1057
			1441	1057
			1442	1058
			1442	1059
			1443	1059
			1444	1060
			1445	1060
			1446	1061
			1447	1062
			1448	1062
			1449	1063
			1450	1063
			1451	1064
			1452	1064
			1453	1065
			1454	1065
			1455	1066
			1456	1066
			1457	1067
			1458	1067
			1459	1068
			1460	1068
			1461	1069
			1462	1069
			1463	1070
			1464	1070
			1465	1071
			1466	1071
			1467	1071
			1468	1072
			1469	1072
			1470	1072
			1470	1073
			1471	1073
			1472	1074
			1473	1074
			1474	1075
			1475	1075
			1476	1076
			1477	1076
			1478	1077
			1479	1078
			1480	1078
			1481	1079
			1482	1079
			1483	1080
			1484	1080
			1485	1081
			1486	1081
			1487	1082
			1488	1082
			1489	1083
			1490	1084
			1491	1085
			1492	1085
			1493	1086
			1494	1086
			1495	1087
			1496	1087
			1497	1088
			1498	1089
			1499	1089
			1500	1090
			1501	1090
			1502	1091
			1503	1091
			1503	1092
			1504	1092
			1505	1093
			1506	1093
			1506	1094
			1507	1094
			1508	1095
			1509	1095
			1509	1096
			1510	1096
			1511	1097
			1512	1097
			1512	1098
			1513	1098
			1514	1099
			1515	1100
			1516	1100
			1517	1101
			1518	1101
			1519	1102
			1519	1103
			1520	1103
			1521	1104
			1522	1105
			1523	1106
			1524	1106
			1525	1107
			1526	1107
			1526	1108
			1527	1109
			1528	1109
			1529	1110
			1530	1111
			1531	1111
			1532	1112
			1533	1112
			1534	1112
			1535	1113
			1536	1113
			1537	1113
			1538	1114
			1539	1114
			1540	1114
			1541	1115
			1542	1115
			1543	1115
			1544	1116
			1545	1116
			1546	1117
			1547	1117
			1548	1117
			1549	1118
			1550	1119
			1551	1119
			1552	1120
			1553	1120
			1554	1121
			1555	1121
			1555	1122
			1556	1123
			1557	1123
			1558	1124
			1559	1125
			1560	1126
			1561	1127
			1562	1128
			1563	1129
			1563	1130
			1564	1131
		</c1>
		<c2 type=matrix rownames=FALSE colnames=FALSE nrow=448 ncol=2 as.numeric=TRUE >
			1564	1131
			1564	1132
			1563	1132
			1562	1132
			1561	1132
			1560	1132
			1559	1132
			1558	1132
			1557	1131
			1556	1131
			1555	1131
			1554	1130
			1553	1130
			1552	1130
			1551	1130
			1550	1131
			1549	1131
			1548	1131
			1547	1131
			1546	1131
			1545	1131
			1544	1131
			1543	1131
			1542	1131
			1541	1131
			1540	1131
			1539	1131
			1538	1131
			1537	1131
			1536	1131
			1535	1130
			1534	1130
			1533	1130
			1532	1130
			1531	1130
			1530	1130
			1529	1130
			1528	1130
			1527	1130
			1526	1130
			1525	1130
			1524	1130
			1523	1130
			1522	1130
			1521	1129
			1520	1129
			1519	1129
			1518	1129
			1517	1129
			1516	1129
			1515	1129
			1514	1129
			1513	1129
			1512	1130
			1511	1130
			1510	1130
			1509	1130
			1508	1130
			1507	1130
			1506	1130
			1505	1130
			1504	1130
			1503	1130
			1502	1131
			1501	1131
			1500	1131
			1499	1131
			1498	1131
			1497	1131
			1496	1131
			1495	1131
			1494	1131
			1493	1131
			1492	1131
			1491	1131
			1490	1131
			1489	1131
			1488	1131
			1487	1131
			1486	1131
			1486	1132
			1485	1132
			1484	1133
			1483	1133
			1482	1133
			1481	1134
			1480	1134
			1479	1134
			1478	1134
			1477	1134
			1476	1134
			1475	1135
			1474	1135
			1473	1135
			1472	1135
			1471	1135
			1470	1134
			1469	1134
			1468	1134
			1467	1134
			1466	1134
			1465	1134
			1464	1134
			1463	1133
			1462	1133
			1461	1133
			1460	1133
			1459	1134
			1458	1134
			1457	1134
			1456	1134
			1456	1135
			1455	1135
			1454	1135
			1453	1135
			1452	1136
			1451	1136
			1450	1136
			1449	1136
			1448	1136
			1447	1136
			1446	1137
			1445	1137
			1444	1137
			1443	1137
			1442	1137
			1441	1137
			1440	1137
			1439	1137
			1438	1137
			1437	1137
			1436	1137
			1435	1137
			1434	1137
			1433	1137
			1432	1137
			1431	1137
			1430	1137
			1429	1137
			1428	1137
			1427	1137
			1426	1137
			1425	1137
			1424	1137
			1423	1137
			1422	1137
			1421	1136
			1420	1136
			1419	1136
			1418	1136
			1417	1136
			1416	1136
			1415	1136
			1414	1136
			1413	1136
			1412	1136
			1411	1137
			1410	1137
			1409	1137
			1408	1137
			1407	1137
			1406	1137
			1405	1137
			1404	1137
			1403	1137
			1402	1137
			1401	1137
			1400	1137
			1399	1137
			1398	1137
			1397	1137
			1396	1136
			1395	1136
			1394	1136
			1393	1136
			1392	1136
			1391	1136
			1390	1136
			1389	1136
			1388	1136
			1387	1136
			1386	1135
			1385	1135
			1384	1135
			1383	1135
			1382	1135
			1381	1135
			1380	1134
			1379	1134
			1378	1134
			1377	1134
			1376	1134
			1375	1134
			1374	1134
			1373	1134
			1372	1135
			1371	1135
			1370	1135
			1369	1135
			1368	1135
			1367	1135
			1366	1135
			1365	1135
			1364	1135
			1363	1135
			1362	1135
			1361	1135
			1360	1135
			1359	1135
			1358	1135
			1357	1135
			1356	1136
			1355	1136
			1354	1136
			1353	1136
			1352	1136
			1351	1136
			1350	1136
			1349	1136
			1348	1136
			1347	1136
			1346	1136
			1345	1136
			1344	1136
			1343	1136
			1342	1136
			1341	1136
			1340	1136
			1339	1136
			1338	1136
			1337	1136
			1336	1136
			1335	1136
			1334	1136
			1333	1136
			1332	1136
			1331	1136
			1330	1136
			1329	1136
			1328	1136
			1327	1136
			1326	1136
			1325	1135
			1324	1135
			1323	1135
			1322	1135
			1321	1135
			1320	1135
			1319	1135
			1318	1135
			1317	1135
			1316	1135
			1315	1135
			1314	1135
			1313	1135
			1312	1135
			1311	1135
			1310	1134
			1309	1134
			1308	1134
			1307	1134
			1306	1134
			1305	1134
			1304	1134
			1303	1134
			1302	1134
			1301	1133
			1300	1133
			1299	1133
			1298	1133
			1297	1133
			1296	1133
			1295	1133
			1294	1133
			1293	1133
			1292	1133
			1291	1133
			1290	1133
			1289	1132
			1288	1132
			1287	1132
			1286	1132
			1285	1132
			1284	1132
			1283	1132
			1282	1132
			1281	1132
			1280	1132
			1279	1132
			1278	1132
			1277	1132
			1276	1132
			1275	1132
			1274	1132
			1273	1132
			1272	1132
			1271	1132
			1270	1132
			1269	1132
			1268	1132
			1267	1132
			1266	1132
			1265	1132
			1264	1132
			1263	1132
			1262	1133
			1261	1133
			1260	1134
			1259	1134
			1258	1134
			1257	1135
			1256	1135
			1255	1135
			1254	1136
			1253	1136
			1252	1136
			1251	1137
			1250	1137
			1249	1137
			1248	1137
			1247	1138
			1246	1138
			1245	1138
			1245	1139
			1244	1139
			1243	1139
			1242	1139
			1241	1139
			1240	1140
			1239	1140
			1238	1140
			1237	1140
			1236	1140
			1235	1140
			1234	1141
			1233	1141
			1232	1141
			1231	1141
			1230	1141
			1229	1141
			1228	1141
			1227	1142
			1226	1142
			1225	1142
			1224	1142
			1223	1142
			1222	1142
			1221	1142
			1220	1142
			1219	1142
			1218	1142
			1217	1142
			1216	1142
			1215	1142
			1214	1142
			1213	1142
			1212	1142
			1211	1142
			1210	1143
			1209	1143
			1208	1143
			1207	1143
			1206	1143
			1205	1143
			1204	1143
			1203	1143
			1202	1143
			1201	1143
			1200	1143
			1199	1143
			1198	1143
			1197	1143
			1196	1143
			1195	1143
			1194	1143
			1193	1142
			1192	1142
			1191	1142
			1190	1142
			1189	1142
			1188	1142
			1187	1142
			1186	1141
			1185	1141
			1184	1141
			1183	1140
			1182	1140
			1181	1140
			1180	1140
			1179	1139
			1178	1139
			1177	1139
			1176	1139
			1175	1139
			1174	1139
			1173	1139
			1172	1139
			1171	1139
			1170	1139
			1169	1139
			1168	1139
			1167	1139
			1166	1139
			1165	1139
			1164	1139
			1163	1139
			1162	1140
			1161	1140
			1160	1140
			1159	1141
			1158	1141
			1157	1141
			1156	1141
			1155	1141
			1154	1141
			1153	1141
			1152	1141
			1151	1141
			1150	1141
			1149	1141
			1148	1141
			1147	1141
			1146	1141
			1145	1141
			1144	1141
			1143	1141
			1142	1141
			1141	1141
			1140	1141
			1139	1141
			1138	1141
			1137	1140
			1136	1140
			1135	1140
			1134	1140
			1133	1140
			1132	1140
			1131	1140
			1130	1140
			1129	1140
			1128	1140
			1128	1139
			1127	1139
			1126	1139
			1125	1139
			1124	1139
			1124	1138
			1123	1138
		</c2>
	</curves.pixel>
	<curves.scaled type=list>
		<c1 type=matrix rownames=FALSE colnames=FALSE nrow=472 ncol=2 as.numeric=TRUE >
			44.0361683060206	-44.6243628960387
			44.0753812786885	-44.6243628960387
			44.1145942513564	-44.5851499233708
			44.1538072240242	-44.545936950703
			44.1930201966921	-44.545936950703
			44.23223316936	-44.5067239780351
			44.2714461420279	-44.5067239780351
			44.3106591146957	-44.4675110053672
			44.3498720873636	-44.4675110053672
			44.3890850600315	-44.4282980326993
			44.4282980326993	-44.3890850600315
			44.4675110053672	-44.3890850600315
			44.5067239780351	-44.3890850600315
			44.5067239780351	-44.3498720873636
			44.545936950703	-44.3498720873636
			44.5851499233708	-44.3498720873636
			44.6243628960387	-44.3106591146957
			44.6635758687066	-44.2714461420279
			44.7027888413744	-44.2714461420279
			44.7420018140423	-44.23223316936
			44.7812147867102	-44.23223316936
			44.8204277593781	-44.1930201966921
			44.8596407320459	-44.1930201966921
			44.8988537047138	-44.1930201966921
			44.9380666773817	-44.1538072240242
			44.9772796500496	-44.1145942513564
			45.0164926227174	-44.1145942513564
			45.0557055953853	-44.0753812786885
			45.0949185680532	-44.0753812786885
			45.1341315407211	-44.0361683060206
			45.1733445133889	-44.0361683060206
			45.2125574860568	-43.9969553333528
			45.2517704587247	-43.9969553333528
			45.2909834313925	-43.9577423606849
			45.3301964040604	-43.9577423606849
			45.3694093767283	-43.918529388017
			45.4086223493962	-43.8793164153491
			45.447835322064	-43.8793164153491
			45.4870482947319	-43.8793164153491
			45.4870482947319	-43.8401034426813
			45.5262612673998	-43.8401034426813
			45.5654742400676	-43.8401034426813
			45.6046872127355	-43.8008904700134
			45.6439001854034	-43.8008904700134
			45.6831131580713	-43.7616774973455
			45.7223261307391	-43.7224645246776
			45.761539103407	-43.7224645246776
			45.8007520760749	-43.7224645246776
			45.8399650487427	-43.6832515520098
			45.8791780214106	-43.6832515520098
			45.9183909940785	-43.6440385793419
			45.9576039667464	-43.6440385793419
			45.9968169394142	-43.604825606674
			46.0360299120821	-43.604825606674
			46.07524288475	-43.5656126340062
			46.1144558574179	-43.5263996613383
			46.1536688300857	-43.5263996613383
			46.1928818027536	-43.5263996613383
			46.1928818027536	-43.4871866886704
			46.2320947754215	-43.4871866886704
			46.2713077480893	-43.4871866886704
			46.3105207207572	-43.4479737160025
			46.3497336934251	-43.4479737160025
			46.388946666093	-43.4087607433347
			46.4281596387608	-43.4087607433347
			46.4673726114287	-43.3695477706668
			46.5065855840966	-43.3695477706668
			46.5457985567645	-43.3303347979989
			46.5850115294323	-43.3303347979989
			46.6242245021002	-43.291121825331
			46.6634374747681	-43.2519088526632
			46.7026504474359	-43.2519088526632
			46.7418634201038	-43.2519088526632
			46.7810763927717	-43.2126958799953
			46.8202893654396	-43.2126958799953
			46.8595023381074	-43.1734829073274
			46.8987153107753	-43.1734829073274
			46.9379282834432	-43.1342699346596
			46.977141256111	-43.1342699346596
			47.0163542287789	-43.0950569619917
			47.0555672014468	-43.0950569619917
			47.0947801741147	-43.0558439893238
			47.1339931467825	-43.0558439893238
			47.1732061194504	-43.0166310166559
			47.2124190921183	-43.0166310166559
			47.2516320647862	-42.9774180439881
			47.290845037454	-42.9774180439881
			47.3300580101219	-42.9382050713202
			47.3692709827898	-42.9382050713202
			47.4084839554576	-42.8989920986523
			47.4476969281255	-42.8989920986523
			47.4869099007934	-42.8597791259845
			47.5261228734613	-42.8597791259845
			47.5653358461291	-42.8205661533166
			47.604548818797	-42.8205661533166
			47.6437617914649	-42.7813531806487
			47.6829747641328	-42.7813531806487
			47.7221877368006	-42.7421402079808
			47.7614007094685	-42.7421402079808
			47.8006136821364	-42.702927235313
			47.8398266548042	-42.702927235313
			47.8790396274721	-42.6637142626451
			47.91825260014	-42.6637142626451
			47.9574655728079	-42.6245012899772
			47.9966785454757	-42.6245012899772
			48.0358915181436	-42.5852883173093
			48.0751044908115	-42.5852883173093
			48.1143174634793	-42.5460753446415
			48.1535304361472	-42.5460753446415
			48.1927434088151	-42.5068623719736
			48.231956381483	-42.5068623719736
			48.2711693541508	-42.5068623719736
			48.2711693541508	-42.4676493993057
			48.3103823268187	-42.4676493993057
			48.3495952994866	-42.4284364266379
			48.3888082721544	-42.4284364266379
			48.4280212448223	-42.38922345397
			48.4672342174902	-42.38922345397
			48.5064471901581	-42.3500104813021
			48.5456601628259	-42.3500104813021
			48.5848731354938	-42.3500104813021
			48.5848731354938	-42.3107975086342
			48.6240861081617	-42.3107975086342
			48.6632990808296	-42.3107975086342
			48.7025120534974	-42.2715845359664
			48.7417250261653	-42.2715845359664
			48.7809379988332	-42.2323715632985
			48.820150971501	-42.2323715632985
			48.8593639441689	-42.2323715632985
			48.8593639441689	-42.1931585906306
			48.8985769168368	-42.1931585906306
			48.9377898895047	-42.1931585906306
			48.9770028621725	-42.1539456179627
			49.0162158348404	-42.1539456179627
			49.0554288075083	-42.1539456179627
			49.0554288075083	-42.1147326452949
			49.0946417801762	-42.1147326452949
			49.133854752844	-42.075519672627
			49.1730677255119	-42.075519672627
			49.2122806981798	-42.075519672627
			49.2514936708476	-42.0363066999591
			49.2907066435155	-42.0363066999591
			49.3299196161834	-42.0363066999591
			49.3299196161834	-41.9970937272913
			49.3691325888513	-41.9970937272913
			49.4083455615191	-41.9970937272913
			49.447558534187	-41.9578807546234
			49.4867715068549	-41.9578807546234
			49.5259844795227	-41.9186677819555
			49.5651974521906	-41.9186677819555
			49.6044104248585	-41.9186677819555
			49.6436233975264	-41.8794548092876
			49.6828363701942	-41.8794548092876
			49.7220493428621	-41.8794548092876
			49.76126231553	-41.8402418366198
			49.8004752881979	-41.8402418366198
			49.8396882608657	-41.8010288639519
			49.8789012335336	-41.8010288639519
			49.9181142062015	-41.8010288639519
			49.9573271788693	-41.761815891284
			49.9965401515372	-41.761815891284
			50.0357531242051	-41.7226029186162
			50.074966096873	-41.7226029186162
			50.1141790695408	-41.7226029186162
			50.1533920422087	-41.6833899459483
			50.1926050148766	-41.6833899459483
			50.2318179875444	-41.6441769732804
			50.2710309602123	-41.6441769732804
			50.3102439328802	-41.6441769732804
			50.3494569055481	-41.6049640006125
			50.3886698782159	-41.6049640006125
			50.4278828508838	-41.5657510279447
			50.4670958235517	-41.5657510279447
			50.5063087962196	-41.5657510279447
			50.5455217688874	-41.5265380552768
			50.5847347415553	-41.5265380552768
			50.6239477142232	-41.5265380552768
			50.663160686891	-41.4873250826089
			50.7023736595589	-41.4873250826089
			50.7415866322268	-41.4481121099411
			50.7807996048947	-41.4481121099411
			50.8200125775625	-41.4481121099411
			50.8592255502304	-41.4088991372732
			50.8984385228983	-41.4088991372732
			50.9376514955662	-41.4088991372732
			50.976864468234	-41.3696861646053
			51.0160774409019	-41.3696861646053
			51.0552904135698	-41.3696861646053
			51.0945033862376	-41.3304731919374
			51.1337163589055	-41.3304731919374
			51.1729293315734	-41.2912602192696
			51.2121423042413	-41.2912602192696
			51.2513552769091	-41.2912602192696
			51.290568249577	-41.2520472466017
			51.3297812222449	-41.2520472466017
			51.3689941949127	-41.2520472466017
			51.4082071675806	-41.2128342739338
			51.4474201402485	-41.2128342739338
			51.4866331129164	-41.2128342739338
			51.5258460855842	-41.1736213012659
			51.5650590582521	-41.1736213012659
			51.60427203092	-41.1736213012659
			51.6434850035879	-41.1344083285981
			51.6826979762557	-41.1344083285981
			51.7219109489236	-41.0951953559302
			51.7611239215915	-41.0951953559302
			51.8003368942593	-41.0951953559302
			51.8395498669272	-41.0559823832623
			51.8787628395951	-41.0559823832623
			51.917975812263	-41.0167694105944
			51.9571887849308	-41.0167694105944
			51.9964017575987	-41.0167694105944
			52.0356147302666	-40.9775564379266
			52.0748277029344	-40.9775564379266
			52.1140406756023	-40.9775564379266
			52.1532536482702	-40.9383434652587
			52.1924666209381	-40.9383434652587
			52.2316795936059	-40.9383434652587
			52.2708925662738	-40.8991304925908
			52.3101055389417	-40.8991304925908
			52.3493185116096	-40.8991304925908
			52.3885314842774	-40.859917519923
			52.4277444569453	-40.859917519923
			52.4669574296132	-40.8207045472551
			52.506170402281	-40.8207045472551
			52.5453833749489	-40.8207045472551
			52.5845963476168	-40.7814915745872
			52.6238093202847	-40.7814915745872
			52.6630222929525	-40.7814915745872
			52.7022352656204	-40.7422786019193
			52.7414482382883	-40.7422786019193
			52.7806612109561	-40.7030656292515
			52.819874183624	-40.7030656292515
			52.8590871562919	-40.7030656292515
			52.8983001289598	-40.6638526565836
			52.9375131016276	-40.6638526565836
			52.9767260742955	-40.6638526565836
			53.0159390469634	-40.6246396839157
			53.0551520196313	-40.6246396839157
			53.0943649922991	-40.6246396839157
			53.133577964967	-40.5854267112479
			53.1727909376349	-40.5854267112479
			53.2120039103027	-40.5854267112479
			53.2512168829706	-40.54621373858
			53.2904298556385	-40.54621373858
			53.3296428283064	-40.5070007659121
			53.3688558009742	-40.5070007659121
			53.4080687736421	-40.5070007659121
			53.44728174631	-40.4677877932442
			53.4864947189779	-40.4677877932442
			53.5257076916457	-40.4285748205764
			53.5649206643136	-40.4285748205764
			53.6041336369815	-40.4285748205764
			53.6433466096493	-40.3893618479085
			53.6825595823172	-40.3893618479085
			53.7217725549851	-40.3893618479085
			53.760985527653	-40.3501488752406
			53.8001985003208	-40.3501488752406
			53.8394114729887	-40.3501488752406
			53.8786244456566	-40.3109359025728
			53.9178374183244	-40.3109359025728
			53.9570503909923	-40.3109359025728
			53.9962633636602	-40.2717229299049
			54.0354763363281	-40.2717229299049
			54.0746893089959	-40.2717229299049
			54.1139022816638	-40.2717229299049
			54.1531152543317	-40.2717229299049
			54.1923282269996	-40.2717229299049
			54.2315411996674	-40.232509957237
			54.2707541723353	-40.232509957237
			54.3099671450032	-40.232509957237
			54.349180117671	-40.232509957237
			54.3883930903389	-40.232509957237
			54.4276060630068	-40.232509957237
			54.4668190356747	-40.232509957237
			54.5060320083425	-40.232509957237
			54.5452449810104	-40.232509957237
			54.5844579536783	-40.232509957237
			54.6236709263462	-40.232509957237
			54.662883899014	-40.232509957237
			54.7020968716819	-40.232509957237
			54.7413098443498	-40.1932969845691
			54.7805228170176	-40.1932969845691
			54.8197357896855	-40.1932969845691
			54.8589487623534	-40.1932969845691
			54.8981617350213	-40.1932969845691
			54.9373747076891	-40.1932969845691
			54.976587680357	-40.1932969845691
			55.0158006530249	-40.1932969845691
			55.0550136256927	-40.1932969845691
			55.0942265983606	-40.1932969845691
			55.1334395710285	-40.1932969845691
			55.1726525436964	-40.1932969845691
			55.2118655163642	-40.1932969845691
			55.2510784890321	-40.1932969845691
			55.2902914617	-40.1932969845691
			55.3295044343678	-40.232509957237
			55.3687174070357	-40.232509957237
			55.4079303797036	-40.232509957237
			55.4471433523715	-40.232509957237
			55.4863563250393	-40.232509957237
			55.5255692977072	-40.232509957237
			55.5647822703751	-40.232509957237
			55.603995243043	-40.2717229299049
			55.6432082157108	-40.2717229299049
			55.6824211883787	-40.2717229299049
			55.7216341610466	-40.3109359025728
			55.7608471337144	-40.3109359025728
			55.8000601063823	-40.3501488752406
			55.8392730790502	-40.3893618479085
			55.8392730790502	-40.4285748205764
			55.8392730790502	-40.4677877932442
			55.8392730790502	-40.5070007659121
			55.8392730790502	-40.54621373858
			55.8392730790502	-40.5854267112479
			55.8000601063823	-40.6246396839157
			55.8000601063823	-40.6638526565836
			55.8000601063823	-40.7030656292515
			55.8392730790502	-40.7422786019193
			55.8392730790502	-40.7814915745872
			55.8784860517181	-40.8207045472551
			55.8784860517181	-40.859917519923
			55.9176990243859	-40.8991304925908
			55.9176990243859	-40.9383434652587
			55.9569119970538	-40.9775564379266
			55.9961249697217	-41.0167694105944
			56.0353379423896	-41.0559823832623
			56.0745509150574	-41.0951953559302
			56.1137638877253	-41.1344083285981
			56.1529768603932	-41.1736213012659
			56.192189833061	-41.2128342739338
			56.2314028057289	-41.2520472466017
			56.2706157783968	-41.2912602192696
			56.3098287510647	-41.3304731919374
			56.3490417237325	-41.3696861646053
			56.3882546964004	-41.4088991372732
			56.4274676690683	-41.4088991372732
			56.4666806417361	-41.4481121099411
			56.505893614404	-41.4481121099411
			56.5451065870719	-41.4873250826089
			56.5451065870719	-41.5265380552768
			56.5843195597398	-41.5265380552768
			56.6235325324076	-41.5657510279447
			56.6627455050755	-41.5657510279447
			56.7019584777434	-41.6049640006125
			56.7411714504113	-41.6441769732804
			56.7803844230791	-41.6441769732804
			56.819597395747	-41.6833899459483
			56.8588103684149	-41.6833899459483
			56.8980233410827	-41.7226029186162
			56.9372363137506	-41.7226029186162
			56.9764492864185	-41.761815891284
			57.0156622590864	-41.761815891284
			57.0548752317542	-41.8010288639519
			57.0940882044221	-41.8010288639519
			57.13330117709	-41.8402418366198
			57.1725141497579	-41.8402418366198
			57.2117271224257	-41.8794548092876
			57.2509400950936	-41.8794548092876
			57.2901530677615	-41.9186677819555
			57.3293660404293	-41.9186677819555
			57.3685790130972	-41.9578807546234
			57.4077919857651	-41.9578807546234
			57.447004958433	-41.9970937272913
			57.4862179311008	-41.9970937272913
			57.5254309037687	-41.9970937272913
			57.5646438764366	-42.0363066999591
			57.6038568491044	-42.0363066999591
			57.6430698217723	-42.0363066999591
			57.6430698217723	-42.075519672627
			57.6822827944402	-42.075519672627
			57.7214957671081	-42.1147326452949
			57.7607087397759	-42.1147326452949
			57.7999217124438	-42.1539456179627
			57.8391346851117	-42.1539456179627
			57.8783476577795	-42.1931585906306
			57.9175606304474	-42.1931585906306
			57.9567736031153	-42.2323715632985
			57.9959865757832	-42.2715845359664
			58.035199548451	-42.2715845359664
			58.0744125211189	-42.3107975086342
			58.1136254937868	-42.3107975086342
			58.1528384664547	-42.3500104813021
			58.1920514391225	-42.3500104813021
			58.2312644117904	-42.38922345397
			58.2704773844583	-42.38922345397
			58.3096903571262	-42.4284364266379
			58.348903329794	-42.4284364266379
			58.3881163024619	-42.4676493993057
			58.4273292751298	-42.5068623719736
			58.4665422477976	-42.5460753446415
			58.5057552204655	-42.5460753446415
			58.5449681931334	-42.5852883173093
			58.5841811658013	-42.5852883173093
			58.6233941384691	-42.6245012899772
			58.662607111137	-42.6245012899772
			58.7018200838049	-42.6637142626451
			58.7410330564727	-42.702927235313
			58.7802460291406	-42.702927235313
			58.8194590018085	-42.7421402079808
			58.8586719744764	-42.7421402079808
			58.8978849471442	-42.7813531806487
			58.9370979198121	-42.7813531806487
			58.9370979198121	-42.8205661533166
			58.97631089248	-42.8205661533166
			59.0155238651478	-42.8597791259845
			59.0547368378157	-42.8597791259845
			59.0547368378157	-42.8989920986523
			59.0939498104836	-42.8989920986523
			59.1331627831515	-42.9382050713202
			59.1723757558193	-42.9382050713202
			59.1723757558193	-42.9774180439881
			59.2115887284872	-42.9774180439881
			59.2508017011551	-43.0166310166559
			59.290014673823	-43.0166310166559
			59.290014673823	-43.0558439893238
			59.3292276464908	-43.0558439893238
			59.3684406191587	-43.0950569619917
			59.4076535918266	-43.1342699346596
			59.4468665644944	-43.1342699346596
			59.4860795371623	-43.1734829073274
			59.5252925098302	-43.1734829073274
			59.5645054824981	-43.2126958799953
			59.5645054824981	-43.2519088526632
			59.6037184551659	-43.2519088526632
			59.6429314278338	-43.291121825331
			59.6821444005017	-43.3303347979989
			59.7213573731696	-43.3695477706668
			59.7605703458374	-43.3695477706668
			59.7997833185053	-43.4087607433347
			59.8389962911732	-43.4087607433347
			59.8389962911732	-43.4479737160025
			59.878209263841	-43.4871866886704
			59.9174222365089	-43.4871866886704
			59.9566352091768	-43.5263996613383
			59.9958481818447	-43.5656126340062
			60.0350611545125	-43.5656126340062
			60.0742741271804	-43.604825606674
			60.1134870998483	-43.604825606674
			60.1527000725161	-43.604825606674
			60.191913045184	-43.6440385793419
			60.2311260178519	-43.6440385793419
			60.2703389905198	-43.6440385793419
			60.3095519631876	-43.6832515520098
			60.3487649358555	-43.6832515520098
			60.3879779085234	-43.6832515520098
			60.4271908811913	-43.7224645246776
			60.4664038538591	-43.7224645246776
			60.505616826527	-43.7224645246776
			60.5448297991949	-43.7616774973455
			60.5840427718627	-43.7616774973455
			60.6232557445306	-43.8008904700134
			60.6624687171985	-43.8008904700134
			60.7016816898664	-43.8008904700134
			60.7408946625342	-43.8401034426813
			60.7801076352021	-43.8793164153491
			60.81932060787	-43.8793164153491
			60.8585335805379	-43.918529388017
			60.8977465532057	-43.918529388017
			60.9369595258736	-43.9577423606849
			60.9761724985415	-43.9577423606849
			60.9761724985415	-43.9969553333528
			61.0153854712093	-44.0361683060206
			61.0545984438772	-44.0361683060206
			61.0938114165451	-44.0753812786885
			61.133024389213	-44.1145942513564
			61.1722373618808	-44.1538072240242
			61.2114503345487	-44.1930201966921
			61.2506633072166	-44.23223316936
			61.2898762798844	-44.2714461420279
			61.2898762798844	-44.3106591146957
			61.3290892525523	-44.3498720873636
		</c1>
		<c2 type=matrix rownames=FALSE colnames=FALSE nrow=448 ncol=2 as.numeric=TRUE >
			61.3290892525523	-44.3498720873636
			61.3290892525523	-44.3890850600315
			61.2898762798844	-44.3890850600315
			61.2506633072166	-44.3890850600315
			61.2114503345487	-44.3890850600315
			61.1722373618808	-44.3890850600315
			61.133024389213	-44.3890850600315
			61.0938114165451	-44.3890850600315
			61.0545984438772	-44.3498720873636
			61.0153854712093	-44.3498720873636
			60.9761724985415	-44.3498720873636
			60.9369595258736	-44.3106591146957
			60.8977465532057	-44.3106591146957
			60.8585335805379	-44.3106591146957
			60.81932060787	-44.3106591146957
			60.7801076352021	-44.3498720873636
			60.7408946625342	-44.3498720873636
			60.7016816898664	-44.3498720873636
			60.6624687171985	-44.3498720873636
			60.6232557445306	-44.3498720873636
			60.5840427718627	-44.3498720873636
			60.5448297991949	-44.3498720873636
			60.505616826527	-44.3498720873636
			60.4664038538591	-44.3498720873636
			60.4271908811913	-44.3498720873636
			60.3879779085234	-44.3498720873636
			60.3487649358555	-44.3498720873636
			60.3095519631876	-44.3498720873636
			60.2703389905198	-44.3498720873636
			60.2311260178519	-44.3498720873636
			60.191913045184	-44.3106591146957
			60.1527000725161	-44.3106591146957
			60.1134870998483	-44.3106591146957
			60.0742741271804	-44.3106591146957
			60.0350611545125	-44.3106591146957
			59.9958481818447	-44.3106591146957
			59.9566352091768	-44.3106591146957
			59.9174222365089	-44.3106591146957
			59.878209263841	-44.3106591146957
			59.8389962911732	-44.3106591146957
			59.7997833185053	-44.3106591146957
			59.7605703458374	-44.3106591146957
			59.7213573731696	-44.3106591146957
			59.6821444005017	-44.3106591146957
			59.6429314278338	-44.2714461420279
			59.6037184551659	-44.2714461420279
			59.5645054824981	-44.2714461420279
			59.5252925098302	-44.2714461420279
			59.4860795371623	-44.2714461420279
			59.4468665644944	-44.2714461420279
			59.4076535918266	-44.2714461420279
			59.3684406191587	-44.2714461420279
			59.3292276464908	-44.2714461420279
			59.290014673823	-44.3106591146957
			59.2508017011551	-44.3106591146957
			59.2115887284872	-44.3106591146957
			59.1723757558193	-44.3106591146957
			59.1331627831515	-44.3106591146957
			59.0939498104836	-44.3106591146957
			59.0547368378157	-44.3106591146957
			59.0155238651478	-44.3106591146957
			58.97631089248	-44.3106591146957
			58.9370979198121	-44.3106591146957
			58.8978849471442	-44.3498720873636
			58.8586719744764	-44.3498720873636
			58.8194590018085	-44.3498720873636
			58.7802460291406	-44.3498720873636
			58.7410330564727	-44.3498720873636
			58.7018200838049	-44.3498720873636
			58.662607111137	-44.3498720873636
			58.6233941384691	-44.3498720873636
			58.5841811658013	-44.3498720873636
			58.5449681931334	-44.3498720873636
			58.5057552204655	-44.3498720873636
			58.4665422477976	-44.3498720873636
			58.4273292751298	-44.3498720873636
			58.3881163024619	-44.3498720873636
			58.348903329794	-44.3498720873636
			58.3096903571262	-44.3498720873636
			58.2704773844583	-44.3498720873636
			58.2704773844583	-44.3890850600315
			58.2312644117904	-44.3890850600315
			58.1920514391225	-44.4282980326993
			58.1528384664547	-44.4282980326993
			58.1136254937868	-44.4282980326993
			58.0744125211189	-44.4675110053672
			58.035199548451	-44.4675110053672
			57.9959865757832	-44.4675110053672
			57.9567736031153	-44.4675110053672
			57.9175606304474	-44.4675110053672
			57.8783476577795	-44.4675110053672
			57.8391346851117	-44.5067239780351
			57.7999217124438	-44.5067239780351
			57.7607087397759	-44.5067239780351
			57.7214957671081	-44.5067239780351
			57.6822827944402	-44.5067239780351
			57.6430698217723	-44.4675110053672
			57.6038568491044	-44.4675110053672
			57.5646438764366	-44.4675110053672
			57.5254309037687	-44.4675110053672
			57.4862179311008	-44.4675110053672
			57.447004958433	-44.4675110053672
			57.4077919857651	-44.4675110053672
			57.3685790130972	-44.4282980326993
			57.3293660404293	-44.4282980326993
			57.2901530677615	-44.4282980326993
			57.2509400950936	-44.4282980326993
			57.2117271224257	-44.4675110053672
			57.1725141497579	-44.4675110053672
			57.13330117709	-44.4675110053672
			57.0940882044221	-44.4675110053672
			57.0940882044221	-44.5067239780351
			57.0548752317542	-44.5067239780351
			57.0156622590864	-44.5067239780351
			56.9764492864185	-44.5067239780351
			56.9372363137506	-44.545936950703
			56.8980233410827	-44.545936950703
			56.8588103684149	-44.545936950703
			56.819597395747	-44.545936950703
			56.7803844230791	-44.545936950703
			56.7411714504113	-44.545936950703
			56.7019584777434	-44.5851499233708
			56.6627455050755	-44.5851499233708
			56.6235325324076	-44.5851499233708
			56.5843195597398	-44.5851499233708
			56.5451065870719	-44.5851499233708
			56.505893614404	-44.5851499233708
			56.4666806417361	-44.5851499233708
			56.4274676690683	-44.5851499233708
			56.3882546964004	-44.5851499233708
			56.3490417237325	-44.5851499233708
			56.3098287510647	-44.5851499233708
			56.2706157783968	-44.5851499233708
			56.2314028057289	-44.5851499233708
			56.192189833061	-44.5851499233708
			56.1529768603932	-44.5851499233708
			56.1137638877253	-44.5851499233708
			56.0745509150574	-44.5851499233708
			56.0353379423896	-44.5851499233708
			55.9961249697217	-44.5851499233708
			55.9569119970538	-44.5851499233708
			55.9176990243859	-44.5851499233708
			55.8784860517181	-44.5851499233708
			55.8392730790502	-44.5851499233708
			55.8000601063823	-44.5851499233708
			55.7608471337144	-44.5851499233708
			55.7216341610466	-44.545936950703
			55.6824211883787	-44.545936950703
			55.6432082157108	-44.545936950703
			55.603995243043	-44.545936950703
			55.5647822703751	-44.545936950703
			55.5255692977072	-44.545936950703
			55.4863563250393	-44.545936950703
			55.4471433523715	-44.545936950703
			55.4079303797036	-44.545936950703
			55.3687174070357	-44.545936950703
			55.3295044343678	-44.5851499233708
			55.2902914617	-44.5851499233708
			55.2510784890321	-44.5851499233708
			55.2118655163642	-44.5851499233708
			55.1726525436964	-44.5851499233708
			55.1334395710285	-44.5851499233708
			55.0942265983606	-44.5851499233708
			55.0550136256927	-44.5851499233708
			55.0158006530249	-44.5851499233708
			54.976587680357	-44.5851499233708
			54.9373747076891	-44.5851499233708
			54.8981617350213	-44.5851499233708
			54.8589487623534	-44.5851499233708
			54.8197357896855	-44.5851499233708
			54.7805228170176	-44.5851499233708
			54.7413098443498	-44.545936950703
			54.7020968716819	-44.545936950703
			54.662883899014	-44.545936950703
			54.6236709263462	-44.545936950703
			54.5844579536783	-44.545936950703
			54.5452449810104	-44.545936950703
			54.5060320083425	-44.545936950703
			54.4668190356747	-44.545936950703
			54.4276060630068	-44.545936950703
			54.3883930903389	-44.545936950703
			54.349180117671	-44.5067239780351
			54.3099671450032	-44.5067239780351
			54.2707541723353	-44.5067239780351
			54.2315411996674	-44.5067239780351
			54.1923282269996	-44.5067239780351
			54.1531152543317	-44.5067239780351
			54.1139022816638	-44.4675110053672
			54.0746893089959	-44.4675110053672
			54.0354763363281	-44.4675110053672
			53.9962633636602	-44.4675110053672
			53.9570503909923	-44.4675110053672
			53.9178374183244	-44.4675110053672
			53.8786244456566	-44.4675110053672
			53.8394114729887	-44.4675110053672
			53.8001985003208	-44.5067239780351
			53.760985527653	-44.5067239780351
			53.7217725549851	-44.5067239780351
			53.6825595823172	-44.5067239780351
			53.6433466096493	-44.5067239780351
			53.6041336369815	-44.5067239780351
			53.5649206643136	-44.5067239780351
			53.5257076916457	-44.5067239780351
			53.4864947189779	-44.5067239780351
			53.44728174631	-44.5067239780351
			53.4080687736421	-44.5067239780351
			53.3688558009742	-44.5067239780351
			53.3296428283064	-44.5067239780351
			53.2904298556385	-44.5067239780351
			53.2512168829706	-44.5067239780351
			53.2120039103027	-44.5067239780351
			53.1727909376349	-44.545936950703
			53.133577964967	-44.545936950703
			53.0943649922991	-44.545936950703
			53.0551520196313	-44.545936950703
			53.0159390469634	-44.545936950703
			52.9767260742955	-44.545936950703
			52.9375131016276	-44.545936950703
			52.8983001289598	-44.545936950703
			52.8590871562919	-44.545936950703
			52.819874183624	-44.545936950703
			52.7806612109561	-44.545936950703
			52.7414482382883	-44.545936950703
			52.7022352656204	-44.545936950703
			52.6630222929525	-44.545936950703
			52.6238093202847	-44.545936950703
			52.5845963476168	-44.545936950703
			52.5453833749489	-44.545936950703
			52.506170402281	-44.545936950703
			52.4669574296132	-44.545936950703
			52.4277444569453	-44.545936950703
			52.3885314842774	-44.545936950703
			52.3493185116096	-44.545936950703
			52.3101055389417	-44.545936950703
			52.2708925662738	-44.545936950703
			52.2316795936059	-44.545936950703
			52.1924666209381	-44.545936950703
			52.1532536482702	-44.545936950703
			52.1140406756023	-44.545936950703
			52.0748277029344	-44.545936950703
			52.0356147302666	-44.545936950703
			51.9964017575987	-44.545936950703
			51.9571887849308	-44.5067239780351
			51.917975812263	-44.5067239780351
			51.8787628395951	-44.5067239780351
			51.8395498669272	-44.5067239780351
			51.8003368942593	-44.5067239780351
			51.7611239215915	-44.5067239780351
			51.7219109489236	-44.5067239780351
			51.6826979762557	-44.5067239780351
			51.6434850035879	-44.5067239780351
			51.60427203092	-44.5067239780351
			51.5650590582521	-44.5067239780351
			51.5258460855842	-44.5067239780351
			51.4866331129164	-44.5067239780351
			51.4474201402485	-44.5067239780351
			51.4082071675806	-44.5067239780351
			51.3689941949127	-44.4675110053672
			51.3297812222449	-44.4675110053672
			51.290568249577	-44.4675110053672
			51.2513552769091	-44.4675110053672
			51.2121423042413	-44.4675110053672
			51.1729293315734	-44.4675110053672
			51.1337163589055	-44.4675110053672
			51.0945033862376	-44.4675110053672
			51.0552904135698	-44.4675110053672
			51.0160774409019	-44.4282980326993
			50.976864468234	-44.4282980326993
			50.9376514955662	-44.4282980326993
			50.8984385228983	-44.4282980326993
			50.8592255502304	-44.4282980326993
			50.8200125775625	-44.4282980326993
			50.7807996048947	-44.4282980326993
			50.7415866322268	-44.4282980326993
			50.7023736595589	-44.4282980326993
			50.663160686891	-44.4282980326993
			50.6239477142232	-44.4282980326993
			50.5847347415553	-44.4282980326993
			50.5455217688874	-44.3890850600315
			50.5063087962196	-44.3890850600315
			50.4670958235517	-44.3890850600315
			50.4278828508838	-44.3890850600315
			50.3886698782159	-44.3890850600315
			50.3494569055481	-44.3890850600315
			50.3102439328802	-44.3890850600315
			50.2710309602123	-44.3890850600315
			50.2318179875444	-44.3890850600315
			50.1926050148766	-44.3890850600315
			50.1533920422087	-44.3890850600315
			50.1141790695408	-44.3890850600315
			50.074966096873	-44.3890850600315
			50.0357531242051	-44.3890850600315
			49.9965401515372	-44.3890850600315
			49.9573271788693	-44.3890850600315
			49.9181142062015	-44.3890850600315
			49.8789012335336	-44.3890850600315
			49.8396882608657	-44.3890850600315
			49.8004752881979	-44.3890850600315
			49.76126231553	-44.3890850600315
			49.7220493428621	-44.3890850600315
			49.6828363701942	-44.3890850600315
			49.6436233975264	-44.3890850600315
			49.6044104248585	-44.3890850600315
			49.5651974521906	-44.3890850600315
			49.5259844795227	-44.3890850600315
			49.4867715068549	-44.4282980326993
			49.447558534187	-44.4282980326993
			49.4083455615191	-44.4675110053672
			49.3691325888513	-44.4675110053672
			49.3299196161834	-44.4675110053672
			49.2907066435155	-44.5067239780351
			49.2514936708476	-44.5067239780351
			49.2122806981798	-44.5067239780351
			49.1730677255119	-44.545936950703
			49.133854752844	-44.545936950703
			49.0946417801762	-44.545936950703
			49.0554288075083	-44.5851499233708
			49.0162158348404	-44.5851499233708
			48.9770028621725	-44.5851499233708
			48.9377898895047	-44.5851499233708
			48.8985769168368	-44.6243628960387
			48.8593639441689	-44.6243628960387
			48.820150971501	-44.6243628960387
			48.820150971501	-44.6635758687066
			48.7809379988332	-44.6635758687066
			48.7417250261653	-44.6635758687066
			48.7025120534974	-44.6635758687066
			48.6632990808296	-44.6635758687066
			48.6240861081617	-44.7027888413744
			48.5848731354938	-44.7027888413744
			48.5456601628259	-44.7027888413744
			48.5064471901581	-44.7027888413744
			48.4672342174902	-44.7027888413744
			48.4280212448223	-44.7027888413744
			48.3888082721544	-44.7420018140423
			48.3495952994866	-44.7420018140423
			48.3103823268187	-44.7420018140423
			48.2711693541508	-44.7420018140423
			48.231956381483	-44.7420018140423
			48.1927434088151	-44.7420018140423
			48.1535304361472	-44.7420018140423
			48.1143174634793	-44.7812147867102
			48.0751044908115	-44.7812147867102
			48.0358915181436	-44.7812147867102
			47.9966785454757	-44.7812147867102
			47.9574655728079	-44.7812147867102
			47.91825260014	-44.7812147867102
			47.8790396274721	-44.7812147867102
			47.8398266548042	-44.7812147867102
			47.8006136821364	-44.7812147867102
			47.7614007094685	-44.7812147867102
			47.7221877368006	-44.7812147867102
			47.6829747641328	-44.7812147867102
			47.6437617914649	-44.7812147867102
			47.604548818797	-44.7812147867102
			47.5653358461291	-44.7812147867102
			47.5261228734613	-44.7812147867102
			47.4869099007934	-44.7812147867102
			47.4476969281255	-44.8204277593781
			47.4084839554576	-44.8204277593781
			47.3692709827898	-44.8204277593781
			47.3300580101219	-44.8204277593781
			47.290845037454	-44.8204277593781
			47.2516320647862	-44.8204277593781
			47.2124190921183	-44.8204277593781
			47.1732061194504	-44.8204277593781
			47.1339931467825	-44.8204277593781
			47.0947801741147	-44.8204277593781
			47.0555672014468	-44.8204277593781
			47.0163542287789	-44.8204277593781
			46.977141256111	-44.8204277593781
			46.9379282834432	-44.8204277593781
			46.8987153107753	-44.8204277593781
			46.8595023381074	-44.8204277593781
			46.8202893654396	-44.8204277593781
			46.7810763927717	-44.7812147867102
			46.7418634201038	-44.7812147867102
			46.7026504474359	-44.7812147867102
			46.6634374747681	-44.7812147867102
			46.6242245021002	-44.7812147867102
			46.5850115294323	-44.7812147867102
			46.5457985567645	-44.7812147867102
			46.5065855840966	-44.7420018140423
			46.4673726114287	-44.7420018140423
			46.4281596387608	-44.7420018140423
			46.388946666093	-44.7027888413744
			46.3497336934251	-44.7027888413744
			46.3105207207572	-44.7027888413744
			46.2713077480893	-44.7027888413744
			46.2320947754215	-44.6635758687066
			46.1928818027536	-44.6635758687066
			46.1536688300857	-44.6635758687066
			46.1144558574179	-44.6635758687066
			46.07524288475	-44.6635758687066
			46.0360299120821	-44.6635758687066
			45.9968169394142	-44.6635758687066
			45.9576039667464	-44.6635758687066
			45.9183909940785	-44.6635758687066
			45.8791780214106	-44.6635758687066
			45.8399650487427	-44.6635758687066
			45.8007520760749	-44.6635758687066
			45.761539103407	-44.6635758687066
			45.7223261307391	-44.6635758687066
			45.6831131580713	-44.6635758687066
			45.6439001854034	-44.6635758687066
			45.6046872127355	-44.6635758687066
			45.5654742400676	-44.7027888413744
			45.5262612673998	-44.7027888413744
			45.4870482947319	-44.7027888413744
			45.447835322064	-44.7420018140423
			45.4086223493962	-44.7420018140423
			45.3694093767283	-44.7420018140423
			45.3301964040604	-44.7420018140423
			45.2909834313925	-44.7420018140423
			45.2517704587247	-44.7420018140423
			45.2125574860568	-44.7420018140423
			45.1733445133889	-44.7420018140423
			45.1341315407211	-44.7420018140423
			45.0949185680532	-44.7420018140423
			45.0557055953853	-44.7420018140423
			45.0164926227174	-44.7420018140423
			44.9772796500496	-44.7420018140423
			44.9380666773817	-44.7420018140423
			44.8988537047138	-44.7420018140423
			44.8596407320459	-44.7420018140423
			44.8204277593781	-44.7420018140423
			44.7812147867102	-44.7420018140423
			44.7420018140423	-44.7420018140423
			44.7027888413744	-44.7420018140423
			44.6635758687066	-44.7420018140423
			44.6243628960387	-44.7420018140423
			44.5851499233708	-44.7027888413744
			44.545936950703	-44.7027888413744
			44.5067239780351	-44.7027888413744
			44.4675110053672	-44.7027888413744
			44.4282980326993	-44.7027888413744
			44.3890850600315	-44.7027888413744
			44.3498720873636	-44.7027888413744
			44.3106591146957	-44.7027888413744
			44.2714461420279	-44.7027888413744
			44.23223316936	-44.7027888413744
			44.23223316936	-44.6635758687066
			44.1930201966921	-44.6635758687066
			44.1538072240242	-44.6635758687066
			44.1145942513564	-44.6635758687066
			44.0753812786885	-44.6635758687066
			44.0753812786885	-44.6243628960387
			44.0361683060206	-44.6243628960387
		</c2>
	</curves.scaled>
	<ruler.points type=matrix rownames=TRUE colnames=FALSE nrow=2 ncol=2 as.numeric=TRUE >
		Ruler point 1	2162	280
		Ruler point 2	2417	277
	</ruler.points>
</shapes>

