<shapes type=list>
	<ruler.pixel type=vector names=FALSE length=1 as.numeric=TRUE >255.017646448241</ruler.pixel>
	<ruler.interval type=vector names=FALSE length=1 as.numeric=TRUE >10</ruler.interval>
	<scaling.units type=vector names=FALSE length=1 as.numeric=FALSE >undefined</scaling.units>
	<scaling type=vector names=FALSE length=1 as.numeric=TRUE >0.0392129726678723</scaling>
	<landmarks.pixel type=matrix rownames=TRUE colnames=FALSE nrow=2 ncol=2 as.numeric=TRUE >
		LM1	1057	1127
		LM2	1512	1121
	</landmarks.pixel>
	<landmarks.scaled type=matrix rownames=TRUE colnames=FALSE nrow=2 ncol=2 as.numeric=TRUE >
		LM1	41.4481121099411	-44.1930201966921
		LM2	59.290014673823	-43.9577423606849
	</landmarks.scaled>
	<curves.control type=list>
		<c1 type=matrix rownames=FALSE colnames=FALSE nrow=15 ncol=2 as.numeric=TRUE >
			1057	1127
			1063	1116
			1096	1113
			1170	1079
			1189	1075
			1255	1051
			1275	1047
			1359	1010
			1366	1040
			1378	1055
			1415	1073
			1449	1085
			1481	1110
			1499	1111
			1512	1121
		</c1>
		<c2 type=matrix rownames=FALSE colnames=FALSE nrow=17 ncol=2 as.numeric=TRUE >
			1512	1121
			1505	1130
			1483	1130
			1472	1135
			1449	1129
			1426	1134
			1399	1134
			1370	1136
			1343	1134
			1315	1144
			1268	1138
			1223	1138
			1193	1133
			1162	1138
			1137	1134
			1106	1137
			1057	1127
		</c2>
	</curves.control>
	<curves.pixel type=list>
		<c1 type=matrix rownames=FALSE colnames=FALSE nrow=488 ncol=2 as.numeric=TRUE >
			1057	1127
			1057	1126
			1058	1126
			1058	1125
			1059	1125
			1059	1124
			1060	1124
			1060	1123
			1061	1122
			1062	1122
			1062	1121
			1063	1121
			1064	1121
			1065	1120
			1066	1120
			1067	1119
			1068	1119
			1069	1118
			1070	1118
			1071	1118
			1072	1117
			1073	1117
			1074	1117
			1075	1116
			1076	1116
			1077	1116
			1078	1116
			1079	1115
			1080	1115
			1081	1115
			1082	1115
			1083	1115
			1084	1114
			1085	1114
			1086	1114
			1087	1114
			1088	1114
			1089	1114
			1090	1114
			1091	1113
			1092	1113
			1093	1113
			1094	1113
			1095	1113
			1096	1113
			1097	1113
			1098	1112
			1099	1112
			1100	1111
			1101	1111
			1102	1110
			1103	1110
			1104	1109
			1105	1109
			1106	1108
			1107	1108
			1108	1108
			1109	1107
			1110	1106
			1111	1106
			1112	1106
			1113	1105
			1114	1105
			1115	1104
			1116	1104
			1117	1104
			1118	1103
			1119	1102
			1120	1102
			1121	1102
			1122	1101
			1123	1101
			1124	1100
			1125	1100
			1126	1099
			1127	1099
			1128	1099
			1129	1098
			1130	1098
			1131	1097
			1132	1097
			1133	1097
			1134	1096
			1135	1095
			1136	1095
			1137	1094
			1138	1094
			1139	1094
			1140	1093
			1141	1093
			1142	1092
			1143	1092
			1144	1092
			1145	1091
			1146	1091
			1147	1090
			1148	1090
			1149	1090
			1150	1089
			1151	1089
			1152	1088
			1153	1088
			1154	1087
			1155	1087
			1156	1087
			1157	1086
			1158	1086
			1159	1086
			1159	1085
			1160	1085
			1161	1085
			1162	1084
			1163	1084
			1164	1084
			1164	1083
			1165	1083
			1166	1083
			1167	1082
			1168	1082
			1169	1081
			1170	1081
			1171	1081
			1172	1080
			1173	1080
			1174	1080
			1175	1079
			1176	1079
			1177	1079
			1178	1078
			1179	1078
			1180	1078
			1180	1077
			1181	1077
			1182	1077
			1183	1077
			1183	1076
			1184	1076
			1185	1076
			1186	1076
			1187	1075
			1188	1075
			1189	1075
			1190	1075
			1191	1074
			1192	1074
			1193	1073
			1194	1073
			1195	1073
			1196	1072
			1197	1072
			1198	1072
			1199	1071
			1200	1071
			1201	1071
			1202	1070
			1203	1070
			1204	1070
			1205	1069
			1206	1069
			1207	1068
			1208	1068
			1209	1068
			1210	1067
			1211	1067
			1212	1067
			1213	1066
			1214	1066
			1215	1066
			1216	1065
			1217	1065
			1218	1065
			1218	1064
			1219	1064
			1220	1064
			1221	1064
			1222	1063
			1223	1063
			1224	1063
			1225	1062
			1226	1062
			1227	1062
			1228	1061
			1229	1061
			1230	1061
			1230	1060
			1231	1060
			1232	1060
			1233	1059
			1234	1059
			1235	1059
			1236	1059
			1236	1058
			1237	1058
			1238	1058
			1239	1057
			1240	1057
			1241	1057
			1242	1056
			1243	1056
			1244	1056
			1245	1056
			1246	1055
			1247	1055
			1248	1055
			1248	1054
			1249	1054
			1250	1054
			1251	1054
			1252	1053
			1253	1053
			1254	1053
			1255	1052
			1256	1052
			1257	1052
			1258	1051
			1259	1051
			1260	1051
			1261	1051
			1261	1050
			1262	1050
			1263	1050
			1264	1050
			1265	1050
			1265	1049
			1266	1049
			1267	1049
			1268	1049
			1269	1048
			1270	1048
			1271	1048
			1272	1048
			1273	1047
			1274	1047
			1275	1047
			1276	1046
			1277	1046
			1278	1045
			1279	1045
			1280	1045
			1281	1044
			1282	1044
			1283	1043
			1284	1043
			1285	1043
			1286	1042
			1287	1042
			1288	1041
			1289	1041
			1290	1041
			1291	1040
			1292	1040
			1293	1039
			1294	1039
			1295	1039
			1296	1038
			1297	1038
			1298	1037
			1299	1037
			1300	1037
			1301	1036
			1302	1036
			1303	1036
			1304	1035
			1305	1035
			1306	1035
			1307	1034
			1308	1034
			1309	1034
			1310	1033
			1311	1033
			1312	1033
			1313	1033
			1314	1032
			1315	1032
			1316	1031
			1317	1031
			1318	1031
			1319	1031
			1320	1030
			1321	1030
			1322	1030
			1323	1030
			1324	1029
			1325	1029
			1326	1029
			1327	1029
			1328	1028
			1329	1028
			1330	1028
			1331	1028
			1332	1028
			1333	1028
			1334	1027
			1335	1027
			1336	1027
			1337	1027
			1338	1027
			1339	1027
			1340	1027
			1341	1027
			1342	1027
			1343	1027
			1344	1027
			1345	1027
			1346	1027
			1347	1027
			1348	1027
			1349	1027
			1350	1027
			1351	1027
			1352	1027
			1353	1028
			1354	1028
			1355	1028
			1356	1028
			1357	1029
			1358	1029
			1359	1030
			1360	1030
			1361	1031
			1361	1032
			1362	1032
			1363	1033
			1363	1034
			1364	1035
			1365	1036
			1365	1037
			1366	1038
			1366	1039
			1366	1040
			1367	1041
			1368	1042
			1369	1043
			1370	1044
			1371	1045
			1372	1046
			1373	1047
			1374	1048
			1375	1049
			1376	1050
			1377	1051
			1378	1052
			1379	1052
			1380	1053
			1381	1053
			1381	1054
			1382	1054
			1383	1055
			1384	1056
			1385	1056
			1386	1057
			1387	1057
			1388	1058
			1389	1059
			1390	1059
			1391	1060
			1392	1060
			1393	1061
			1394	1062
			1395	1062
			1396	1063
			1397	1063
			1398	1064
			1399	1065
			1400	1065
			1401	1066
			1402	1067
			1403	1067
			1404	1068
			1405	1068
			1406	1068
			1406	1069
			1407	1069
			1408	1069
			1409	1070
			1410	1071
			1411	1071
			1412	1071
			1413	1072
			1414	1072
			1415	1073
			1416	1073
			1416	1074
			1417	1074
			1418	1074
			1419	1074
			1420	1075
			1421	1075
			1422	1076
			1423	1076
			1424	1077
			1425	1077
			1426	1077
			1427	1078
			1428	1078
			1429	1079
			1430	1079
			1431	1079
			1432	1080
			1433	1081
			1434	1081
			1435	1081
			1436	1082
			1437	1082
			1438	1083
			1439	1083
			1440	1084
			1441	1084
			1442	1085
			1443	1085
			1444	1086
			1445	1087
			1446	1087
			1447	1088
			1448	1088
			1449	1088
			1449	1089
			1450	1089
			1451	1089
			1451	1090
			1452	1090
			1453	1091
			1454	1091
			1455	1092
			1456	1093
			1457	1093
			1458	1094
			1459	1094
			1459	1095
			1460	1095
			1461	1096
			1462	1096
			1462	1097
			1463	1097
			1464	1098
			1465	1098
			1465	1099
			1466	1099
			1467	1100
			1468	1100
			1468	1101
			1469	1101
			1470	1102
			1471	1102
			1471	1103
			1472	1103
			1473	1104
			1474	1104
			1474	1105
			1475	1105
			1476	1106
			1477	1107
			1478	1108
			1479	1109
			1480	1110
			1481	1110
			1482	1110
			1483	1110
			1484	1110
			1485	1110
			1486	1110
			1487	1111
			1488	1111
			1489	1111
			1490	1111
			1491	1111
			1492	1112
			1493	1112
			1494	1112
			1495	1112
			1496	1113
			1497	1113
			1498	1113
			1499	1114
			1500	1114
			1501	1114
			1501	1115
			1502	1115
			1503	1116
			1504	1116
			1505	1116
			1506	1117
			1507	1118
			1508	1118
			1509	1119
			1510	1120
			1511	1120
			1512	1121
		</c1>
		<c2 type=matrix rownames=FALSE colnames=FALSE nrow=457 ncol=2 as.numeric=TRUE >
			1512	1121
			1511	1122
			1510	1123
			1509	1124
			1508	1125
			1507	1125
			1506	1126
			1505	1126
			1504	1127
			1503	1127
			1502	1128
			1501	1128
			1500	1128
			1499	1128
			1498	1129
			1497	1129
			1496	1129
			1495	1129
			1494	1129
			1493	1129
			1492	1130
			1491	1130
			1490	1130
			1489	1130
			1488	1130
			1487	1130
			1486	1130
			1485	1130
			1484	1130
			1483	1130
			1482	1130
			1481	1131
			1480	1131
			1479	1131
			1478	1132
			1477	1132
			1476	1132
			1475	1132
			1474	1132
			1473	1132
			1472	1132
			1471	1132
			1470	1132
			1469	1132
			1468	1132
			1467	1132
			1466	1132
			1465	1132
			1464	1132
			1463	1132
			1462	1132
			1461	1132
			1460	1131
			1459	1131
			1458	1131
			1457	1131
			1456	1131
			1455	1130
			1454	1130
			1453	1130
			1452	1130
			1451	1129
			1450	1129
			1449	1129
			1448	1129
			1447	1129
			1446	1130
			1445	1130
			1444	1130
			1443	1130
			1442	1130
			1441	1131
			1440	1131
			1439	1131
			1438	1131
			1437	1131
			1436	1131
			1435	1132
			1434	1132
			1433	1132
			1432	1132
			1431	1132
			1430	1132
			1429	1132
			1428	1132
			1427	1133
			1426	1133
			1425	1133
			1424	1133
			1423	1133
			1422	1133
			1421	1133
			1420	1133
			1419	1133
			1418	1133
			1417	1133
			1416	1134
			1415	1134
			1414	1134
			1413	1134
			1412	1134
			1411	1134
			1410	1134
			1409	1134
			1408	1134
			1407	1134
			1406	1134
			1405	1134
			1404	1134
			1403	1134
			1402	1134
			1401	1134
			1400	1134
			1399	1134
			1398	1134
			1397	1134
			1396	1134
			1395	1134
			1394	1134
			1393	1134
			1392	1134
			1391	1134
			1390	1135
			1389	1135
			1388	1135
			1387	1135
			1386	1135
			1385	1135
			1384	1135
			1383	1135
			1382	1135
			1381	1135
			1380	1135
			1379	1135
			1378	1135
			1377	1135
			1376	1135
			1375	1135
			1374	1135
			1373	1135
			1372	1135
			1371	1135
			1370	1135
			1369	1135
			1368	1135
			1367	1135
			1366	1135
			1365	1135
			1364	1135
			1363	1135
			1362	1135
			1361	1135
			1360	1135
			1359	1135
			1358	1135
			1357	1135
			1356	1135
			1355	1135
			1354	1135
			1353	1135
			1352	1135
			1351	1134
			1350	1134
			1349	1134
			1348	1134
			1347	1134
			1346	1134
			1345	1134
			1344	1134
			1343	1134
			1342	1134
			1341	1135
			1340	1135
			1339	1135
			1338	1136
			1337	1136
			1336	1136
			1335	1137
			1334	1137
			1333	1137
			1332	1137
			1331	1137
			1330	1138
			1329	1138
			1328	1138
			1327	1138
			1326	1138
			1325	1138
			1324	1139
			1323	1139
			1322	1139
			1321	1139
			1320	1139
			1319	1139
			1318	1139
			1317	1140
			1316	1140
			1315	1140
			1314	1140
			1313	1140
			1312	1140
			1311	1140
			1310	1140
			1309	1140
			1308	1140
			1307	1140
			1306	1140
			1305	1140
			1304	1140
			1303	1140
			1302	1140
			1301	1140
			1300	1140
			1299	1140
			1298	1140
			1297	1140
			1296	1140
			1295	1140
			1294	1140
			1293	1140
			1292	1140
			1291	1140
			1290	1140
			1289	1140
			1288	1140
			1287	1140
			1286	1140
			1285	1140
			1284	1140
			1283	1140
			1282	1139
			1281	1139
			1280	1139
			1279	1139
			1278	1139
			1277	1139
			1276	1139
			1275	1139
			1274	1139
			1273	1139
			1272	1139
			1272	1138
			1271	1138
			1270	1138
			1269	1138
			1268	1138
			1267	1138
			1266	1138
			1265	1138
			1264	1138
			1263	1138
			1262	1138
			1261	1138
			1260	1138
			1259	1138
			1258	1138
			1257	1138
			1256	1138
			1255	1138
			1254	1138
			1253	1138
			1252	1138
			1251	1138
			1250	1138
			1249	1138
			1248	1138
			1247	1138
			1246	1138
			1245	1138
			1244	1138
			1243	1138
			1242	1138
			1241	1137
			1240	1137
			1239	1137
			1238	1137
			1237	1137
			1236	1137
			1235	1137
			1234	1137
			1233	1137
			1232	1137
			1231	1137
			1230	1137
			1229	1137
			1228	1137
			1227	1137
			1226	1137
			1225	1137
			1224	1137
			1223	1136
			1222	1136
			1221	1136
			1220	1136
			1219	1136
			1218	1136
			1217	1136
			1216	1136
			1215	1136
			1214	1136
			1213	1136
			1212	1135
			1211	1135
			1210	1135
			1209	1135
			1208	1135
			1207	1135
			1206	1135
			1205	1135
			1204	1135
			1203	1134
			1202	1134
			1201	1134
			1200	1134
			1199	1134
			1198	1134
			1197	1134
			1196	1133
			1195	1133
			1194	1133
			1193	1133
			1192	1133
			1191	1133
			1190	1133
			1189	1134
			1188	1134
			1187	1134
			1186	1134
			1185	1134
			1184	1134
			1183	1134
			1182	1135
			1181	1135
			1180	1135
			1179	1135
			1178	1135
			1177	1135
			1176	1135
			1175	1135
			1174	1135
			1173	1135
			1172	1135
			1171	1135
			1170	1136
			1169	1136
			1168	1136
			1167	1136
			1166	1136
			1165	1136
			1164	1136
			1163	1136
			1162	1136
			1161	1136
			1160	1136
			1159	1136
			1158	1136
			1157	1136
			1156	1136
			1155	1136
			1154	1136
			1153	1136
			1152	1136
			1151	1135
			1150	1135
			1149	1135
			1148	1135
			1147	1135
			1146	1135
			1145	1135
			1144	1135
			1143	1135
			1142	1135
			1141	1135
			1140	1134
			1139	1134
			1138	1134
			1137	1134
			1136	1134
			1135	1134
			1134	1134
			1133	1134
			1132	1134
			1131	1134
			1130	1134
			1129	1135
			1128	1135
			1127	1135
			1126	1135
			1125	1135
			1124	1135
			1123	1135
			1122	1135
			1121	1135
			1120	1135
			1119	1135
			1118	1135
			1117	1135
			1116	1135
			1115	1135
			1114	1135
			1113	1134
			1112	1134
			1111	1134
			1110	1134
			1109	1134
			1108	1134
			1107	1134
			1106	1134
			1105	1134
			1104	1134
			1103	1134
			1102	1134
			1101	1134
			1100	1134
			1099	1133
			1098	1133
			1097	1133
			1096	1133
			1095	1133
			1094	1133
			1093	1133
			1092	1133
			1091	1133
			1090	1133
			1089	1132
			1088	1132
			1087	1132
			1086	1132
			1085	1132
			1084	1132
			1083	1132
			1082	1131
			1081	1131
			1080	1131
			1079	1131
			1078	1131
			1077	1131
			1076	1131
			1075	1130
			1074	1130
			1073	1130
			1072	1130
			1071	1130
			1070	1129
			1069	1129
			1068	1129
			1067	1129
			1066	1129
			1065	1129
			1064	1128
			1063	1128
			1062	1128
			1061	1128
			1060	1128
			1059	1127
			1058	1127
			1057	1127
		</c2>
	</curves.pixel>
	<curves.scaled type=list>
		<c1 type=matrix rownames=FALSE colnames=FALSE nrow=488 ncol=2 as.numeric=TRUE >
			41.4481121099411	-44.1930201966921
			41.4481121099411	-44.1538072240242
			41.4873250826089	-44.1538072240242
			41.4873250826089	-44.1145942513564
			41.5265380552768	-44.1145942513564
			41.5265380552768	-44.0753812786885
			41.5657510279447	-44.0753812786885
			41.5657510279447	-44.0361683060206
			41.6049640006125	-43.9969553333528
			41.6441769732804	-43.9969553333528
			41.6441769732804	-43.9577423606849
			41.6833899459483	-43.9577423606849
			41.7226029186162	-43.9577423606849
			41.761815891284	-43.918529388017
			41.8010288639519	-43.918529388017
			41.8402418366198	-43.8793164153491
			41.8794548092876	-43.8793164153491
			41.9186677819555	-43.8401034426813
			41.9578807546234	-43.8401034426813
			41.9970937272913	-43.8401034426813
			42.0363066999591	-43.8008904700134
			42.075519672627	-43.8008904700134
			42.1147326452949	-43.8008904700134
			42.1539456179627	-43.7616774973455
			42.1931585906306	-43.7616774973455
			42.2323715632985	-43.7616774973455
			42.2715845359664	-43.7616774973455
			42.3107975086342	-43.7224645246776
			42.3500104813021	-43.7224645246776
			42.38922345397	-43.7224645246776
			42.4284364266379	-43.7224645246776
			42.4676493993057	-43.7224645246776
			42.5068623719736	-43.6832515520098
			42.5460753446415	-43.6832515520098
			42.5852883173093	-43.6832515520098
			42.6245012899772	-43.6832515520098
			42.6637142626451	-43.6832515520098
			42.702927235313	-43.6832515520098
			42.7421402079808	-43.6832515520098
			42.7813531806487	-43.6440385793419
			42.8205661533166	-43.6440385793419
			42.8597791259845	-43.6440385793419
			42.8989920986523	-43.6440385793419
			42.9382050713202	-43.6440385793419
			42.9774180439881	-43.6440385793419
			43.0166310166559	-43.6440385793419
			43.0558439893238	-43.604825606674
			43.0950569619917	-43.604825606674
			43.1342699346596	-43.5656126340062
			43.1734829073274	-43.5656126340062
			43.2126958799953	-43.5263996613383
			43.2519088526632	-43.5263996613383
			43.291121825331	-43.4871866886704
			43.3303347979989	-43.4871866886704
			43.3695477706668	-43.4479737160025
			43.4087607433347	-43.4479737160025
			43.4479737160025	-43.4479737160025
			43.4871866886704	-43.4087607433347
			43.5263996613383	-43.3695477706668
			43.5656126340062	-43.3695477706668
			43.604825606674	-43.3695477706668
			43.6440385793419	-43.3303347979989
			43.6832515520098	-43.3303347979989
			43.7224645246776	-43.291121825331
			43.7616774973455	-43.291121825331
			43.8008904700134	-43.291121825331
			43.8401034426813	-43.2519088526632
			43.8793164153491	-43.2126958799953
			43.918529388017	-43.2126958799953
			43.9577423606849	-43.2126958799953
			43.9969553333528	-43.1734829073274
			44.0361683060206	-43.1734829073274
			44.0753812786885	-43.1342699346596
			44.1145942513564	-43.1342699346596
			44.1538072240242	-43.0950569619917
			44.1930201966921	-43.0950569619917
			44.23223316936	-43.0950569619917
			44.2714461420279	-43.0558439893238
			44.3106591146957	-43.0558439893238
			44.3498720873636	-43.0166310166559
			44.3890850600315	-43.0166310166559
			44.4282980326993	-43.0166310166559
			44.4675110053672	-42.9774180439881
			44.5067239780351	-42.9382050713202
			44.545936950703	-42.9382050713202
			44.5851499233708	-42.8989920986523
			44.6243628960387	-42.8989920986523
			44.6635758687066	-42.8989920986523
			44.7027888413744	-42.8597791259845
			44.7420018140423	-42.8597791259845
			44.7812147867102	-42.8205661533166
			44.8204277593781	-42.8205661533166
			44.8596407320459	-42.8205661533166
			44.8988537047138	-42.7813531806487
			44.9380666773817	-42.7813531806487
			44.9772796500496	-42.7421402079808
			45.0164926227174	-42.7421402079808
			45.0557055953853	-42.7421402079808
			45.0949185680532	-42.702927235313
			45.1341315407211	-42.702927235313
			45.1733445133889	-42.6637142626451
			45.2125574860568	-42.6637142626451
			45.2517704587247	-42.6245012899772
			45.2909834313925	-42.6245012899772
			45.3301964040604	-42.6245012899772
			45.3694093767283	-42.5852883173093
			45.4086223493962	-42.5852883173093
			45.447835322064	-42.5852883173093
			45.447835322064	-42.5460753446415
			45.4870482947319	-42.5460753446415
			45.5262612673998	-42.5460753446415
			45.5654742400676	-42.5068623719736
			45.6046872127355	-42.5068623719736
			45.6439001854034	-42.5068623719736
			45.6439001854034	-42.4676493993057
			45.6831131580713	-42.4676493993057
			45.7223261307391	-42.4676493993057
			45.761539103407	-42.4284364266379
			45.8007520760749	-42.4284364266379
			45.8399650487427	-42.38922345397
			45.8791780214106	-42.38922345397
			45.9183909940785	-42.38922345397
			45.9576039667464	-42.3500104813021
			45.9968169394142	-42.3500104813021
			46.0360299120821	-42.3500104813021
			46.07524288475	-42.3107975086342
			46.1144558574179	-42.3107975086342
			46.1536688300857	-42.3107975086342
			46.1928818027536	-42.2715845359664
			46.2320947754215	-42.2715845359664
			46.2713077480893	-42.2715845359664
			46.2713077480893	-42.2323715632985
			46.3105207207572	-42.2323715632985
			46.3497336934251	-42.2323715632985
			46.388946666093	-42.2323715632985
			46.388946666093	-42.1931585906306
			46.4281596387608	-42.1931585906306
			46.4673726114287	-42.1931585906306
			46.5065855840966	-42.1931585906306
			46.5457985567645	-42.1539456179627
			46.5850115294323	-42.1539456179627
			46.6242245021002	-42.1539456179627
			46.6634374747681	-42.1539456179627
			46.7026504474359	-42.1147326452949
			46.7418634201038	-42.1147326452949
			46.7810763927717	-42.075519672627
			46.8202893654396	-42.075519672627
			46.8595023381074	-42.075519672627
			46.8987153107753	-42.0363066999591
			46.9379282834432	-42.0363066999591
			46.977141256111	-42.0363066999591
			47.0163542287789	-41.9970937272913
			47.0555672014468	-41.9970937272913
			47.0947801741147	-41.9970937272913
			47.1339931467825	-41.9578807546234
			47.1732061194504	-41.9578807546234
			47.2124190921183	-41.9578807546234
			47.2516320647862	-41.9186677819555
			47.290845037454	-41.9186677819555
			47.3300580101219	-41.8794548092876
			47.3692709827898	-41.8794548092876
			47.4084839554576	-41.8794548092876
			47.4476969281255	-41.8402418366198
			47.4869099007934	-41.8402418366198
			47.5261228734613	-41.8402418366198
			47.5653358461291	-41.8010288639519
			47.604548818797	-41.8010288639519
			47.6437617914649	-41.8010288639519
			47.6829747641328	-41.761815891284
			47.7221877368006	-41.761815891284
			47.7614007094685	-41.761815891284
			47.7614007094685	-41.7226029186162
			47.8006136821364	-41.7226029186162
			47.8398266548042	-41.7226029186162
			47.8790396274721	-41.7226029186162
			47.91825260014	-41.6833899459483
			47.9574655728079	-41.6833899459483
			47.9966785454757	-41.6833899459483
			48.0358915181436	-41.6441769732804
			48.0751044908115	-41.6441769732804
			48.1143174634793	-41.6441769732804
			48.1535304361472	-41.6049640006125
			48.1927434088151	-41.6049640006125
			48.231956381483	-41.6049640006125
			48.231956381483	-41.5657510279447
			48.2711693541508	-41.5657510279447
			48.3103823268187	-41.5657510279447
			48.3495952994866	-41.5265380552768
			48.3888082721544	-41.5265380552768
			48.4280212448223	-41.5265380552768
			48.4672342174902	-41.5265380552768
			48.4672342174902	-41.4873250826089
			48.5064471901581	-41.4873250826089
			48.5456601628259	-41.4873250826089
			48.5848731354938	-41.4481121099411
			48.6240861081617	-41.4481121099411
			48.6632990808296	-41.4481121099411
			48.7025120534974	-41.4088991372732
			48.7417250261653	-41.4088991372732
			48.7809379988332	-41.4088991372732
			48.820150971501	-41.4088991372732
			48.8593639441689	-41.3696861646053
			48.8985769168368	-41.3696861646053
			48.9377898895047	-41.3696861646053
			48.9377898895047	-41.3304731919374
			48.9770028621725	-41.3304731919374
			49.0162158348404	-41.3304731919374
			49.0554288075083	-41.3304731919374
			49.0946417801762	-41.2912602192696
			49.133854752844	-41.2912602192696
			49.1730677255119	-41.2912602192696
			49.2122806981798	-41.2520472466017
			49.2514936708476	-41.2520472466017
			49.2907066435155	-41.2520472466017
			49.3299196161834	-41.2128342739338
			49.3691325888513	-41.2128342739338
			49.4083455615191	-41.2128342739338
			49.447558534187	-41.2128342739338
			49.447558534187	-41.1736213012659
			49.4867715068549	-41.1736213012659
			49.5259844795227	-41.1736213012659
			49.5651974521906	-41.1736213012659
			49.6044104248585	-41.1736213012659
			49.6044104248585	-41.1344083285981
			49.6436233975264	-41.1344083285981
			49.6828363701942	-41.1344083285981
			49.7220493428621	-41.1344083285981
			49.76126231553	-41.0951953559302
			49.8004752881979	-41.0951953559302
			49.8396882608657	-41.0951953559302
			49.8789012335336	-41.0951953559302
			49.9181142062015	-41.0559823832623
			49.9573271788693	-41.0559823832623
			49.9965401515372	-41.0559823832623
			50.0357531242051	-41.0167694105944
			50.074966096873	-41.0167694105944
			50.1141790695408	-40.9775564379266
			50.1533920422087	-40.9775564379266
			50.1926050148766	-40.9775564379266
			50.2318179875444	-40.9383434652587
			50.2710309602123	-40.9383434652587
			50.3102439328802	-40.8991304925908
			50.3494569055481	-40.8991304925908
			50.3886698782159	-40.8991304925908
			50.4278828508838	-40.859917519923
			50.4670958235517	-40.859917519923
			50.5063087962196	-40.8207045472551
			50.5455217688874	-40.8207045472551
			50.5847347415553	-40.8207045472551
			50.6239477142232	-40.7814915745872
			50.663160686891	-40.7814915745872
			50.7023736595589	-40.7422786019193
			50.7415866322268	-40.7422786019193
			50.7807996048947	-40.7422786019193
			50.8200125775625	-40.7030656292515
			50.8592255502304	-40.7030656292515
			50.8984385228983	-40.6638526565836
			50.9376514955662	-40.6638526565836
			50.976864468234	-40.6638526565836
			51.0160774409019	-40.6246396839157
			51.0552904135698	-40.6246396839157
			51.0945033862376	-40.6246396839157
			51.1337163589055	-40.5854267112479
			51.1729293315734	-40.5854267112479
			51.2121423042413	-40.5854267112479
			51.2513552769091	-40.54621373858
			51.290568249577	-40.54621373858
			51.3297812222449	-40.54621373858
			51.3689941949127	-40.5070007659121
			51.4082071675806	-40.5070007659121
			51.4474201402485	-40.5070007659121
			51.4866331129164	-40.5070007659121
			51.5258460855842	-40.4677877932442
			51.5650590582521	-40.4677877932442
			51.60427203092	-40.4285748205764
			51.6434850035879	-40.4285748205764
			51.6826979762557	-40.4285748205764
			51.7219109489236	-40.4285748205764
			51.7611239215915	-40.3893618479085
			51.8003368942593	-40.3893618479085
			51.8395498669272	-40.3893618479085
			51.8787628395951	-40.3893618479085
			51.917975812263	-40.3501488752406
			51.9571887849308	-40.3501488752406
			51.9964017575987	-40.3501488752406
			52.0356147302666	-40.3501488752406
			52.0748277029344	-40.3109359025728
			52.1140406756023	-40.3109359025728
			52.1532536482702	-40.3109359025728
			52.1924666209381	-40.3109359025728
			52.2316795936059	-40.3109359025728
			52.2708925662738	-40.3109359025728
			52.3101055389417	-40.2717229299049
			52.3493185116096	-40.2717229299049
			52.3885314842774	-40.2717229299049
			52.4277444569453	-40.2717229299049
			52.4669574296132	-40.2717229299049
			52.506170402281	-40.2717229299049
			52.5453833749489	-40.2717229299049
			52.5845963476168	-40.2717229299049
			52.6238093202847	-40.2717229299049
			52.6630222929525	-40.2717229299049
			52.7022352656204	-40.2717229299049
			52.7414482382883	-40.2717229299049
			52.7806612109561	-40.2717229299049
			52.819874183624	-40.2717229299049
			52.8590871562919	-40.2717229299049
			52.8983001289598	-40.2717229299049
			52.9375131016276	-40.2717229299049
			52.9767260742955	-40.2717229299049
			53.0159390469634	-40.2717229299049
			53.0551520196313	-40.3109359025728
			53.0943649922991	-40.3109359025728
			53.133577964967	-40.3109359025728
			53.1727909376349	-40.3109359025728
			53.2120039103027	-40.3501488752406
			53.2512168829706	-40.3501488752406
			53.2904298556385	-40.3893618479085
			53.3296428283064	-40.3893618479085
			53.3688558009742	-40.4285748205764
			53.3688558009742	-40.4677877932442
			53.4080687736421	-40.4677877932442
			53.44728174631	-40.5070007659121
			53.44728174631	-40.54621373858
			53.4864947189779	-40.5854267112479
			53.5257076916457	-40.6246396839157
			53.5257076916457	-40.6638526565836
			53.5649206643136	-40.7030656292515
			53.5649206643136	-40.7422786019193
			53.5649206643136	-40.7814915745872
			53.6041336369815	-40.8207045472551
			53.6433466096493	-40.859917519923
			53.6825595823172	-40.8991304925908
			53.7217725549851	-40.9383434652587
			53.760985527653	-40.9775564379266
			53.8001985003208	-41.0167694105944
			53.8394114729887	-41.0559823832623
			53.8786244456566	-41.0951953559302
			53.9178374183244	-41.1344083285981
			53.9570503909923	-41.1736213012659
			53.9962633636602	-41.2128342739338
			54.0354763363281	-41.2520472466017
			54.0746893089959	-41.2520472466017
			54.1139022816638	-41.2912602192696
			54.1531152543317	-41.2912602192696
			54.1531152543317	-41.3304731919374
			54.1923282269996	-41.3304731919374
			54.2315411996674	-41.3696861646053
			54.2707541723353	-41.4088991372732
			54.3099671450032	-41.4088991372732
			54.349180117671	-41.4481121099411
			54.3883930903389	-41.4481121099411
			54.4276060630068	-41.4873250826089
			54.4668190356747	-41.5265380552768
			54.5060320083425	-41.5265380552768
			54.5452449810104	-41.5657510279447
			54.5844579536783	-41.5657510279447
			54.6236709263462	-41.6049640006125
			54.662883899014	-41.6441769732804
			54.7020968716819	-41.6441769732804
			54.7413098443498	-41.6833899459483
			54.7805228170176	-41.6833899459483
			54.8197357896855	-41.7226029186162
			54.8589487623534	-41.761815891284
			54.8981617350213	-41.761815891284
			54.9373747076891	-41.8010288639519
			54.976587680357	-41.8402418366198
			55.0158006530249	-41.8402418366198
			55.0550136256927	-41.8794548092876
			55.0942265983606	-41.8794548092876
			55.1334395710285	-41.8794548092876
			55.1334395710285	-41.9186677819555
			55.1726525436964	-41.9186677819555
			55.2118655163642	-41.9186677819555
			55.2510784890321	-41.9578807546234
			55.2902914617	-41.9970937272913
			55.3295044343678	-41.9970937272913
			55.3687174070357	-41.9970937272913
			55.4079303797036	-42.0363066999591
			55.4471433523715	-42.0363066999591
			55.4863563250393	-42.075519672627
			55.5255692977072	-42.075519672627
			55.5255692977072	-42.1147326452949
			55.5647822703751	-42.1147326452949
			55.603995243043	-42.1147326452949
			55.6432082157108	-42.1147326452949
			55.6824211883787	-42.1539456179627
			55.7216341610466	-42.1539456179627
			55.7608471337144	-42.1931585906306
			55.8000601063823	-42.1931585906306
			55.8392730790502	-42.2323715632985
			55.8784860517181	-42.2323715632985
			55.9176990243859	-42.2323715632985
			55.9569119970538	-42.2715845359664
			55.9961249697217	-42.2715845359664
			56.0353379423896	-42.3107975086342
			56.0745509150574	-42.3107975086342
			56.1137638877253	-42.3107975086342
			56.1529768603932	-42.3500104813021
			56.192189833061	-42.38922345397
			56.2314028057289	-42.38922345397
			56.2706157783968	-42.38922345397
			56.3098287510647	-42.4284364266379
			56.3490417237325	-42.4284364266379
			56.3882546964004	-42.4676493993057
			56.4274676690683	-42.4676493993057
			56.4666806417361	-42.5068623719736
			56.505893614404	-42.5068623719736
			56.5451065870719	-42.5460753446415
			56.5843195597398	-42.5460753446415
			56.6235325324076	-42.5852883173093
			56.6627455050755	-42.6245012899772
			56.7019584777434	-42.6245012899772
			56.7411714504113	-42.6637142626451
			56.7803844230791	-42.6637142626451
			56.819597395747	-42.6637142626451
			56.819597395747	-42.702927235313
			56.8588103684149	-42.702927235313
			56.8980233410827	-42.702927235313
			56.8980233410827	-42.7421402079808
			56.9372363137506	-42.7421402079808
			56.9764492864185	-42.7813531806487
			57.0156622590864	-42.7813531806487
			57.0548752317542	-42.8205661533166
			57.0940882044221	-42.8597791259845
			57.13330117709	-42.8597791259845
			57.1725141497579	-42.8989920986523
			57.2117271224257	-42.8989920986523
			57.2117271224257	-42.9382050713202
			57.2509400950936	-42.9382050713202
			57.2901530677615	-42.9774180439881
			57.3293660404293	-42.9774180439881
			57.3293660404293	-43.0166310166559
			57.3685790130972	-43.0166310166559
			57.4077919857651	-43.0558439893238
			57.447004958433	-43.0558439893238
			57.447004958433	-43.0950569619917
			57.4862179311008	-43.0950569619917
			57.5254309037687	-43.1342699346596
			57.5646438764366	-43.1342699346596
			57.5646438764366	-43.1734829073274
			57.6038568491044	-43.1734829073274
			57.6430698217723	-43.2126958799953
			57.6822827944402	-43.2126958799953
			57.6822827944402	-43.2519088526632
			57.7214957671081	-43.2519088526632
			57.7607087397759	-43.291121825331
			57.7999217124438	-43.291121825331
			57.7999217124438	-43.3303347979989
			57.8391346851117	-43.3303347979989
			57.8783476577795	-43.3695477706668
			57.9175606304474	-43.4087607433347
			57.9567736031153	-43.4479737160025
			57.9959865757832	-43.4871866886704
			58.035199548451	-43.5263996613383
			58.0744125211189	-43.5263996613383
			58.1136254937868	-43.5263996613383
			58.1528384664547	-43.5263996613383
			58.1920514391225	-43.5263996613383
			58.2312644117904	-43.5263996613383
			58.2704773844583	-43.5263996613383
			58.3096903571262	-43.5656126340062
			58.348903329794	-43.5656126340062
			58.3881163024619	-43.5656126340062
			58.4273292751298	-43.5656126340062
			58.4665422477976	-43.5656126340062
			58.5057552204655	-43.604825606674
			58.5449681931334	-43.604825606674
			58.5841811658013	-43.604825606674
			58.6233941384691	-43.604825606674
			58.662607111137	-43.6440385793419
			58.7018200838049	-43.6440385793419
			58.7410330564727	-43.6440385793419
			58.7802460291406	-43.6832515520098
			58.8194590018085	-43.6832515520098
			58.8586719744764	-43.6832515520098
			58.8586719744764	-43.7224645246776
			58.8978849471442	-43.7224645246776
			58.9370979198121	-43.7616774973455
			58.97631089248	-43.7616774973455
			59.0155238651478	-43.7616774973455
			59.0547368378157	-43.8008904700134
			59.0939498104836	-43.8401034426813
			59.1331627831515	-43.8401034426813
			59.1723757558193	-43.8793164153491
			59.2115887284872	-43.918529388017
			59.2508017011551	-43.918529388017
			59.290014673823	-43.9577423606849
		</c1>
		<c2 type=matrix rownames=FALSE colnames=FALSE nrow=457 ncol=2 as.numeric=TRUE >
			59.290014673823	-43.9577423606849
			59.2508017011551	-43.9969553333528
			59.2115887284872	-44.0361683060206
			59.1723757558193	-44.0753812786885
			59.1331627831515	-44.1145942513564
			59.0939498104836	-44.1145942513564
			59.0547368378157	-44.1538072240242
			59.0155238651478	-44.1538072240242
			58.97631089248	-44.1930201966921
			58.9370979198121	-44.1930201966921
			58.8978849471442	-44.23223316936
			58.8586719744764	-44.23223316936
			58.8194590018085	-44.23223316936
			58.7802460291406	-44.23223316936
			58.7410330564727	-44.2714461420279
			58.7018200838049	-44.2714461420279
			58.662607111137	-44.2714461420279
			58.6233941384691	-44.2714461420279
			58.5841811658013	-44.2714461420279
			58.5449681931334	-44.2714461420279
			58.5057552204655	-44.3106591146957
			58.4665422477976	-44.3106591146957
			58.4273292751298	-44.3106591146957
			58.3881163024619	-44.3106591146957
			58.348903329794	-44.3106591146957
			58.3096903571262	-44.3106591146957
			58.2704773844583	-44.3106591146957
			58.2312644117904	-44.3106591146957
			58.1920514391225	-44.3106591146957
			58.1528384664547	-44.3106591146957
			58.1136254937868	-44.3106591146957
			58.0744125211189	-44.3498720873636
			58.035199548451	-44.3498720873636
			57.9959865757832	-44.3498720873636
			57.9567736031153	-44.3890850600315
			57.9175606304474	-44.3890850600315
			57.8783476577795	-44.3890850600315
			57.8391346851117	-44.3890850600315
			57.7999217124438	-44.3890850600315
			57.7607087397759	-44.3890850600315
			57.7214957671081	-44.3890850600315
			57.6822827944402	-44.3890850600315
			57.6430698217723	-44.3890850600315
			57.6038568491044	-44.3890850600315
			57.5646438764366	-44.3890850600315
			57.5254309037687	-44.3890850600315
			57.4862179311008	-44.3890850600315
			57.447004958433	-44.3890850600315
			57.4077919857651	-44.3890850600315
			57.3685790130972	-44.3890850600315
			57.3293660404293	-44.3890850600315
			57.2901530677615	-44.3890850600315
			57.2509400950936	-44.3498720873636
			57.2117271224257	-44.3498720873636
			57.1725141497579	-44.3498720873636
			57.13330117709	-44.3498720873636
			57.0940882044221	-44.3498720873636
			57.0548752317542	-44.3106591146957
			57.0156622590864	-44.3106591146957
			56.9764492864185	-44.3106591146957
			56.9372363137506	-44.3106591146957
			56.8980233410827	-44.2714461420279
			56.8588103684149	-44.2714461420279
			56.819597395747	-44.2714461420279
			56.7803844230791	-44.2714461420279
			56.7411714504113	-44.2714461420279
			56.7019584777434	-44.3106591146957
			56.6627455050755	-44.3106591146957
			56.6235325324076	-44.3106591146957
			56.5843195597398	-44.3106591146957
			56.5451065870719	-44.3106591146957
			56.505893614404	-44.3498720873636
			56.4666806417361	-44.3498720873636
			56.4274676690683	-44.3498720873636
			56.3882546964004	-44.3498720873636
			56.3490417237325	-44.3498720873636
			56.3098287510647	-44.3498720873636
			56.2706157783968	-44.3890850600315
			56.2314028057289	-44.3890850600315
			56.192189833061	-44.3890850600315
			56.1529768603932	-44.3890850600315
			56.1137638877253	-44.3890850600315
			56.0745509150574	-44.3890850600315
			56.0353379423896	-44.3890850600315
			55.9961249697217	-44.3890850600315
			55.9569119970538	-44.4282980326993
			55.9176990243859	-44.4282980326993
			55.8784860517181	-44.4282980326993
			55.8392730790502	-44.4282980326993
			55.8000601063823	-44.4282980326993
			55.7608471337144	-44.4282980326993
			55.7216341610466	-44.4282980326993
			55.6824211883787	-44.4282980326993
			55.6432082157108	-44.4282980326993
			55.603995243043	-44.4282980326993
			55.5647822703751	-44.4282980326993
			55.5255692977072	-44.4675110053672
			55.4863563250393	-44.4675110053672
			55.4471433523715	-44.4675110053672
			55.4079303797036	-44.4675110053672
			55.3687174070357	-44.4675110053672
			55.3295044343678	-44.4675110053672
			55.2902914617	-44.4675110053672
			55.2510784890321	-44.4675110053672
			55.2118655163642	-44.4675110053672
			55.1726525436964	-44.4675110053672
			55.1334395710285	-44.4675110053672
			55.0942265983606	-44.4675110053672
			55.0550136256927	-44.4675110053672
			55.0158006530249	-44.4675110053672
			54.976587680357	-44.4675110053672
			54.9373747076891	-44.4675110053672
			54.8981617350213	-44.4675110053672
			54.8589487623534	-44.4675110053672
			54.8197357896855	-44.4675110053672
			54.7805228170176	-44.4675110053672
			54.7413098443498	-44.4675110053672
			54.7020968716819	-44.4675110053672
			54.662883899014	-44.4675110053672
			54.6236709263462	-44.4675110053672
			54.5844579536783	-44.4675110053672
			54.5452449810104	-44.4675110053672
			54.5060320083425	-44.5067239780351
			54.4668190356747	-44.5067239780351
			54.4276060630068	-44.5067239780351
			54.3883930903389	-44.5067239780351
			54.349180117671	-44.5067239780351
			54.3099671450032	-44.5067239780351
			54.2707541723353	-44.5067239780351
			54.2315411996674	-44.5067239780351
			54.1923282269996	-44.5067239780351
			54.1531152543317	-44.5067239780351
			54.1139022816638	-44.5067239780351
			54.0746893089959	-44.5067239780351
			54.0354763363281	-44.5067239780351
			53.9962633636602	-44.5067239780351
			53.9570503909923	-44.5067239780351
			53.9178374183244	-44.5067239780351
			53.8786244456566	-44.5067239780351
			53.8394114729887	-44.5067239780351
			53.8001985003208	-44.5067239780351
			53.760985527653	-44.5067239780351
			53.7217725549851	-44.5067239780351
			53.6825595823172	-44.5067239780351
			53.6433466096493	-44.5067239780351
			53.6041336369815	-44.5067239780351
			53.5649206643136	-44.5067239780351
			53.5257076916457	-44.5067239780351
			53.4864947189779	-44.5067239780351
			53.44728174631	-44.5067239780351
			53.4080687736421	-44.5067239780351
			53.3688558009742	-44.5067239780351
			53.3296428283064	-44.5067239780351
			53.2904298556385	-44.5067239780351
			53.2512168829706	-44.5067239780351
			53.2120039103027	-44.5067239780351
			53.1727909376349	-44.5067239780351
			53.133577964967	-44.5067239780351
			53.0943649922991	-44.5067239780351
			53.0551520196313	-44.5067239780351
			53.0159390469634	-44.5067239780351
			52.9767260742955	-44.4675110053672
			52.9375131016276	-44.4675110053672
			52.8983001289598	-44.4675110053672
			52.8590871562919	-44.4675110053672
			52.819874183624	-44.4675110053672
			52.7806612109561	-44.4675110053672
			52.7414482382883	-44.4675110053672
			52.7022352656204	-44.4675110053672
			52.6630222929525	-44.4675110053672
			52.6238093202847	-44.4675110053672
			52.5845963476168	-44.5067239780351
			52.5453833749489	-44.5067239780351
			52.506170402281	-44.5067239780351
			52.4669574296132	-44.545936950703
			52.4277444569453	-44.545936950703
			52.3885314842774	-44.545936950703
			52.3493185116096	-44.5851499233708
			52.3101055389417	-44.5851499233708
			52.2708925662738	-44.5851499233708
			52.2316795936059	-44.5851499233708
			52.1924666209381	-44.5851499233708
			52.1532536482702	-44.6243628960387
			52.1140406756023	-44.6243628960387
			52.0748277029344	-44.6243628960387
			52.0356147302666	-44.6243628960387
			51.9964017575987	-44.6243628960387
			51.9571887849308	-44.6243628960387
			51.917975812263	-44.6635758687066
			51.8787628395951	-44.6635758687066
			51.8395498669272	-44.6635758687066
			51.8003368942593	-44.6635758687066
			51.7611239215915	-44.6635758687066
			51.7219109489236	-44.6635758687066
			51.6826979762557	-44.6635758687066
			51.6434850035879	-44.7027888413744
			51.60427203092	-44.7027888413744
			51.5650590582521	-44.7027888413744
			51.5258460855842	-44.7027888413744
			51.4866331129164	-44.7027888413744
			51.4474201402485	-44.7027888413744
			51.4082071675806	-44.7027888413744
			51.3689941949127	-44.7027888413744
			51.3297812222449	-44.7027888413744
			51.290568249577	-44.7027888413744
			51.2513552769091	-44.7027888413744
			51.2121423042413	-44.7027888413744
			51.1729293315734	-44.7027888413744
			51.1337163589055	-44.7027888413744
			51.0945033862376	-44.7027888413744
			51.0552904135698	-44.7027888413744
			51.0160774409019	-44.7027888413744
			50.976864468234	-44.7027888413744
			50.9376514955662	-44.7027888413744
			50.8984385228983	-44.7027888413744
			50.8592255502304	-44.7027888413744
			50.8200125775625	-44.7027888413744
			50.7807996048947	-44.7027888413744
			50.7415866322268	-44.7027888413744
			50.7023736595589	-44.7027888413744
			50.663160686891	-44.7027888413744
			50.6239477142232	-44.7027888413744
			50.5847347415553	-44.7027888413744
			50.5455217688874	-44.7027888413744
			50.5063087962196	-44.7027888413744
			50.4670958235517	-44.7027888413744
			50.4278828508838	-44.7027888413744
			50.3886698782159	-44.7027888413744
			50.3494569055481	-44.7027888413744
			50.3102439328802	-44.7027888413744
			50.2710309602123	-44.6635758687066
			50.2318179875444	-44.6635758687066
			50.1926050148766	-44.6635758687066
			50.1533920422087	-44.6635758687066
			50.1141790695408	-44.6635758687066
			50.074966096873	-44.6635758687066
			50.0357531242051	-44.6635758687066
			49.9965401515372	-44.6635758687066
			49.9573271788693	-44.6635758687066
			49.9181142062015	-44.6635758687066
			49.8789012335336	-44.6635758687066
			49.8789012335336	-44.6243628960387
			49.8396882608657	-44.6243628960387
			49.8004752881979	-44.6243628960387
			49.76126231553	-44.6243628960387
			49.7220493428621	-44.6243628960387
			49.6828363701942	-44.6243628960387
			49.6436233975264	-44.6243628960387
			49.6044104248585	-44.6243628960387
			49.5651974521906	-44.6243628960387
			49.5259844795227	-44.6243628960387
			49.4867715068549	-44.6243628960387
			49.447558534187	-44.6243628960387
			49.4083455615191	-44.6243628960387
			49.3691325888513	-44.6243628960387
			49.3299196161834	-44.6243628960387
			49.2907066435155	-44.6243628960387
			49.2514936708476	-44.6243628960387
			49.2122806981798	-44.6243628960387
			49.1730677255119	-44.6243628960387
			49.133854752844	-44.6243628960387
			49.0946417801762	-44.6243628960387
			49.0554288075083	-44.6243628960387
			49.0162158348404	-44.6243628960387
			48.9770028621725	-44.6243628960387
			48.9377898895047	-44.6243628960387
			48.8985769168368	-44.6243628960387
			48.8593639441689	-44.6243628960387
			48.820150971501	-44.6243628960387
			48.7809379988332	-44.6243628960387
			48.7417250261653	-44.6243628960387
			48.7025120534974	-44.6243628960387
			48.6632990808296	-44.5851499233708
			48.6240861081617	-44.5851499233708
			48.5848731354938	-44.5851499233708
			48.5456601628259	-44.5851499233708
			48.5064471901581	-44.5851499233708
			48.4672342174902	-44.5851499233708
			48.4280212448223	-44.5851499233708
			48.3888082721544	-44.5851499233708
			48.3495952994866	-44.5851499233708
			48.3103823268187	-44.5851499233708
			48.2711693541508	-44.5851499233708
			48.231956381483	-44.5851499233708
			48.1927434088151	-44.5851499233708
			48.1535304361472	-44.5851499233708
			48.1143174634793	-44.5851499233708
			48.0751044908115	-44.5851499233708
			48.0358915181436	-44.5851499233708
			47.9966785454757	-44.5851499233708
			47.9574655728079	-44.545936950703
			47.91825260014	-44.545936950703
			47.8790396274721	-44.545936950703
			47.8398266548042	-44.545936950703
			47.8006136821364	-44.545936950703
			47.7614007094685	-44.545936950703
			47.7221877368006	-44.545936950703
			47.6829747641328	-44.545936950703
			47.6437617914649	-44.545936950703
			47.604548818797	-44.545936950703
			47.5653358461291	-44.545936950703
			47.5261228734613	-44.5067239780351
			47.4869099007934	-44.5067239780351
			47.4476969281255	-44.5067239780351
			47.4084839554576	-44.5067239780351
			47.3692709827898	-44.5067239780351
			47.3300580101219	-44.5067239780351
			47.290845037454	-44.5067239780351
			47.2516320647862	-44.5067239780351
			47.2124190921183	-44.5067239780351
			47.1732061194504	-44.4675110053672
			47.1339931467825	-44.4675110053672
			47.0947801741147	-44.4675110053672
			47.0555672014468	-44.4675110053672
			47.0163542287789	-44.4675110053672
			46.977141256111	-44.4675110053672
			46.9379282834432	-44.4675110053672
			46.8987153107753	-44.4282980326993
			46.8595023381074	-44.4282980326993
			46.8202893654396	-44.4282980326993
			46.7810763927717	-44.4282980326993
			46.7418634201038	-44.4282980326993
			46.7026504474359	-44.4282980326993
			46.6634374747681	-44.4282980326993
			46.6242245021002	-44.4675110053672
			46.5850115294323	-44.4675110053672
			46.5457985567645	-44.4675110053672
			46.5065855840966	-44.4675110053672
			46.4673726114287	-44.4675110053672
			46.4281596387608	-44.4675110053672
			46.388946666093	-44.4675110053672
			46.3497336934251	-44.5067239780351
			46.3105207207572	-44.5067239780351
			46.2713077480893	-44.5067239780351
			46.2320947754215	-44.5067239780351
			46.1928818027536	-44.5067239780351
			46.1536688300857	-44.5067239780351
			46.1144558574179	-44.5067239780351
			46.07524288475	-44.5067239780351
			46.0360299120821	-44.5067239780351
			45.9968169394142	-44.5067239780351
			45.9576039667464	-44.5067239780351
			45.9183909940785	-44.5067239780351
			45.8791780214106	-44.545936950703
			45.8399650487427	-44.545936950703
			45.8007520760749	-44.545936950703
			45.761539103407	-44.545936950703
			45.7223261307391	-44.545936950703
			45.6831131580713	-44.545936950703
			45.6439001854034	-44.545936950703
			45.6046872127355	-44.545936950703
			45.5654742400676	-44.545936950703
			45.5262612673998	-44.545936950703
			45.4870482947319	-44.545936950703
			45.447835322064	-44.545936950703
			45.4086223493962	-44.545936950703
			45.3694093767283	-44.545936950703
			45.3301964040604	-44.545936950703
			45.2909834313925	-44.545936950703
			45.2517704587247	-44.545936950703
			45.2125574860568	-44.545936950703
			45.1733445133889	-44.545936950703
			45.1341315407211	-44.5067239780351
			45.0949185680532	-44.5067239780351
			45.0557055953853	-44.5067239780351
			45.0164926227174	-44.5067239780351
			44.9772796500496	-44.5067239780351
			44.9380666773817	-44.5067239780351
			44.8988537047138	-44.5067239780351
			44.8596407320459	-44.5067239780351
			44.8204277593781	-44.5067239780351
			44.7812147867102	-44.5067239780351
			44.7420018140423	-44.5067239780351
			44.7027888413744	-44.4675110053672
			44.6635758687066	-44.4675110053672
			44.6243628960387	-44.4675110053672
			44.5851499233708	-44.4675110053672
			44.545936950703	-44.4675110053672
			44.5067239780351	-44.4675110053672
			44.4675110053672	-44.4675110053672
			44.4282980326993	-44.4675110053672
			44.3890850600315	-44.4675110053672
			44.3498720873636	-44.4675110053672
			44.3106591146957	-44.4675110053672
			44.2714461420279	-44.5067239780351
			44.23223316936	-44.5067239780351
			44.1930201966921	-44.5067239780351
			44.1538072240242	-44.5067239780351
			44.1145942513564	-44.5067239780351
			44.0753812786885	-44.5067239780351
			44.0361683060206	-44.5067239780351
			43.9969553333528	-44.5067239780351
			43.9577423606849	-44.5067239780351
			43.918529388017	-44.5067239780351
			43.8793164153491	-44.5067239780351
			43.8401034426813	-44.5067239780351
			43.8008904700134	-44.5067239780351
			43.7616774973455	-44.5067239780351
			43.7224645246776	-44.5067239780351
			43.6832515520098	-44.5067239780351
			43.6440385793419	-44.4675110053672
			43.604825606674	-44.4675110053672
			43.5656126340062	-44.4675110053672
			43.5263996613383	-44.4675110053672
			43.4871866886704	-44.4675110053672
			43.4479737160025	-44.4675110053672
			43.4087607433347	-44.4675110053672
			43.3695477706668	-44.4675110053672
			43.3303347979989	-44.4675110053672
			43.291121825331	-44.4675110053672
			43.2519088526632	-44.4675110053672
			43.2126958799953	-44.4675110053672
			43.1734829073274	-44.4675110053672
			43.1342699346596	-44.4675110053672
			43.0950569619917	-44.4282980326993
			43.0558439893238	-44.4282980326993
			43.0166310166559	-44.4282980326993
			42.9774180439881	-44.4282980326993
			42.9382050713202	-44.4282980326993
			42.8989920986523	-44.4282980326993
			42.8597791259845	-44.4282980326993
			42.8205661533166	-44.4282980326993
			42.7813531806487	-44.4282980326993
			42.7421402079808	-44.4282980326993
			42.702927235313	-44.3890850600315
			42.6637142626451	-44.3890850600315
			42.6245012899772	-44.3890850600315
			42.5852883173093	-44.3890850600315
			42.5460753446415	-44.3890850600315
			42.5068623719736	-44.3890850600315
			42.4676493993057	-44.3890850600315
			42.4284364266379	-44.3498720873636
			42.38922345397	-44.3498720873636
			42.3500104813021	-44.3498720873636
			42.3107975086342	-44.3498720873636
			42.2715845359664	-44.3498720873636
			42.2323715632985	-44.3498720873636
			42.1931585906306	-44.3498720873636
			42.1539456179627	-44.3106591146957
			42.1147326452949	-44.3106591146957
			42.075519672627	-44.3106591146957
			42.0363066999591	-44.3106591146957
			41.9970937272913	-44.3106591146957
			41.9578807546234	-44.2714461420279
			41.9186677819555	-44.2714461420279
			41.8794548092876	-44.2714461420279
			41.8402418366198	-44.2714461420279
			41.8010288639519	-44.2714461420279
			41.761815891284	-44.2714461420279
			41.7226029186162	-44.23223316936
			41.6833899459483	-44.23223316936
			41.6441769732804	-44.23223316936
			41.6049640006125	-44.23223316936
			41.5657510279447	-44.23223316936
			41.5265380552768	-44.1930201966921
			41.4873250826089	-44.1930201966921
			41.4481121099411	-44.1930201966921
		</c2>
	</curves.scaled>
	<ruler.points type=matrix rownames=TRUE colnames=FALSE nrow=2 ncol=2 as.numeric=TRUE >
		Ruler point 1	2162	280
		Ruler point 2	2417	277
	</ruler.points>
</shapes>

