<shapes type=list>
	<ruler.pixel type=vector names=FALSE length=1 as.numeric=TRUE >253.007905014843</ruler.pixel>
	<ruler.interval type=vector names=FALSE length=1 as.numeric=TRUE >10</ruler.interval>
	<scaling.units type=vector names=FALSE length=1 as.numeric=FALSE >undefined</scaling.units>
	<scaling type=vector names=FALSE length=1 as.numeric=TRUE >0.0395244567532913</scaling>
	<landmarks.pixel type=matrix rownames=TRUE colnames=FALSE nrow=2 ncol=2 as.numeric=TRUE >
		LM1	1138	1181
		LM2	1583	1181
	</landmarks.pixel>
	<landmarks.scaled type=matrix rownames=TRUE colnames=FALSE nrow=2 ncol=2 as.numeric=TRUE >
		LM1	44.9788317852455	-46.678383425637
		LM2	62.5672150404601	-46.678383425637
	</landmarks.scaled>
	<curves.control type=list>
		<c1 type=matrix rownames=FALSE colnames=FALSE nrow=15 ncol=2 as.numeric=TRUE >
			1138	1181
			1154	1174
			1189	1152
			1238	1130
			1289	1112
			1329	1098
			1375	1085
			1403	1079
			1425	1081
			1439	1078
			1439	1090
			1448	1102
			1476	1118
			1510	1143
			1583	1181
		</c1>
		<c2 type=matrix rownames=FALSE colnames=FALSE nrow=17 ncol=2 as.numeric=TRUE >
			1583	1181
			1574	1185
			1532	1181
			1522	1190
			1464	1181
			1431	1181
			1391	1179
			1370	1185
			1332	1181
			1273	1190
			1255	1181
			1231	1189
			1205	1181
			1192	1188
			1167	1184
			1151	1190
			1138	1181
		</c2>
	</curves.control>
	<curves.pixel type=list>
		<c1 type=matrix rownames=FALSE colnames=FALSE nrow=475 ncol=2 as.numeric=TRUE >
			1138	1181
			1139	1181
			1140	1180
			1141	1180
			1142	1179
			1143	1179
			1144	1178
			1145	1178
			1146	1177
			1147	1176
			1148	1176
			1149	1175
			1150	1175
			1151	1175
			1151	1174
			1152	1174
			1153	1173
			1154	1173
			1155	1173
			1155	1172
			1156	1172
			1157	1171
			1158	1171
			1159	1170
			1160	1170
			1161	1169
			1162	1168
			1163	1168
			1164	1167
			1165	1167
			1166	1166
			1167	1166
			1167	1165
			1168	1165
			1169	1165
			1169	1164
			1170	1164
			1171	1163
			1172	1162
			1173	1162
			1174	1161
			1175	1161
			1176	1160
			1177	1160
			1178	1159
			1179	1159
			1179	1158
			1180	1157
			1181	1157
			1182	1156
			1183	1156
			1184	1155
			1185	1154
			1186	1154
			1187	1153
			1188	1152
			1189	1152
			1190	1151
			1191	1151
			1192	1151
			1193	1150
			1194	1150
			1195	1150
			1195	1149
			1196	1149
			1197	1148
			1198	1148
			1199	1148
			1200	1147
			1201	1147
			1201	1146
			1202	1146
			1203	1146
			1204	1145
			1205	1145
			1206	1145
			1207	1144
			1208	1144
			1209	1143
			1210	1143
			1211	1142
			1212	1142
			1213	1141
			1214	1141
			1215	1141
			1216	1140
			1217	1140
			1218	1139
			1219	1139
			1220	1139
			1220	1138
			1221	1138
			1222	1138
			1223	1137
			1224	1137
			1225	1136
			1226	1136
			1227	1136
			1228	1135
			1229	1135
			1230	1135
			1231	1134
			1232	1133
			1233	1133
			1234	1133
			1235	1133
			1235	1132
			1236	1132
			1237	1132
			1237	1131
			1238	1131
			1239	1131
			1240	1130
			1241	1130
			1242	1130
			1243	1129
			1244	1129
			1245	1128
			1246	1128
			1247	1128
			1248	1127
			1249	1127
			1250	1126
			1251	1126
			1252	1126
			1253	1125
			1254	1125
			1255	1125
			1256	1124
			1257	1124
			1258	1123
			1259	1123
			1260	1123
			1260	1122
			1261	1122
			1262	1122
			1263	1122
			1263	1121
			1264	1121
			1265	1121
			1266	1120
			1267	1120
			1268	1120
			1269	1119
			1270	1119
			1271	1119
			1271	1118
			1272	1118
			1273	1118
			1274	1117
			1275	1117
			1276	1117
			1277	1116
			1278	1116
			1279	1116
			1280	1115
			1281	1115
			1282	1114
			1283	1114
			1284	1114
			1285	1113
			1286	1113
			1287	1113
			1288	1112
			1289	1112
			1290	1112
			1291	1111
			1292	1111
			1293	1111
			1294	1110
			1295	1110
			1296	1110
			1297	1109
			1298	1109
			1299	1109
			1300	1108
			1301	1108
			1302	1108
			1303	1107
			1304	1107
			1305	1107
			1306	1106
			1307	1106
			1308	1105
			1309	1105
			1310	1105
			1311	1105
			1312	1104
			1313	1104
			1314	1104
			1315	1103
			1316	1103
			1317	1103
			1317	1102
			1318	1102
			1319	1102
			1320	1102
			1321	1101
			1322	1101
			1323	1101
			1323	1100
			1324	1100
			1325	1100
			1326	1100
			1327	1099
			1328	1099
			1329	1099
			1330	1098
			1331	1098
			1332	1098
			1333	1097
			1334	1097
			1335	1097
			1336	1097
			1337	1096
			1338	1096
			1339	1096
			1340	1095
			1341	1095
			1342	1095
			1343	1094
			1344	1094
			1345	1094
			1346	1094
			1347	1093
			1348	1093
			1349	1093
			1350	1092
			1351	1092
			1352	1092
			1353	1091
			1354	1091
			1355	1091
			1356	1091
			1356	1090
			1357	1090
			1358	1090
			1359	1090
			1360	1089
			1361	1089
			1362	1089
			1363	1088
			1364	1088
			1365	1088
			1366	1088
			1367	1087
			1368	1087
			1369	1087
			1370	1086
			1371	1086
			1372	1086
			1373	1086
			1374	1085
			1375	1085
			1376	1085
			1377	1085
			1378	1084
			1379	1084
			1380	1084
			1381	1084
			1382	1084
			1383	1084
			1383	1083
			1384	1083
			1385	1083
			1386	1083
			1387	1083
			1388	1083
			1389	1082
			1390	1082
			1391	1082
			1392	1082
			1393	1082
			1394	1082
			1395	1082
			1396	1082
			1397	1081
			1398	1081
			1399	1081
			1400	1081
			1401	1081
			1402	1081
			1403	1081
			1404	1081
			1405	1081
			1406	1081
			1407	1081
			1408	1081
			1409	1081
			1410	1081
			1411	1081
			1412	1081
			1413	1081
			1414	1081
			1415	1081
			1416	1081
			1417	1081
			1418	1081
			1419	1081
			1420	1081
			1421	1081
			1422	1081
			1423	1081
			1424	1081
			1425	1081
			1426	1081
			1427	1081
			1428	1081
			1429	1080
			1430	1080
			1431	1080
			1432	1081
			1433	1081
			1434	1081
			1435	1082
			1436	1082
			1437	1083
			1438	1084
			1438	1085
			1438	1086
			1439	1087
			1439	1088
			1439	1089
			1439	1090
			1440	1091
			1441	1092
			1441	1093
			1442	1094
			1443	1095
			1444	1095
			1445	1096
			1446	1097
			1447	1098
			1448	1099
			1449	1100
			1450	1101
			1451	1102
			1452	1103
			1453	1103
			1454	1104
			1455	1104
			1455	1105
			1456	1106
			1457	1106
			1458	1107
			1459	1107
			1460	1108
			1461	1109
			1462	1110
			1463	1110
			1464	1111
			1465	1111
			1466	1112
			1467	1113
			1468	1114
			1469	1114
			1470	1115
			1471	1115
			1472	1116
			1473	1116
			1474	1117
			1475	1117
			1476	1118
			1477	1119
			1478	1120
			1479	1121
			1480	1121
			1481	1122
			1482	1122
			1483	1123
			1484	1124
			1485	1124
			1486	1125
			1487	1126
			1488	1126
			1489	1127
			1490	1128
			1491	1129
			1492	1129
			1493	1130
			1494	1131
			1495	1131
			1496	1132
			1497	1132
			1497	1133
			1498	1133
			1499	1133
			1500	1134
			1501	1135
			1502	1136
			1503	1136
			1504	1137
			1505	1137
			1506	1138
			1507	1138
			1507	1139
			1508	1139
			1509	1140
			1510	1141
			1511	1141
			1512	1142
			1513	1142
			1514	1143
			1515	1143
			1516	1144
			1517	1144
			1518	1145
			1519	1146
			1520	1147
			1521	1147
			1522	1147
			1523	1148
			1524	1149
			1525	1150
			1526	1150
			1527	1151
			1528	1151
			1529	1152
			1530	1152
			1531	1153
			1532	1153
			1533	1154
			1534	1155
			1535	1155
			1536	1156
			1537	1156
			1538	1157
			1539	1158
			1540	1158
			1541	1158
			1542	1159
			1543	1159
			1544	1160
			1545	1161
			1546	1161
			1547	1162
			1548	1162
			1549	1163
			1550	1164
			1551	1164
			1552	1165
			1553	1165
			1554	1166
			1555	1166
			1556	1167
			1557	1167
			1558	1168
			1559	1168
			1560	1169
			1561	1169
			1561	1170
			1562	1170
			1563	1170
			1564	1171
			1565	1171
			1565	1172
			1566	1172
			1567	1173
			1568	1173
			1569	1173
			1569	1174
			1570	1174
			1571	1175
			1572	1175
			1573	1176
			1574	1176
			1575	1177
			1576	1177
			1577	1178
			1578	1179
			1579	1179
			1580	1180
			1581	1180
			1582	1181
			1583	1181
		</c1>
		<c2 type=matrix rownames=FALSE colnames=FALSE nrow=450 ncol=2 as.numeric=TRUE >
			1583	1181
			1582	1181
			1582	1182
			1581	1182
			1580	1182
			1579	1182
			1578	1182
			1577	1182
			1576	1183
			1575	1183
			1574	1183
			1573	1183
			1572	1183
			1571	1183
			1570	1183
			1569	1183
			1568	1183
			1567	1183
			1566	1183
			1565	1183
			1564	1183
			1563	1183
			1562	1183
			1561	1183
			1560	1183
			1559	1183
			1558	1183
			1557	1183
			1556	1183
			1555	1183
			1554	1183
			1553	1183
			1552	1183
			1551	1183
			1551	1182
			1550	1182
			1549	1182
			1548	1182
			1547	1182
			1546	1182
			1545	1182
			1544	1182
			1543	1182
			1542	1182
			1541	1182
			1540	1182
			1539	1182
			1538	1182
			1537	1181
			1536	1181
			1535	1181
			1534	1181
			1533	1181
			1532	1181
			1531	1182
			1530	1183
			1529	1183
			1528	1183
			1527	1184
			1526	1184
			1525	1184
			1524	1184
			1523	1185
			1522	1185
			1521	1185
			1520	1185
			1519	1185
			1518	1185
			1517	1185
			1516	1185
			1515	1185
			1514	1185
			1513	1185
			1512	1185
			1511	1185
			1510	1185
			1509	1185
			1508	1185
			1507	1185
			1506	1185
			1505	1185
			1504	1185
			1503	1185
			1502	1185
			1501	1185
			1500	1185
			1499	1185
			1498	1185
			1497	1185
			1496	1185
			1495	1185
			1494	1185
			1493	1185
			1492	1185
			1491	1184
			1490	1184
			1489	1184
			1488	1184
			1487	1184
			1486	1184
			1485	1184
			1484	1184
			1483	1184
			1482	1183
			1481	1183
			1480	1183
			1479	1183
			1478	1183
			1477	1183
			1476	1183
			1475	1183
			1474	1182
			1473	1182
			1472	1182
			1471	1182
			1470	1182
			1469	1182
			1468	1182
			1467	1181
			1466	1181
			1465	1181
			1464	1181
			1463	1181
			1462	1181
			1461	1181
			1460	1181
			1459	1181
			1458	1181
			1457	1181
			1456	1181
			1455	1181
			1454	1181
			1453	1181
			1452	1181
			1451	1181
			1450	1181
			1449	1181
			1448	1181
			1447	1181
			1446	1181
			1445	1181
			1444	1181
			1443	1181
			1442	1181
			1441	1181
			1440	1181
			1439	1181
			1438	1181
			1437	1181
			1436	1181
			1435	1181
			1434	1181
			1433	1181
			1432	1181
			1431	1181
			1430	1181
			1429	1180
			1428	1180
			1427	1180
			1426	1180
			1425	1180
			1424	1180
			1423	1180
			1422	1180
			1421	1180
			1420	1180
			1419	1180
			1418	1180
			1417	1180
			1416	1180
			1415	1180
			1414	1180
			1413	1180
			1412	1180
			1411	1180
			1410	1180
			1409	1180
			1408	1180
			1407	1180
			1406	1180
			1405	1180
			1404	1180
			1403	1180
			1402	1180
			1401	1179
			1400	1179
			1399	1179
			1398	1179
			1397	1179
			1396	1179
			1395	1179
			1394	1179
			1393	1179
			1392	1179
			1391	1179
			1390	1179
			1389	1179
			1388	1180
			1387	1180
			1386	1180
			1385	1180
			1384	1181
			1383	1181
			1382	1181
			1381	1181
			1380	1181
			1379	1181
			1378	1182
			1377	1182
			1376	1182
			1375	1182
			1374	1182
			1373	1182
			1372	1182
			1371	1182
			1370	1182
			1369	1182
			1368	1182
			1367	1182
			1366	1182
			1365	1183
			1364	1183
			1363	1183
			1362	1183
			1361	1183
			1360	1183
			1359	1183
			1358	1183
			1357	1183
			1356	1183
			1355	1183
			1354	1183
			1353	1182
			1352	1182
			1351	1182
			1350	1182
			1349	1182
			1348	1182
			1347	1182
			1346	1182
			1345	1182
			1344	1182
			1343	1182
			1342	1182
			1341	1182
			1340	1182
			1339	1182
			1338	1182
			1337	1181
			1336	1181
			1335	1181
			1334	1181
			1333	1181
			1332	1181
			1331	1181
			1330	1181
			1329	1181
			1328	1182
			1327	1182
			1326	1182
			1325	1182
			1324	1182
			1323	1182
			1322	1182
			1321	1183
			1320	1183
			1319	1183
			1318	1183
			1317	1183
			1316	1183
			1315	1183
			1314	1183
			1313	1184
			1312	1184
			1311	1184
			1310	1184
			1309	1184
			1308	1184
			1307	1184
			1306	1184
			1305	1184
			1304	1184
			1303	1185
			1302	1185
			1301	1185
			1300	1185
			1299	1185
			1298	1185
			1297	1185
			1296	1185
			1295	1185
			1294	1185
			1293	1185
			1292	1185
			1291	1185
			1290	1185
			1289	1185
			1288	1185
			1287	1185
			1286	1185
			1285	1185
			1284	1185
			1283	1185
			1282	1185
			1281	1185
			1280	1185
			1279	1185
			1278	1185
			1277	1185
			1276	1185
			1275	1185
			1274	1185
			1273	1185
			1272	1185
			1271	1185
			1270	1185
			1269	1185
			1268	1185
			1267	1184
			1266	1184
			1265	1184
			1264	1184
			1263	1184
			1262	1184
			1261	1183
			1260	1183
			1259	1183
			1258	1182
			1257	1182
			1256	1182
			1256	1181
			1255	1181
			1254	1181
			1253	1182
			1252	1182
			1251	1182
			1250	1183
			1249	1183
			1248	1183
			1247	1183
			1246	1183
			1245	1184
			1244	1184
			1243	1184
			1242	1184
			1241	1184
			1240	1184
			1239	1185
			1238	1185
			1237	1185
			1236	1185
			1235	1185
			1234	1185
			1233	1185
			1232	1185
			1231	1185
			1230	1185
			1229	1185
			1228	1185
			1227	1185
			1226	1185
			1225	1185
			1224	1185
			1223	1185
			1222	1185
			1221	1184
			1220	1184
			1219	1184
			1218	1184
			1217	1184
			1216	1184
			1215	1184
			1214	1183
			1213	1183
			1212	1183
			1211	1183
			1210	1182
			1209	1182
			1208	1182
			1207	1181
			1206	1181
			1205	1181
			1204	1181
			1204	1182
			1203	1182
			1202	1182
			1201	1183
			1200	1183
			1199	1184
			1198	1184
			1197	1184
			1196	1184
			1195	1184
			1194	1185
			1193	1185
			1192	1185
			1191	1185
			1190	1185
			1189	1185
			1188	1185
			1187	1185
			1186	1185
			1185	1185
			1184	1185
			1183	1185
			1182	1185
			1181	1185
			1180	1185
			1179	1185
			1178	1185
			1177	1185
			1176	1185
			1175	1185
			1174	1185
			1173	1185
			1172	1185
			1171	1185
			1170	1184
			1169	1184
			1168	1184
			1167	1184
			1166	1184
			1165	1185
			1164	1185
			1163	1185
			1162	1186
			1161	1186
			1160	1186
			1159	1186
			1158	1186
			1157	1186
			1156	1186
			1155	1186
			1154	1186
			1153	1186
			1152	1186
			1151	1186
			1150	1186
			1149	1186
			1148	1186
			1147	1185
			1146	1185
			1145	1184
			1144	1184
			1143	1184
			1142	1183
			1141	1183
			1140	1182
			1139	1182
			1138	1181
		</c2>
	</curves.pixel>
	<curves.scaled type=list>
		<c1 type=matrix rownames=FALSE colnames=FALSE nrow=475 ncol=2 as.numeric=TRUE >
			44.9788317852455	-46.678383425637
			45.0183562419987	-46.678383425637
			45.057880698752	-46.6388589688837
			45.0974051555053	-46.6388589688837
			45.1369296122586	-46.5993345121304
			45.1764540690119	-46.5993345121304
			45.2159785257652	-46.5598100553771
			45.2555029825185	-46.5598100553771
			45.2950274392718	-46.5202855986238
			45.3345518960251	-46.4807611418705
			45.3740763527784	-46.4807611418705
			45.4136008095317	-46.4412366851172
			45.4531252662849	-46.4412366851172
			45.4926497230382	-46.4412366851172
			45.4926497230382	-46.4017122283639
			45.5321741797915	-46.4017122283639
			45.5716986365448	-46.3621877716106
			45.6112230932981	-46.3621877716106
			45.6507475500514	-46.3621877716106
			45.6507475500514	-46.3226633148574
			45.6902720068047	-46.3226633148574
			45.729796463558	-46.2831388581041
			45.7693209203113	-46.2831388581041
			45.8088453770646	-46.2436144013508
			45.8483698338179	-46.2436144013508
			45.8878942905712	-46.2040899445975
			45.9274187473244	-46.1645654878442
			45.9669432040777	-46.1645654878442
			46.006467660831	-46.1250410310909
			46.0459921175843	-46.1250410310909
			46.0855165743376	-46.0855165743376
			46.1250410310909	-46.0855165743376
			46.1250410310909	-46.0459921175843
			46.1645654878442	-46.0459921175843
			46.2040899445975	-46.0459921175843
			46.2040899445975	-46.006467660831
			46.2436144013508	-46.006467660831
			46.2831388581041	-45.9669432040777
			46.3226633148574	-45.9274187473244
			46.3621877716106	-45.9274187473244
			46.4017122283639	-45.8878942905712
			46.4412366851172	-45.8878942905712
			46.4807611418705	-45.8483698338179
			46.5202855986238	-45.8483698338179
			46.5598100553771	-45.8088453770646
			46.5993345121304	-45.8088453770646
			46.5993345121304	-45.7693209203113
			46.6388589688837	-45.729796463558
			46.678383425637	-45.729796463558
			46.7179078823903	-45.6902720068047
			46.7574323391436	-45.6902720068047
			46.7969567958969	-45.6507475500514
			46.8364812526501	-45.6112230932981
			46.8760057094034	-45.6112230932981
			46.9155301661567	-45.5716986365448
			46.95505462291	-45.5321741797915
			46.9945790796633	-45.5321741797915
			47.0341035364166	-45.4926497230382
			47.0736279931699	-45.4926497230382
			47.1131524499232	-45.4926497230382
			47.1526769066765	-45.4531252662849
			47.1922013634298	-45.4531252662849
			47.2317258201831	-45.4531252662849
			47.2317258201831	-45.4136008095317
			47.2712502769363	-45.4136008095317
			47.3107747336896	-45.3740763527784
			47.3502991904429	-45.3740763527784
			47.3898236471962	-45.3740763527784
			47.4293481039495	-45.3345518960251
			47.4688725607028	-45.3345518960251
			47.4688725607028	-45.2950274392718
			47.5083970174561	-45.2950274392718
			47.5479214742094	-45.2950274392718
			47.5874459309627	-45.2555029825185
			47.626970387716	-45.2555029825185
			47.6664948444693	-45.2555029825185
			47.7060193012226	-45.2159785257652
			47.7455437579758	-45.2159785257652
			47.7850682147291	-45.1764540690119
			47.8245926714824	-45.1764540690119
			47.8641171282357	-45.1369296122586
			47.903641584989	-45.1369296122586
			47.9431660417423	-45.0974051555053
			47.9826904984956	-45.0974051555053
			48.0222149552489	-45.0974051555053
			48.0617394120022	-45.057880698752
			48.1012638687555	-45.057880698752
			48.1407883255088	-45.0183562419987
			48.180312782262	-45.0183562419987
			48.2198372390153	-45.0183562419987
			48.2198372390153	-44.9788317852455
			48.2593616957686	-44.9788317852455
			48.2988861525219	-44.9788317852455
			48.3384106092752	-44.9393073284922
			48.3779350660285	-44.9393073284922
			48.4174595227818	-44.8997828717389
			48.4569839795351	-44.8997828717389
			48.4965084362884	-44.8997828717389
			48.5360328930417	-44.8602584149856
			48.575557349795	-44.8602584149856
			48.6150818065483	-44.8602584149856
			48.6546062633015	-44.8207339582323
			48.6941307200548	-44.781209501479
			48.7336551768081	-44.781209501479
			48.7731796335614	-44.781209501479
			48.8127040903147	-44.781209501479
			48.8127040903147	-44.7416850447257
			48.852228547068	-44.7416850447257
			48.8917530038213	-44.7416850447257
			48.8917530038213	-44.7021605879724
			48.9312774605746	-44.7021605879724
			48.9708019173279	-44.7021605879724
			49.0103263740812	-44.6626361312191
			49.0498508308345	-44.6626361312191
			49.0893752875877	-44.6626361312191
			49.128899744341	-44.6231116744658
			49.1684242010943	-44.6231116744658
			49.2079486578476	-44.5835872177125
			49.2474731146009	-44.5835872177125
			49.2869975713542	-44.5835872177125
			49.3265220281075	-44.5440627609592
			49.3660464848608	-44.5440627609592
			49.4055709416141	-44.504538304206
			49.4450953983674	-44.504538304206
			49.4846198551207	-44.504538304206
			49.524144311874	-44.4650138474527
			49.5636687686272	-44.4650138474527
			49.6031932253805	-44.4650138474527
			49.6427176821338	-44.4254893906994
			49.6822421388871	-44.4254893906994
			49.7217665956404	-44.3859649339461
			49.7612910523937	-44.3859649339461
			49.800815509147	-44.3859649339461
			49.800815509147	-44.3464404771928
			49.8403399659003	-44.3464404771928
			49.8798644226536	-44.3464404771928
			49.9193888794069	-44.3464404771928
			49.9193888794069	-44.3069160204395
			49.9589133361602	-44.3069160204395
			49.9984377929134	-44.3069160204395
			50.0379622496667	-44.2673915636862
			50.07748670642	-44.2673915636862
			50.1170111631733	-44.2673915636862
			50.1565356199266	-44.2278671069329
			50.1960600766799	-44.2278671069329
			50.2355845334332	-44.2278671069329
			50.2355845334332	-44.1883426501796
			50.2751089901865	-44.1883426501796
			50.3146334469398	-44.1883426501796
			50.3541579036931	-44.1488181934263
			50.3936823604464	-44.1488181934263
			50.4332068171997	-44.1488181934263
			50.4727312739529	-44.109293736673
			50.5122557307062	-44.109293736673
			50.5517801874595	-44.109293736673
			50.5913046442128	-44.0697692799198
			50.6308291009661	-44.0697692799198
			50.6703535577194	-44.0302448231665
			50.7098780144727	-44.0302448231665
			50.749402471226	-44.0302448231665
			50.7889269279793	-43.9907203664132
			50.8284513847326	-43.9907203664132
			50.8679758414859	-43.9907203664132
			50.9075002982391	-43.9511959096599
			50.9470247549924	-43.9511959096599
			50.9865492117457	-43.9511959096599
			51.026073668499	-43.9116714529066
			51.0655981252523	-43.9116714529066
			51.1051225820056	-43.9116714529066
			51.1446470387589	-43.8721469961533
			51.1841714955122	-43.8721469961533
			51.2236959522655	-43.8721469961533
			51.2632204090188	-43.8326225394
			51.3027448657721	-43.8326225394
			51.3422693225253	-43.8326225394
			51.3817937792786	-43.7930980826467
			51.4213182360319	-43.7930980826467
			51.4608426927852	-43.7930980826467
			51.5003671495385	-43.7535736258934
			51.5398916062918	-43.7535736258934
			51.5794160630451	-43.7535736258934
			51.6189405197984	-43.7140491691401
			51.6584649765517	-43.7140491691401
			51.697989433305	-43.6745247123868
			51.7375138900583	-43.6745247123868
			51.7770383468116	-43.6745247123868
			51.8165628035648	-43.6745247123868
			51.8560872603181	-43.6350002556336
			51.8956117170714	-43.6350002556336
			51.9351361738247	-43.6350002556336
			51.974660630578	-43.5954757988803
			52.0141850873313	-43.5954757988803
			52.0537095440846	-43.5954757988803
			52.0537095440846	-43.555951342127
			52.0932340008379	-43.555951342127
			52.1327584575912	-43.555951342127
			52.1722829143445	-43.555951342127
			52.2118073710978	-43.5164268853737
			52.251331827851	-43.5164268853737
			52.2908562846043	-43.5164268853737
			52.2908562846043	-43.4769024286204
			52.3303807413576	-43.4769024286204
			52.3699051981109	-43.4769024286204
			52.4094296548642	-43.4769024286204
			52.4489541116175	-43.4373779718671
			52.4884785683708	-43.4373779718671
			52.5280030251241	-43.4373779718671
			52.5675274818774	-43.3978535151138
			52.6070519386307	-43.3978535151138
			52.646576395384	-43.3978535151138
			52.6861008521373	-43.3583290583605
			52.7256253088905	-43.3583290583605
			52.7651497656438	-43.3583290583605
			52.8046742223971	-43.3583290583605
			52.8441986791504	-43.3188046016072
			52.8837231359037	-43.3188046016072
			52.923247592657	-43.3188046016072
			52.9627720494103	-43.2792801448539
			53.0022965061636	-43.2792801448539
			53.0418209629169	-43.2792801448539
			53.0813454196702	-43.2397556881006
			53.1208698764235	-43.2397556881006
			53.1603943331767	-43.2397556881006
			53.19991878993	-43.2397556881006
			53.2394432466833	-43.2002312313474
			53.2789677034366	-43.2002312313474
			53.3184921601899	-43.2002312313474
			53.3580166169432	-43.1607067745941
			53.3975410736965	-43.1607067745941
			53.4370655304498	-43.1607067745941
			53.4765899872031	-43.1211823178408
			53.5161144439564	-43.1211823178408
			53.5556389007097	-43.1211823178408
			53.595163357463	-43.1211823178408
			53.595163357463	-43.0816578610875
			53.6346878142162	-43.0816578610875
			53.6742122709695	-43.0816578610875
			53.7137367277228	-43.0816578610875
			53.7532611844761	-43.0421334043342
			53.7927856412294	-43.0421334043342
			53.8323100979827	-43.0421334043342
			53.871834554736	-43.0026089475809
			53.9113590114893	-43.0026089475809
			53.9508834682426	-43.0026089475809
			53.9904079249959	-43.0026089475809
			54.0299323817492	-42.9630844908276
			54.0694568385024	-42.9630844908276
			54.1089812952557	-42.9630844908276
			54.148505752009	-42.9235600340743
			54.1880302087623	-42.9235600340743
			54.2275546655156	-42.9235600340743
			54.2670791222689	-42.9235600340743
			54.3066035790222	-42.884035577321
			54.3461280357755	-42.884035577321
			54.3856524925288	-42.884035577321
			54.4251769492821	-42.884035577321
			54.4647014060354	-42.8445111205677
			54.5042258627887	-42.8445111205677
			54.5437503195419	-42.8445111205677
			54.5832747762952	-42.8445111205677
			54.6227992330485	-42.8445111205677
			54.6623236898018	-42.8445111205677
			54.6623236898018	-42.8049866638144
			54.7018481465551	-42.8049866638144
			54.7413726033084	-42.8049866638144
			54.7808970600617	-42.8049866638144
			54.820421516815	-42.8049866638144
			54.8599459735683	-42.8049866638144
			54.8994704303216	-42.7654622070611
			54.9389948870749	-42.7654622070611
			54.9785193438281	-42.7654622070611
			55.0180438005814	-42.7654622070611
			55.0575682573347	-42.7654622070611
			55.097092714088	-42.7654622070611
			55.1366171708413	-42.7654622070611
			55.1761416275946	-42.7654622070611
			55.2156660843479	-42.7259377503079
			55.2551905411012	-42.7259377503079
			55.2947149978545	-42.7259377503079
			55.3342394546078	-42.7259377503079
			55.3737639113611	-42.7259377503079
			55.4132883681144	-42.7259377503079
			55.4528128248676	-42.7259377503079
			55.4923372816209	-42.7259377503079
			55.5318617383742	-42.7259377503079
			55.5713861951275	-42.7259377503079
			55.6109106518808	-42.7259377503079
			55.6504351086341	-42.7259377503079
			55.6899595653874	-42.7259377503079
			55.7294840221407	-42.7259377503079
			55.769008478894	-42.7259377503079
			55.8085329356473	-42.7259377503079
			55.8480573924006	-42.7259377503079
			55.8875818491538	-42.7259377503079
			55.9271063059071	-42.7259377503079
			55.9666307626604	-42.7259377503079
			56.0061552194137	-42.7259377503079
			56.045679676167	-42.7259377503079
			56.0852041329203	-42.7259377503079
			56.1247285896736	-42.7259377503079
			56.1642530464269	-42.7259377503079
			56.2037775031802	-42.7259377503079
			56.2433019599335	-42.7259377503079
			56.2828264166868	-42.7259377503079
			56.3223508734401	-42.7259377503079
			56.3618753301933	-42.7259377503079
			56.4013997869466	-42.7259377503079
			56.4409242436999	-42.7259377503079
			56.4804487004532	-42.6864132935546
			56.5199731572065	-42.6864132935546
			56.5594976139598	-42.6864132935546
			56.5990220707131	-42.7259377503079
			56.6385465274664	-42.7259377503079
			56.6780709842197	-42.7259377503079
			56.717595440973	-42.7654622070611
			56.7571198977263	-42.7654622070611
			56.7966443544795	-42.8049866638144
			56.8361688112328	-42.8445111205677
			56.8361688112328	-42.884035577321
			56.8361688112328	-42.9235600340743
			56.8756932679861	-42.9630844908276
			56.8756932679861	-43.0026089475809
			56.8756932679861	-43.0421334043342
			56.8756932679861	-43.0816578610875
			56.9152177247394	-43.1211823178408
			56.9547421814927	-43.1607067745941
			56.9547421814927	-43.2002312313474
			56.994266638246	-43.2397556881006
			57.0337910949993	-43.2792801448539
			57.0733155517526	-43.2792801448539
			57.1128400085059	-43.3188046016072
			57.1523644652592	-43.3583290583605
			57.1918889220125	-43.3978535151138
			57.2314133787658	-43.4373779718671
			57.270937835519	-43.4769024286204
			57.3104622922723	-43.5164268853737
			57.3499867490256	-43.555951342127
			57.3895112057789	-43.5954757988803
			57.4290356625322	-43.5954757988803
			57.4685601192855	-43.6350002556336
			57.5080845760388	-43.6350002556336
			57.5080845760388	-43.6745247123868
			57.5476090327921	-43.7140491691401
			57.5871334895454	-43.7140491691401
			57.6266579462987	-43.7535736258934
			57.6661824030519	-43.7535736258934
			57.7057068598052	-43.7930980826467
			57.7452313165585	-43.8326225394
			57.7847557733118	-43.8721469961533
			57.8242802300651	-43.8721469961533
			57.8638046868184	-43.9116714529066
			57.9033291435717	-43.9116714529066
			57.942853600325	-43.9511959096599
			57.9823780570783	-43.9907203664132
			58.0219025138316	-44.0302448231665
			58.0614269705849	-44.0302448231665
			58.1009514273382	-44.0697692799198
			58.1404758840914	-44.0697692799198
			58.1800003408447	-44.109293736673
			58.219524797598	-44.109293736673
			58.2590492543513	-44.1488181934263
			58.2985737111046	-44.1488181934263
			58.3380981678579	-44.1883426501796
			58.3776226246112	-44.2278671069329
			58.4171470813645	-44.2673915636862
			58.4566715381178	-44.3069160204395
			58.4961959948711	-44.3069160204395
			58.5357204516244	-44.3464404771928
			58.5752449083776	-44.3464404771928
			58.6147693651309	-44.3859649339461
			58.6542938218842	-44.4254893906994
			58.6938182786375	-44.4254893906994
			58.7333427353908	-44.4650138474527
			58.7728671921441	-44.504538304206
			58.8123916488974	-44.504538304206
			58.8519161056507	-44.5440627609592
			58.891440562404	-44.5835872177125
			58.9309650191573	-44.6231116744658
			58.9704894759106	-44.6231116744658
			59.0100139326639	-44.6626361312191
			59.0495383894171	-44.7021605879724
			59.0890628461704	-44.7021605879724
			59.1285873029237	-44.7416850447257
			59.168111759677	-44.7416850447257
			59.168111759677	-44.781209501479
			59.2076362164303	-44.781209501479
			59.2471606731836	-44.781209501479
			59.2866851299369	-44.8207339582323
			59.3262095866902	-44.8602584149856
			59.3657340434435	-44.8997828717389
			59.4052585001968	-44.8997828717389
			59.4447829569501	-44.9393073284922
			59.4843074137033	-44.9393073284922
			59.5238318704566	-44.9788317852455
			59.5633563272099	-44.9788317852455
			59.5633563272099	-45.0183562419987
			59.6028807839632	-45.0183562419987
			59.6424052407165	-45.057880698752
			59.6819296974698	-45.0974051555053
			59.7214541542231	-45.0974051555053
			59.7609786109764	-45.1369296122586
			59.8005030677297	-45.1369296122586
			59.840027524483	-45.1764540690119
			59.8795519812363	-45.1764540690119
			59.9190764379896	-45.2159785257652
			59.9586008947428	-45.2159785257652
			59.9981253514961	-45.2555029825185
			60.0376498082494	-45.2950274392718
			60.0771742650027	-45.3345518960251
			60.116698721756	-45.3345518960251
			60.1562231785093	-45.3345518960251
			60.1957476352626	-45.3740763527784
			60.2352720920159	-45.4136008095317
			60.2747965487692	-45.4531252662849
			60.3143210055225	-45.4531252662849
			60.3538454622758	-45.4926497230382
			60.393369919029	-45.4926497230382
			60.4328943757823	-45.5321741797915
			60.4724188325356	-45.5321741797915
			60.5119432892889	-45.5716986365448
			60.5514677460422	-45.5716986365448
			60.5909922027955	-45.6112230932981
			60.6305166595488	-45.6507475500514
			60.6700411163021	-45.6507475500514
			60.7095655730554	-45.6902720068047
			60.7490900298087	-45.6902720068047
			60.788614486562	-45.729796463558
			60.8281389433153	-45.7693209203113
			60.8676634000685	-45.7693209203113
			60.9071878568218	-45.7693209203113
			60.9467123135751	-45.8088453770646
			60.9862367703284	-45.8088453770646
			61.0257612270817	-45.8483698338179
			61.065285683835	-45.8878942905712
			61.1048101405883	-45.8878942905712
			61.1443345973416	-45.9274187473244
			61.1838590540949	-45.9274187473244
			61.2233835108482	-45.9669432040777
			61.2629079676015	-46.006467660831
			61.3024324243547	-46.006467660831
			61.341956881108	-46.0459921175843
			61.3814813378613	-46.0459921175843
			61.4210057946146	-46.0855165743376
			61.4605302513679	-46.0855165743376
			61.5000547081212	-46.1250410310909
			61.5395791648745	-46.1250410310909
			61.5791036216278	-46.1645654878442
			61.6186280783811	-46.1645654878442
			61.6581525351344	-46.2040899445975
			61.6976769918877	-46.2040899445975
			61.6976769918877	-46.2436144013508
			61.737201448641	-46.2436144013508
			61.7767259053942	-46.2436144013508
			61.8162503621475	-46.2831388581041
			61.8557748189008	-46.2831388581041
			61.8557748189008	-46.3226633148574
			61.8952992756541	-46.3226633148574
			61.9348237324074	-46.3621877716106
			61.9743481891607	-46.3621877716106
			62.013872645914	-46.3621877716106
			62.013872645914	-46.4017122283639
			62.0533971026673	-46.4017122283639
			62.0929215594206	-46.4412366851172
			62.1324460161739	-46.4412366851172
			62.1719704729272	-46.4807611418705
			62.2114949296804	-46.4807611418705
			62.2510193864337	-46.5202855986238
			62.290543843187	-46.5202855986238
			62.3300682999403	-46.5598100553771
			62.3695927566936	-46.5993345121304
			62.4091172134469	-46.5993345121304
			62.4486416702002	-46.6388589688837
			62.4881661269535	-46.6388589688837
			62.5276905837068	-46.678383425637
			62.5672150404601	-46.678383425637
		</c1>
		<c2 type=matrix rownames=FALSE colnames=FALSE nrow=450 ncol=2 as.numeric=TRUE >
			62.5672150404601	-46.678383425637
			62.5276905837068	-46.678383425637
			62.5276905837068	-46.7179078823903
			62.4881661269535	-46.7179078823903
			62.4486416702002	-46.7179078823903
			62.4091172134469	-46.7179078823903
			62.3695927566936	-46.7179078823903
			62.3300682999403	-46.7179078823903
			62.290543843187	-46.7574323391436
			62.2510193864337	-46.7574323391436
			62.2114949296804	-46.7574323391436
			62.1719704729272	-46.7574323391436
			62.1324460161739	-46.7574323391436
			62.0929215594206	-46.7574323391436
			62.0533971026673	-46.7574323391436
			62.013872645914	-46.7574323391436
			61.9743481891607	-46.7574323391436
			61.9348237324074	-46.7574323391436
			61.8952992756541	-46.7574323391436
			61.8557748189008	-46.7574323391436
			61.8162503621475	-46.7574323391436
			61.7767259053942	-46.7574323391436
			61.737201448641	-46.7574323391436
			61.6976769918877	-46.7574323391436
			61.6581525351344	-46.7574323391436
			61.6186280783811	-46.7574323391436
			61.5791036216278	-46.7574323391436
			61.5395791648745	-46.7574323391436
			61.5000547081212	-46.7574323391436
			61.4605302513679	-46.7574323391436
			61.4210057946146	-46.7574323391436
			61.3814813378613	-46.7574323391436
			61.341956881108	-46.7574323391436
			61.3024324243547	-46.7574323391436
			61.3024324243547	-46.7179078823903
			61.2629079676015	-46.7179078823903
			61.2233835108482	-46.7179078823903
			61.1838590540949	-46.7179078823903
			61.1443345973416	-46.7179078823903
			61.1048101405883	-46.7179078823903
			61.065285683835	-46.7179078823903
			61.0257612270817	-46.7179078823903
			60.9862367703284	-46.7179078823903
			60.9467123135751	-46.7179078823903
			60.9071878568218	-46.7179078823903
			60.8676634000685	-46.7179078823903
			60.8281389433153	-46.7179078823903
			60.788614486562	-46.7179078823903
			60.7490900298087	-46.678383425637
			60.7095655730554	-46.678383425637
			60.6700411163021	-46.678383425637
			60.6305166595488	-46.678383425637
			60.5909922027955	-46.678383425637
			60.5514677460422	-46.678383425637
			60.5119432892889	-46.7179078823903
			60.4724188325356	-46.7574323391436
			60.4328943757823	-46.7574323391436
			60.393369919029	-46.7574323391436
			60.3538454622758	-46.7969567958969
			60.3143210055225	-46.7969567958969
			60.2747965487692	-46.7969567958969
			60.2352720920159	-46.7969567958969
			60.1957476352626	-46.8364812526501
			60.1562231785093	-46.8364812526501
			60.116698721756	-46.8364812526501
			60.0771742650027	-46.8364812526501
			60.0376498082494	-46.8364812526501
			59.9981253514961	-46.8364812526501
			59.9586008947428	-46.8364812526501
			59.9190764379896	-46.8364812526501
			59.8795519812363	-46.8364812526501
			59.840027524483	-46.8364812526501
			59.8005030677297	-46.8364812526501
			59.7609786109764	-46.8364812526501
			59.7214541542231	-46.8364812526501
			59.6819296974698	-46.8364812526501
			59.6424052407165	-46.8364812526501
			59.6028807839632	-46.8364812526501
			59.5633563272099	-46.8364812526501
			59.5238318704566	-46.8364812526501
			59.4843074137033	-46.8364812526501
			59.4447829569501	-46.8364812526501
			59.4052585001968	-46.8364812526501
			59.3657340434435	-46.8364812526501
			59.3262095866902	-46.8364812526501
			59.2866851299369	-46.8364812526501
			59.2471606731836	-46.8364812526501
			59.2076362164303	-46.8364812526501
			59.168111759677	-46.8364812526501
			59.1285873029237	-46.8364812526501
			59.0890628461704	-46.8364812526501
			59.0495383894171	-46.8364812526501
			59.0100139326639	-46.8364812526501
			58.9704894759106	-46.8364812526501
			58.9309650191573	-46.7969567958969
			58.891440562404	-46.7969567958969
			58.8519161056507	-46.7969567958969
			58.8123916488974	-46.7969567958969
			58.7728671921441	-46.7969567958969
			58.7333427353908	-46.7969567958969
			58.6938182786375	-46.7969567958969
			58.6542938218842	-46.7969567958969
			58.6147693651309	-46.7969567958969
			58.5752449083776	-46.7574323391436
			58.5357204516244	-46.7574323391436
			58.4961959948711	-46.7574323391436
			58.4566715381178	-46.7574323391436
			58.4171470813645	-46.7574323391436
			58.3776226246112	-46.7574323391436
			58.3380981678579	-46.7574323391436
			58.2985737111046	-46.7574323391436
			58.2590492543513	-46.7179078823903
			58.219524797598	-46.7179078823903
			58.1800003408447	-46.7179078823903
			58.1404758840914	-46.7179078823903
			58.1009514273382	-46.7179078823903
			58.0614269705849	-46.7179078823903
			58.0219025138316	-46.7179078823903
			57.9823780570783	-46.678383425637
			57.942853600325	-46.678383425637
			57.9033291435717	-46.678383425637
			57.8638046868184	-46.678383425637
			57.8242802300651	-46.678383425637
			57.7847557733118	-46.678383425637
			57.7452313165585	-46.678383425637
			57.7057068598052	-46.678383425637
			57.6661824030519	-46.678383425637
			57.6266579462987	-46.678383425637
			57.5871334895454	-46.678383425637
			57.5476090327921	-46.678383425637
			57.5080845760388	-46.678383425637
			57.4685601192855	-46.678383425637
			57.4290356625322	-46.678383425637
			57.3895112057789	-46.678383425637
			57.3499867490256	-46.678383425637
			57.3104622922723	-46.678383425637
			57.270937835519	-46.678383425637
			57.2314133787658	-46.678383425637
			57.1918889220125	-46.678383425637
			57.1523644652592	-46.678383425637
			57.1128400085059	-46.678383425637
			57.0733155517526	-46.678383425637
			57.0337910949993	-46.678383425637
			56.994266638246	-46.678383425637
			56.9547421814927	-46.678383425637
			56.9152177247394	-46.678383425637
			56.8756932679861	-46.678383425637
			56.8361688112328	-46.678383425637
			56.7966443544795	-46.678383425637
			56.7571198977263	-46.678383425637
			56.717595440973	-46.678383425637
			56.6780709842197	-46.678383425637
			56.6385465274664	-46.678383425637
			56.5990220707131	-46.678383425637
			56.5594976139598	-46.678383425637
			56.5199731572065	-46.678383425637
			56.4804487004532	-46.6388589688837
			56.4409242436999	-46.6388589688837
			56.4013997869466	-46.6388589688837
			56.3618753301933	-46.6388589688837
			56.3223508734401	-46.6388589688837
			56.2828264166868	-46.6388589688837
			56.2433019599335	-46.6388589688837
			56.2037775031802	-46.6388589688837
			56.1642530464269	-46.6388589688837
			56.1247285896736	-46.6388589688837
			56.0852041329203	-46.6388589688837
			56.045679676167	-46.6388589688837
			56.0061552194137	-46.6388589688837
			55.9666307626604	-46.6388589688837
			55.9271063059071	-46.6388589688837
			55.8875818491538	-46.6388589688837
			55.8480573924006	-46.6388589688837
			55.8085329356473	-46.6388589688837
			55.769008478894	-46.6388589688837
			55.7294840221407	-46.6388589688837
			55.6899595653874	-46.6388589688837
			55.6504351086341	-46.6388589688837
			55.6109106518808	-46.6388589688837
			55.5713861951275	-46.6388589688837
			55.5318617383742	-46.6388589688837
			55.4923372816209	-46.6388589688837
			55.4528128248676	-46.6388589688837
			55.4132883681144	-46.6388589688837
			55.3737639113611	-46.5993345121304
			55.3342394546078	-46.5993345121304
			55.2947149978545	-46.5993345121304
			55.2551905411012	-46.5993345121304
			55.2156660843479	-46.5993345121304
			55.1761416275946	-46.5993345121304
			55.1366171708413	-46.5993345121304
			55.097092714088	-46.5993345121304
			55.0575682573347	-46.5993345121304
			55.0180438005814	-46.5993345121304
			54.9785193438281	-46.5993345121304
			54.9389948870749	-46.5993345121304
			54.8994704303216	-46.5993345121304
			54.8599459735683	-46.6388589688837
			54.820421516815	-46.6388589688837
			54.7808970600617	-46.6388589688837
			54.7413726033084	-46.6388589688837
			54.7018481465551	-46.678383425637
			54.6623236898018	-46.678383425637
			54.6227992330485	-46.678383425637
			54.5832747762952	-46.678383425637
			54.5437503195419	-46.678383425637
			54.5042258627887	-46.678383425637
			54.4647014060354	-46.7179078823903
			54.4251769492821	-46.7179078823903
			54.3856524925288	-46.7179078823903
			54.3461280357755	-46.7179078823903
			54.3066035790222	-46.7179078823903
			54.2670791222689	-46.7179078823903
			54.2275546655156	-46.7179078823903
			54.1880302087623	-46.7179078823903
			54.148505752009	-46.7179078823903
			54.1089812952557	-46.7179078823903
			54.0694568385024	-46.7179078823903
			54.0299323817492	-46.7179078823903
			53.9904079249959	-46.7179078823903
			53.9508834682426	-46.7574323391436
			53.9113590114893	-46.7574323391436
			53.871834554736	-46.7574323391436
			53.8323100979827	-46.7574323391436
			53.7927856412294	-46.7574323391436
			53.7532611844761	-46.7574323391436
			53.7137367277228	-46.7574323391436
			53.6742122709695	-46.7574323391436
			53.6346878142162	-46.7574323391436
			53.595163357463	-46.7574323391436
			53.5556389007097	-46.7574323391436
			53.5161144439564	-46.7574323391436
			53.4765899872031	-46.7179078823903
			53.4370655304498	-46.7179078823903
			53.3975410736965	-46.7179078823903
			53.3580166169432	-46.7179078823903
			53.3184921601899	-46.7179078823903
			53.2789677034366	-46.7179078823903
			53.2394432466833	-46.7179078823903
			53.19991878993	-46.7179078823903
			53.1603943331767	-46.7179078823903
			53.1208698764235	-46.7179078823903
			53.0813454196702	-46.7179078823903
			53.0418209629169	-46.7179078823903
			53.0022965061636	-46.7179078823903
			52.9627720494103	-46.7179078823903
			52.923247592657	-46.7179078823903
			52.8837231359037	-46.7179078823903
			52.8441986791504	-46.678383425637
			52.8046742223971	-46.678383425637
			52.7651497656438	-46.678383425637
			52.7256253088905	-46.678383425637
			52.6861008521373	-46.678383425637
			52.646576395384	-46.678383425637
			52.6070519386307	-46.678383425637
			52.5675274818774	-46.678383425637
			52.5280030251241	-46.678383425637
			52.4884785683708	-46.7179078823903
			52.4489541116175	-46.7179078823903
			52.4094296548642	-46.7179078823903
			52.3699051981109	-46.7179078823903
			52.3303807413576	-46.7179078823903
			52.2908562846043	-46.7179078823903
			52.251331827851	-46.7179078823903
			52.2118073710978	-46.7574323391436
			52.1722829143445	-46.7574323391436
			52.1327584575912	-46.7574323391436
			52.0932340008379	-46.7574323391436
			52.0537095440846	-46.7574323391436
			52.0141850873313	-46.7574323391436
			51.974660630578	-46.7574323391436
			51.9351361738247	-46.7574323391436
			51.8956117170714	-46.7969567958969
			51.8560872603181	-46.7969567958969
			51.8165628035648	-46.7969567958969
			51.7770383468116	-46.7969567958969
			51.7375138900583	-46.7969567958969
			51.697989433305	-46.7969567958969
			51.6584649765517	-46.7969567958969
			51.6189405197984	-46.7969567958969
			51.5794160630451	-46.7969567958969
			51.5398916062918	-46.7969567958969
			51.5003671495385	-46.8364812526501
			51.4608426927852	-46.8364812526501
			51.4213182360319	-46.8364812526501
			51.3817937792786	-46.8364812526501
			51.3422693225253	-46.8364812526501
			51.3027448657721	-46.8364812526501
			51.2632204090188	-46.8364812526501
			51.2236959522655	-46.8364812526501
			51.1841714955122	-46.8364812526501
			51.1446470387589	-46.8364812526501
			51.1051225820056	-46.8364812526501
			51.0655981252523	-46.8364812526501
			51.026073668499	-46.8364812526501
			50.9865492117457	-46.8364812526501
			50.9470247549924	-46.8364812526501
			50.9075002982391	-46.8364812526501
			50.8679758414859	-46.8364812526501
			50.8284513847326	-46.8364812526501
			50.7889269279793	-46.8364812526501
			50.749402471226	-46.8364812526501
			50.7098780144727	-46.8364812526501
			50.6703535577194	-46.8364812526501
			50.6308291009661	-46.8364812526501
			50.5913046442128	-46.8364812526501
			50.5517801874595	-46.8364812526501
			50.5122557307062	-46.8364812526501
			50.4727312739529	-46.8364812526501
			50.4332068171997	-46.8364812526501
			50.3936823604464	-46.8364812526501
			50.3541579036931	-46.8364812526501
			50.3146334469398	-46.8364812526501
			50.2751089901865	-46.8364812526501
			50.2355845334332	-46.8364812526501
			50.1960600766799	-46.8364812526501
			50.1565356199266	-46.8364812526501
			50.1170111631733	-46.8364812526501
			50.07748670642	-46.7969567958969
			50.0379622496667	-46.7969567958969
			49.9984377929134	-46.7969567958969
			49.9589133361602	-46.7969567958969
			49.9193888794069	-46.7969567958969
			49.8798644226536	-46.7969567958969
			49.8403399659003	-46.7574323391436
			49.800815509147	-46.7574323391436
			49.7612910523937	-46.7574323391436
			49.7217665956404	-46.7179078823903
			49.6822421388871	-46.7179078823903
			49.6427176821338	-46.7179078823903
			49.6427176821338	-46.678383425637
			49.6031932253805	-46.678383425637
			49.5636687686272	-46.678383425637
			49.524144311874	-46.7179078823903
			49.4846198551207	-46.7179078823903
			49.4450953983674	-46.7179078823903
			49.4055709416141	-46.7574323391436
			49.3660464848608	-46.7574323391436
			49.3265220281075	-46.7574323391436
			49.2869975713542	-46.7574323391436
			49.2474731146009	-46.7574323391436
			49.2079486578476	-46.7969567958969
			49.1684242010943	-46.7969567958969
			49.128899744341	-46.7969567958969
			49.0893752875877	-46.7969567958969
			49.0498508308345	-46.7969567958969
			49.0103263740812	-46.7969567958969
			48.9708019173279	-46.8364812526501
			48.9312774605746	-46.8364812526501
			48.8917530038213	-46.8364812526501
			48.852228547068	-46.8364812526501
			48.8127040903147	-46.8364812526501
			48.7731796335614	-46.8364812526501
			48.7336551768081	-46.8364812526501
			48.6941307200548	-46.8364812526501
			48.6546062633015	-46.8364812526501
			48.6150818065483	-46.8364812526501
			48.575557349795	-46.8364812526501
			48.5360328930417	-46.8364812526501
			48.4965084362884	-46.8364812526501
			48.4569839795351	-46.8364812526501
			48.4174595227818	-46.8364812526501
			48.3779350660285	-46.8364812526501
			48.3384106092752	-46.8364812526501
			48.2988861525219	-46.8364812526501
			48.2593616957686	-46.7969567958969
			48.2198372390153	-46.7969567958969
			48.180312782262	-46.7969567958969
			48.1407883255088	-46.7969567958969
			48.1012638687555	-46.7969567958969
			48.0617394120022	-46.7969567958969
			48.0222149552489	-46.7969567958969
			47.9826904984956	-46.7574323391436
			47.9431660417423	-46.7574323391436
			47.903641584989	-46.7574323391436
			47.8641171282357	-46.7574323391436
			47.8245926714824	-46.7179078823903
			47.7850682147291	-46.7179078823903
			47.7455437579758	-46.7179078823903
			47.7060193012226	-46.678383425637
			47.6664948444693	-46.678383425637
			47.626970387716	-46.678383425637
			47.5874459309627	-46.678383425637
			47.5874459309627	-46.7179078823903
			47.5479214742094	-46.7179078823903
			47.5083970174561	-46.7179078823903
			47.4688725607028	-46.7574323391436
			47.4293481039495	-46.7574323391436
			47.3898236471962	-46.7969567958969
			47.3502991904429	-46.7969567958969
			47.3107747336896	-46.7969567958969
			47.2712502769363	-46.7969567958969
			47.2317258201831	-46.7969567958969
			47.1922013634298	-46.8364812526501
			47.1526769066765	-46.8364812526501
			47.1131524499232	-46.8364812526501
			47.0736279931699	-46.8364812526501
			47.0341035364166	-46.8364812526501
			46.9945790796633	-46.8364812526501
			46.95505462291	-46.8364812526501
			46.9155301661567	-46.8364812526501
			46.8760057094034	-46.8364812526501
			46.8364812526501	-46.8364812526501
			46.7969567958969	-46.8364812526501
			46.7574323391436	-46.8364812526501
			46.7179078823903	-46.8364812526501
			46.678383425637	-46.8364812526501
			46.6388589688837	-46.8364812526501
			46.5993345121304	-46.8364812526501
			46.5598100553771	-46.8364812526501
			46.5202855986238	-46.8364812526501
			46.4807611418705	-46.8364812526501
			46.4412366851172	-46.8364812526501
			46.4017122283639	-46.8364812526501
			46.3621877716106	-46.8364812526501
			46.3226633148574	-46.8364812526501
			46.2831388581041	-46.8364812526501
			46.2436144013508	-46.7969567958969
			46.2040899445975	-46.7969567958969
			46.1645654878442	-46.7969567958969
			46.1250410310909	-46.7969567958969
			46.0855165743376	-46.7969567958969
			46.0459921175843	-46.8364812526501
			46.006467660831	-46.8364812526501
			45.9669432040777	-46.8364812526501
			45.9274187473244	-46.8760057094034
			45.8878942905712	-46.8760057094034
			45.8483698338179	-46.8760057094034
			45.8088453770646	-46.8760057094034
			45.7693209203113	-46.8760057094034
			45.729796463558	-46.8760057094034
			45.6902720068047	-46.8760057094034
			45.6507475500514	-46.8760057094034
			45.6112230932981	-46.8760057094034
			45.5716986365448	-46.8760057094034
			45.5321741797915	-46.8760057094034
			45.4926497230382	-46.8760057094034
			45.4531252662849	-46.8760057094034
			45.4136008095317	-46.8760057094034
			45.3740763527784	-46.8760057094034
			45.3345518960251	-46.8364812526501
			45.2950274392718	-46.8364812526501
			45.2555029825185	-46.7969567958969
			45.2159785257652	-46.7969567958969
			45.1764540690119	-46.7969567958969
			45.1369296122586	-46.7574323391436
			45.0974051555053	-46.7574323391436
			45.057880698752	-46.7179078823903
			45.0183562419987	-46.7179078823903
			44.9788317852455	-46.678383425637
		</c2>
	</curves.scaled>
	<ruler.points type=matrix rownames=TRUE colnames=FALSE nrow=2 ncol=2 as.numeric=TRUE >
		Ruler point 1	2168	274
		Ruler point 2	2421	272
	</ruler.points>
</shapes>

