<shapes type=list>
	<ruler.pixel type=vector names=FALSE length=1 as.numeric=TRUE >250.017999352047</ruler.pixel>
	<ruler.interval type=vector names=FALSE length=1 as.numeric=TRUE >10</ruler.interval>
	<scaling.units type=vector names=FALSE length=1 as.numeric=FALSE >undefined</scaling.units>
	<scaling type=vector names=FALSE length=1 as.numeric=TRUE >0.0399971203110027</scaling>
	<landmarks.pixel type=matrix rownames=TRUE colnames=FALSE nrow=2 ncol=2 as.numeric=TRUE >
		LM1	1204	1142
		LM2	1659	1156
	</landmarks.pixel>
	<landmarks.scaled type=matrix rownames=TRUE colnames=FALSE nrow=2 ncol=2 as.numeric=TRUE >
		LM1	48.1565328544472	-45.6767113951651
		LM2	66.3552225959534	-46.2366710795191
	</landmarks.scaled>
	<curves.control type=list>
		<c1 type=matrix rownames=FALSE colnames=FALSE nrow=15 ncol=2 as.numeric=TRUE >
			1204	1142
			1225	1134
			1287	1105
			1337	1084
			1378	1074
			1395	1070
			1459	1056
			1538	1045
			1526	1066
			1539	1078
			1563	1086
			1586	1096
			1602	1108
			1631	1132
			1659	1156
		</c1>
		<c2 type=matrix rownames=FALSE colnames=FALSE nrow=17 ncol=2 as.numeric=TRUE >
			1659	1156
			1610	1156
			1566	1152
			1534	1151
			1481	1148
			1457	1151
			1427	1146
			1387	1154
			1353	1146
			1316	1155
			1295	1148
			1274	1154
			1256	1148
			1239	1151
			1223	1148
			1202	1153
			1204	1142
		</c2>
	</curves.control>
	<curves.pixel type=list>
		<c1 type=matrix rownames=FALSE colnames=FALSE nrow=481 ncol=2 as.numeric=TRUE >
			1204	1142
			1205	1142
			1206	1141
			1207	1141
			1208	1140
			1209	1140
			1210	1140
			1211	1139
			1212	1139
			1213	1138
			1214	1138
			1215	1138
			1216	1137
			1217	1137
			1218	1136
			1219	1136
			1220	1135
			1221	1135
			1222	1135
			1223	1134
			1224	1134
			1225	1133
			1226	1133
			1227	1133
			1227	1132
			1228	1132
			1229	1132
			1230	1131
			1231	1131
			1232	1130
			1233	1130
			1234	1129
			1235	1129
			1236	1128
			1237	1128
			1238	1128
			1239	1127
			1240	1127
			1241	1126
			1242	1126
			1243	1125
			1244	1125
			1245	1124
			1246	1124
			1247	1123
			1248	1123
			1249	1122
			1250	1122
			1251	1122
			1252	1121
			1253	1121
			1254	1120
			1255	1120
			1256	1119
			1257	1119
			1258	1118
			1259	1118
			1260	1118
			1261	1117
			1262	1117
			1263	1116
			1264	1116
			1264	1115
			1265	1115
			1266	1115
			1267	1114
			1268	1114
			1269	1113
			1270	1113
			1271	1112
			1272	1112
			1273	1111
			1274	1111
			1275	1110
			1276	1110
			1277	1109
			1278	1109
			1279	1109
			1280	1108
			1281	1108
			1282	1107
			1283	1107
			1284	1106
			1285	1106
			1286	1105
			1287	1105
			1288	1105
			1289	1104
			1290	1104
			1291	1103
			1292	1103
			1293	1103
			1294	1102
			1295	1102
			1296	1101
			1297	1101
			1298	1100
			1299	1100
			1300	1099
			1301	1099
			1302	1099
			1303	1098
			1304	1098
			1305	1098
			1306	1097
			1307	1097
			1308	1096
			1309	1096
			1310	1096
			1311	1095
			1312	1095
			1313	1095
			1314	1094
			1315	1094
			1316	1093
			1317	1093
			1318	1093
			1319	1092
			1320	1092
			1321	1092
			1322	1091
			1323	1091
			1324	1091
			1325	1090
			1326	1090
			1327	1089
			1328	1089
			1329	1089
			1330	1088
			1331	1088
			1332	1088
			1333	1088
			1333	1087
			1334	1087
			1335	1087
			1336	1086
			1337	1086
			1338	1086
			1339	1085
			1340	1085
			1341	1085
			1341	1084
			1342	1084
			1343	1084
			1344	1084
			1345	1083
			1346	1083
			1347	1083
			1348	1083
			1349	1082
			1350	1082
			1351	1081
			1352	1081
			1353	1081
			1354	1080
			1355	1080
			1356	1080
			1357	1080
			1358	1079
			1359	1079
			1360	1079
			1361	1078
			1362	1078
			1363	1078
			1364	1078
			1365	1078
			1365	1077
			1366	1077
			1367	1077
			1368	1077
			1369	1076
			1370	1076
			1371	1076
			1372	1076
			1372	1075
			1373	1075
			1374	1075
			1375	1075
			1376	1075
			1377	1074
			1378	1074
			1379	1074
			1380	1074
			1381	1073
			1382	1073
			1383	1073
			1384	1073
			1385	1072
			1386	1072
			1387	1072
			1388	1072
			1389	1071
			1390	1071
			1391	1071
			1392	1071
			1393	1070
			1394	1070
			1395	1070
			1396	1070
			1397	1070
			1398	1069
			1399	1069
			1400	1069
			1401	1069
			1402	1069
			1403	1068
			1404	1068
			1405	1068
			1406	1068
			1407	1067
			1408	1067
			1409	1067
			1410	1067
			1411	1066
			1412	1066
			1413	1066
			1414	1066
			1415	1066
			1416	1065
			1417	1065
			1418	1065
			1419	1065
			1420	1065
			1421	1064
			1422	1064
			1423	1064
			1424	1064
			1425	1064
			1425	1063
			1426	1063
			1427	1063
			1428	1063
			1429	1062
			1430	1062
			1431	1062
			1432	1062
			1433	1062
			1434	1062
			1435	1061
			1436	1061
			1437	1061
			1438	1061
			1439	1060
			1440	1060
			1441	1060
			1442	1060
			1443	1059
			1444	1059
			1445	1059
			1446	1059
			1447	1059
			1448	1058
			1449	1058
			1450	1058
			1451	1058
			1452	1057
			1453	1057
			1454	1057
			1455	1057
			1456	1057
			1457	1056
			1458	1056
			1459	1056
			1460	1056
			1461	1056
			1462	1056
			1463	1056
			1463	1055
			1464	1055
			1465	1055
			1466	1055
			1467	1055
			1468	1055
			1469	1055
			1470	1055
			1471	1054
			1472	1054
			1473	1054
			1474	1054
			1475	1054
			1476	1054
			1477	1054
			1478	1054
			1479	1054
			1480	1053
			1481	1053
			1482	1053
			1483	1053
			1484	1053
			1485	1053
			1486	1053
			1487	1053
			1488	1053
			1489	1053
			1490	1053
			1491	1053
			1492	1053
			1493	1052
			1494	1052
			1495	1052
			1496	1052
			1497	1052
			1498	1052
			1499	1052
			1500	1052
			1501	1052
			1502	1052
			1503	1052
			1504	1052
			1505	1052
			1506	1052
			1507	1052
			1508	1052
			1509	1052
			1510	1052
			1511	1053
			1512	1053
			1513	1053
			1514	1053
			1515	1053
			1516	1053
			1517	1053
			1518	1054
			1519	1054
			1520	1054
			1521	1054
			1522	1055
			1523	1055
			1524	1056
			1525	1056
			1526	1057
			1527	1058
			1527	1059
			1528	1060
			1528	1061
			1528	1062
			1527	1063
			1527	1064
			1526	1065
			1526	1066
			1527	1067
			1528	1067
			1528	1068
			1529	1069
			1530	1069
			1530	1070
			1531	1070
			1532	1071
			1533	1071
			1534	1072
			1534	1073
			1535	1073
			1536	1074
			1537	1074
			1538	1075
			1539	1075
			1540	1076
			1541	1077
			1542	1077
			1543	1078
			1544	1078
			1545	1079
			1546	1079
			1547	1080
			1548	1080
			1549	1080
			1549	1081
			1550	1081
			1551	1082
			1552	1082
			1553	1082
			1554	1083
			1555	1083
			1556	1083
			1557	1084
			1558	1084
			1559	1085
			1560	1085
			1561	1085
			1562	1086
			1563	1086
			1564	1087
			1565	1087
			1566	1087
			1567	1088
			1568	1088
			1569	1089
			1570	1089
			1571	1090
			1572	1090
			1573	1091
			1574	1091
			1575	1091
			1576	1092
			1577	1092
			1578	1093
			1579	1094
			1580	1094
			1581	1095
			1582	1095
			1583	1096
			1584	1096
			1585	1097
			1586	1098
			1587	1098
			1588	1099
			1589	1099
			1590	1100
			1591	1101
			1592	1101
			1593	1102
			1594	1102
			1595	1103
			1596	1104
			1597	1105
			1598	1105
			1599	1106
			1600	1106
			1601	1107
			1602	1108
			1603	1109
			1604	1110
			1605	1110
			1606	1111
			1607	1112
			1608	1113
			1609	1114
			1610	1114
			1611	1115
			1612	1116
			1612	1117
			1613	1117
			1614	1118
			1615	1119
			1616	1120
			1617	1121
			1618	1121
			1619	1122
			1620	1123
			1621	1124
			1622	1125
			1623	1125
			1624	1126
			1625	1127
			1626	1128
			1627	1129
			1628	1129
			1628	1130
			1629	1131
			1630	1132
			1631	1132
			1632	1133
			1633	1134
			1634	1135
			1635	1136
			1636	1136
			1637	1137
			1638	1138
			1639	1139
			1640	1140
			1641	1140
			1642	1141
			1642	1142
			1643	1143
			1644	1143
			1645	1144
			1646	1145
			1647	1146
			1648	1147
			1649	1147
			1650	1148
			1651	1149
			1652	1150
			1653	1151
			1654	1151
			1654	1152
			1655	1153
			1656	1154
			1657	1154
			1658	1155
			1659	1156
		</c1>
		<c2 type=matrix rownames=FALSE colnames=FALSE nrow=460 ncol=2 as.numeric=TRUE >
			1659	1156
			1658	1156
			1657	1156
			1656	1156
			1655	1156
			1654	1156
			1653	1156
			1652	1156
			1651	1156
			1650	1156
			1649	1156
			1648	1156
			1647	1156
			1646	1156
			1645	1156
			1644	1156
			1643	1156
			1642	1156
			1641	1156
			1640	1156
			1639	1156
			1638	1156
			1637	1156
			1636	1156
			1635	1156
			1634	1156
			1633	1156
			1632	1156
			1631	1156
			1630	1156
			1629	1156
			1628	1156
			1627	1156
			1626	1156
			1625	1156
			1624	1155
			1623	1155
			1622	1155
			1621	1155
			1620	1155
			1619	1155
			1618	1155
			1617	1155
			1616	1155
			1615	1155
			1614	1155
			1613	1155
			1612	1155
			1611	1155
			1610	1155
			1609	1155
			1608	1155
			1607	1155
			1606	1155
			1605	1155
			1604	1155
			1603	1155
			1602	1155
			1601	1155
			1600	1154
			1599	1154
			1598	1154
			1597	1154
			1596	1154
			1595	1154
			1594	1154
			1593	1154
			1592	1154
			1591	1154
			1590	1154
			1589	1154
			1588	1154
			1587	1154
			1586	1154
			1585	1154
			1584	1153
			1583	1153
			1582	1153
			1581	1153
			1580	1153
			1579	1153
			1578	1153
			1577	1153
			1576	1153
			1575	1153
			1574	1153
			1573	1153
			1572	1153
			1571	1152
			1570	1152
			1569	1152
			1568	1152
			1567	1152
			1566	1152
			1565	1152
			1564	1152
			1563	1152
			1562	1152
			1561	1152
			1560	1152
			1559	1152
			1558	1152
			1557	1152
			1556	1152
			1555	1152
			1554	1152
			1553	1152
			1552	1152
			1551	1151
			1550	1151
			1549	1151
			1548	1151
			1547	1151
			1546	1151
			1545	1151
			1544	1151
			1543	1151
			1542	1151
			1541	1151
			1540	1151
			1539	1151
			1538	1151
			1537	1151
			1536	1151
			1535	1151
			1534	1151
			1533	1151
			1532	1151
			1531	1151
			1530	1151
			1529	1150
			1528	1150
			1527	1150
			1526	1150
			1525	1150
			1524	1150
			1523	1150
			1522	1150
			1521	1150
			1520	1150
			1519	1150
			1518	1150
			1517	1150
			1516	1150
			1515	1150
			1514	1150
			1513	1150
			1512	1150
			1511	1150
			1510	1150
			1509	1150
			1508	1149
			1507	1149
			1506	1149
			1505	1149
			1504	1149
			1503	1149
			1502	1149
			1501	1149
			1500	1149
			1499	1149
			1498	1149
			1497	1149
			1496	1149
			1495	1149
			1494	1149
			1493	1149
			1492	1149
			1491	1149
			1490	1149
			1489	1148
			1488	1148
			1487	1148
			1486	1148
			1485	1148
			1484	1148
			1483	1148
			1482	1148
			1481	1148
			1480	1148
			1479	1148
			1478	1148
			1477	1148
			1476	1149
			1475	1149
			1474	1149
			1473	1149
			1472	1149
			1471	1149
			1470	1149
			1469	1149
			1468	1149
			1467	1149
			1466	1149
			1465	1149
			1464	1149
			1463	1149
			1462	1149
			1461	1149
			1460	1149
			1459	1149
			1458	1149
			1457	1149
			1456	1149
			1455	1149
			1454	1149
			1453	1149
			1452	1149
			1451	1149
			1450	1149
			1449	1149
			1448	1149
			1447	1148
			1446	1148
			1445	1148
			1444	1148
			1443	1148
			1442	1148
			1441	1148
			1440	1148
			1439	1148
			1438	1148
			1437	1147
			1436	1147
			1435	1147
			1434	1147
			1433	1147
			1432	1147
			1431	1147
			1430	1146
			1429	1146
			1428	1146
			1427	1146
			1426	1146
			1425	1146
			1424	1147
			1423	1147
			1422	1147
			1421	1147
			1420	1147
			1419	1147
			1418	1148
			1417	1148
			1416	1148
			1415	1148
			1414	1148
			1413	1148
			1412	1149
			1411	1149
			1410	1149
			1409	1149
			1408	1149
			1407	1149
			1406	1149
			1405	1149
			1404	1149
			1403	1149
			1402	1149
			1401	1150
			1400	1150
			1399	1150
			1398	1150
			1397	1150
			1396	1150
			1395	1150
			1394	1150
			1393	1150
			1392	1150
			1391	1150
			1390	1150
			1389	1150
			1388	1150
			1387	1150
			1386	1150
			1385	1150
			1384	1150
			1383	1150
			1382	1150
			1381	1150
			1380	1150
			1379	1150
			1378	1150
			1377	1150
			1376	1150
			1375	1149
			1374	1149
			1373	1149
			1372	1149
			1371	1149
			1370	1149
			1369	1149
			1368	1149
			1367	1149
			1366	1148
			1365	1148
			1364	1148
			1363	1148
			1362	1148
			1361	1148
			1360	1147
			1359	1147
			1358	1147
			1357	1147
			1356	1147
			1355	1146
			1354	1146
			1353	1146
			1352	1146
			1351	1146
			1350	1147
			1349	1147
			1348	1147
			1347	1147
			1346	1148
			1345	1148
			1344	1148
			1343	1148
			1342	1148
			1341	1149
			1340	1149
			1339	1149
			1338	1149
			1337	1149
			1336	1149
			1335	1150
			1334	1150
			1333	1150
			1332	1150
			1331	1150
			1330	1150
			1329	1150
			1328	1150
			1327	1151
			1326	1151
			1325	1151
			1324	1151
			1323	1151
			1322	1151
			1321	1151
			1320	1151
			1319	1151
			1318	1151
			1317	1151
			1316	1151
			1315	1151
			1314	1151
			1313	1151
			1312	1151
			1311	1151
			1310	1151
			1309	1151
			1308	1151
			1307	1151
			1306	1150
			1305	1150
			1304	1150
			1303	1150
			1302	1150
			1301	1150
			1300	1149
			1299	1149
			1298	1149
			1297	1149
			1296	1148
			1295	1148
			1294	1148
			1293	1149
			1292	1149
			1291	1149
			1290	1149
			1289	1149
			1288	1150
			1287	1150
			1286	1150
			1285	1150
			1284	1150
			1283	1150
			1282	1151
			1281	1151
			1280	1151
			1279	1151
			1278	1151
			1277	1151
			1276	1151
			1275	1151
			1274	1151
			1273	1151
			1272	1151
			1271	1151
			1270	1151
			1269	1151
			1268	1151
			1267	1150
			1266	1150
			1265	1150
			1264	1150
			1263	1150
			1262	1150
			1261	1149
			1260	1149
			1259	1149
			1258	1149
			1257	1148
			1256	1148
			1255	1148
			1254	1148
			1253	1149
			1252	1149
			1251	1149
			1250	1149
			1249	1149
			1248	1149
			1247	1149
			1246	1149
			1245	1149
			1244	1149
			1243	1149
			1242	1149
			1241	1149
			1240	1149
			1239	1149
			1238	1149
			1237	1149
			1236	1149
			1235	1149
			1234	1149
			1233	1149
			1232	1149
			1231	1149
			1230	1149
			1229	1149
			1228	1149
			1227	1149
			1226	1149
			1225	1148
			1224	1148
			1223	1148
			1222	1148
			1221	1149
			1220	1149
			1219	1149
			1218	1149
			1217	1149
			1216	1149
			1215	1149
			1214	1150
			1213	1150
			1212	1150
			1211	1150
			1210	1149
			1209	1149
			1208	1149
			1207	1149
			1206	1148
			1205	1147
			1204	1146
			1204	1145
			1204	1144
			1204	1143
			1204	1142
		</c2>
	</curves.pixel>
	<curves.scaled type=list>
		<c1 type=matrix rownames=FALSE colnames=FALSE nrow=481 ncol=2 as.numeric=TRUE >
			48.1565328544472	-45.6767113951651
			48.1965299747582	-45.6767113951651
			48.2365270950692	-45.6367142748541
			48.2765242153802	-45.6367142748541
			48.3165213356912	-45.5967171545431
			48.3565184560022	-45.5967171545431
			48.3965155763132	-45.5967171545431
			48.4365126966242	-45.5567200342321
			48.4765098169352	-45.5567200342321
			48.5165069372462	-45.5167229139211
			48.5565040575573	-45.5167229139211
			48.5965011778683	-45.5167229139211
			48.6364982981793	-45.47672579361
			48.6764954184903	-45.47672579361
			48.7164925388013	-45.436728673299
			48.7564896591123	-45.436728673299
			48.7964867794233	-45.396731552988
			48.8364838997343	-45.396731552988
			48.8764810200453	-45.396731552988
			48.9164781403563	-45.356734432677
			48.9564752606673	-45.356734432677
			48.9964723809783	-45.316737312366
			49.0364695012893	-45.316737312366
			49.0764666216003	-45.316737312366
			49.0764666216003	-45.276740192055
			49.1164637419113	-45.276740192055
			49.1564608622223	-45.276740192055
			49.1964579825333	-45.236743071744
			49.2364551028443	-45.236743071744
			49.2764522231553	-45.196745951433
			49.3164493434663	-45.196745951433
			49.3564464637773	-45.156748831122
			49.3964435840883	-45.156748831122
			49.4364407043993	-45.116751710811
			49.4764378247103	-45.116751710811
			49.5164349450213	-45.116751710811
			49.5564320653323	-45.0767545905
			49.5964291856433	-45.0767545905
			49.6364263059543	-45.036757470189
			49.6764234262653	-45.036757470189
			49.7164205465763	-44.996760349878
			49.7564176668873	-44.996760349878
			49.7964147871983	-44.956763229567
			49.8364119075093	-44.956763229567
			49.8764090278203	-44.916766109256
			49.9164061481313	-44.916766109256
			49.9564032684423	-44.876768988945
			49.9964003887534	-44.876768988945
			50.0363975090644	-44.876768988945
			50.0763946293754	-44.836771868634
			50.1163917496864	-44.836771868634
			50.1563888699974	-44.796774748323
			50.1963859903084	-44.796774748323
			50.2363831106194	-44.756777628012
			50.2763802309304	-44.756777628012
			50.3163773512414	-44.716780507701
			50.3563744715524	-44.716780507701
			50.3963715918634	-44.716780507701
			50.4363687121744	-44.67678338739
			50.4763658324854	-44.67678338739
			50.5163629527964	-44.636786267079
			50.5563600731074	-44.636786267079
			50.5563600731074	-44.596789146768
			50.5963571934184	-44.596789146768
			50.6363543137294	-44.596789146768
			50.6763514340404	-44.556792026457
			50.7163485543514	-44.556792026457
			50.7563456746624	-44.516794906146
			50.7963427949734	-44.516794906146
			50.8363399152844	-44.476797785835
			50.8763370355954	-44.476797785835
			50.9163341559064	-44.436800665524
			50.9563312762174	-44.436800665524
			50.9963283965284	-44.396803545213
			51.0363255168394	-44.396803545213
			51.0763226371504	-44.356806424902
			51.1163197574614	-44.356806424902
			51.1563168777724	-44.356806424902
			51.1963139980834	-44.316809304591
			51.2363111183944	-44.316809304591
			51.2763082387054	-44.27681218428
			51.3163053590164	-44.27681218428
			51.3563024793274	-44.236815063969
			51.3962995996384	-44.236815063969
			51.4362967199494	-44.196817943658
			51.4762938402604	-44.196817943658
			51.5162909605715	-44.196817943658
			51.5562880808825	-44.156820823347
			51.5962852011935	-44.156820823347
			51.6362823215045	-44.116823703036
			51.6762794418155	-44.116823703036
			51.7162765621265	-44.116823703036
			51.7562736824375	-44.076826582725
			51.7962708027485	-44.076826582725
			51.8362679230595	-44.0368294624139
			51.8762650433705	-44.0368294624139
			51.9162621636815	-43.9968323421029
			51.9562592839925	-43.9968323421029
			51.9962564043035	-43.9568352217919
			52.0362535246145	-43.9568352217919
			52.0762506449255	-43.9568352217919
			52.1162477652365	-43.9168381014809
			52.1562448855475	-43.9168381014809
			52.1962420058585	-43.9168381014809
			52.2362391261695	-43.8768409811699
			52.2762362464805	-43.8768409811699
			52.3162333667915	-43.8368438608589
			52.3562304871025	-43.8368438608589
			52.3962276074135	-43.8368438608589
			52.4362247277245	-43.7968467405479
			52.4762218480355	-43.7968467405479
			52.5162189683465	-43.7968467405479
			52.5562160886575	-43.7568496202369
			52.5962132089685	-43.7568496202369
			52.6362103292795	-43.7168524999259
			52.6762074495905	-43.7168524999259
			52.7162045699015	-43.7168524999259
			52.7562016902125	-43.6768553796149
			52.7961988105235	-43.6768553796149
			52.8361959308345	-43.6768553796149
			52.8761930511455	-43.6368582593039
			52.9161901714565	-43.6368582593039
			52.9561872917675	-43.6368582593039
			52.9961844120785	-43.5968611389929
			53.0361815323896	-43.5968611389929
			53.0761786527006	-43.5568640186819
			53.1161757730116	-43.5568640186819
			53.1561728933226	-43.5568640186819
			53.1961700136336	-43.5168668983709
			53.2361671339446	-43.5168668983709
			53.2761642542556	-43.5168668983709
			53.3161613745666	-43.5168668983709
			53.3161613745666	-43.4768697780599
			53.3561584948776	-43.4768697780599
			53.3961556151886	-43.4768697780599
			53.4361527354996	-43.4368726577489
			53.4761498558106	-43.4368726577489
			53.5161469761216	-43.4368726577489
			53.5561440964326	-43.3968755374379
			53.5961412167436	-43.3968755374379
			53.6361383370546	-43.3968755374379
			53.6361383370546	-43.3568784171269
			53.6761354573656	-43.3568784171269
			53.7161325776766	-43.3568784171269
			53.7561296979876	-43.3568784171269
			53.7961268182986	-43.3168812968159
			53.8361239386096	-43.3168812968159
			53.8761210589206	-43.3168812968159
			53.9161181792316	-43.3168812968159
			53.9561152995426	-43.2768841765049
			53.9961124198536	-43.2768841765049
			54.0361095401646	-43.2368870561939
			54.0761066604756	-43.2368870561939
			54.1161037807866	-43.2368870561939
			54.1561009010976	-43.1968899358829
			54.1960980214086	-43.1968899358829
			54.2360951417196	-43.1968899358829
			54.2760922620306	-43.1968899358829
			54.3160893823416	-43.1568928155719
			54.3560865026526	-43.1568928155719
			54.3960836229636	-43.1568928155719
			54.4360807432746	-43.1168956952609
			54.4760778635857	-43.1168956952609
			54.5160749838967	-43.1168956952609
			54.5560721042077	-43.1168956952609
			54.5960692245187	-43.1168956952609
			54.5960692245187	-43.0768985749499
			54.6360663448297	-43.0768985749499
			54.6760634651407	-43.0768985749499
			54.7160605854517	-43.0768985749499
			54.7560577057627	-43.0369014546389
			54.7960548260737	-43.0369014546389
			54.8360519463847	-43.0369014546389
			54.8760490666957	-43.0369014546389
			54.8760490666957	-42.9969043343279
			54.9160461870067	-42.9969043343279
			54.9560433073177	-42.9969043343279
			54.9960404276287	-42.9969043343279
			55.0360375479397	-42.9969043343279
			55.0760346682507	-42.9569072140169
			55.1160317885617	-42.9569072140169
			55.1560289088727	-42.9569072140169
			55.1960260291837	-42.9569072140169
			55.2360231494947	-42.9169100937059
			55.2760202698057	-42.9169100937059
			55.3160173901167	-42.9169100937059
			55.3560145104277	-42.9169100937059
			55.3960116307387	-42.8769129733949
			55.4360087510497	-42.8769129733949
			55.4760058713607	-42.8769129733949
			55.5160029916717	-42.8769129733949
			55.5560001119827	-42.8369158530839
			55.5959972322937	-42.8369158530839
			55.6359943526047	-42.8369158530839
			55.6759914729157	-42.8369158530839
			55.7159885932267	-42.7969187327729
			55.7559857135377	-42.7969187327729
			55.7959828338487	-42.7969187327729
			55.8359799541597	-42.7969187327729
			55.8759770744707	-42.7969187327729
			55.9159741947817	-42.7569216124619
			55.9559713150927	-42.7569216124619
			55.9959684354038	-42.7569216124619
			56.0359655557148	-42.7569216124619
			56.0759626760258	-42.7569216124619
			56.1159597963368	-42.7169244921509
			56.1559569166478	-42.7169244921509
			56.1959540369588	-42.7169244921509
			56.2359511572698	-42.7169244921509
			56.2759482775808	-42.6769273718399
			56.3159453978918	-42.6769273718399
			56.3559425182028	-42.6769273718399
			56.3959396385138	-42.6769273718399
			56.4359367588248	-42.6369302515289
			56.4759338791358	-42.6369302515289
			56.5159309994468	-42.6369302515289
			56.5559281197578	-42.6369302515289
			56.5959252400688	-42.6369302515289
			56.6359223603798	-42.5969331312179
			56.6759194806908	-42.5969331312179
			56.7159166010018	-42.5969331312179
			56.7559137213128	-42.5969331312179
			56.7959108416238	-42.5969331312179
			56.8359079619348	-42.5569360109069
			56.8759050822458	-42.5569360109069
			56.9159022025568	-42.5569360109069
			56.9558993228678	-42.5569360109069
			56.9958964431788	-42.5569360109069
			56.9958964431788	-42.5169388905958
			57.0358935634898	-42.5169388905958
			57.0758906838008	-42.5169388905958
			57.1158878041118	-42.5169388905958
			57.1558849244228	-42.4769417702848
			57.1958820447338	-42.4769417702848
			57.2358791650448	-42.4769417702848
			57.2758762853558	-42.4769417702848
			57.3158734056668	-42.4769417702848
			57.3558705259778	-42.4769417702848
			57.3958676462888	-42.4369446499738
			57.4358647665998	-42.4369446499738
			57.4758618869108	-42.4369446499738
			57.5158590072219	-42.4369446499738
			57.5558561275329	-42.3969475296628
			57.5958532478439	-42.3969475296628
			57.6358503681549	-42.3969475296628
			57.6758474884659	-42.3969475296628
			57.7158446087769	-42.3569504093518
			57.7558417290879	-42.3569504093518
			57.7958388493989	-42.3569504093518
			57.8358359697099	-42.3569504093518
			57.8758330900209	-42.3569504093518
			57.9158302103319	-42.3169532890408
			57.9558273306429	-42.3169532890408
			57.9958244509539	-42.3169532890408
			58.0358215712649	-42.3169532890408
			58.0758186915759	-42.2769561687298
			58.1158158118869	-42.2769561687298
			58.1558129321979	-42.2769561687298
			58.1958100525089	-42.2769561687298
			58.2358071728199	-42.2769561687298
			58.2758042931309	-42.2369590484188
			58.3158014134419	-42.2369590484188
			58.3557985337529	-42.2369590484188
			58.3957956540639	-42.2369590484188
			58.4357927743749	-42.2369590484188
			58.4757898946859	-42.2369590484188
			58.5157870149969	-42.2369590484188
			58.5157870149969	-42.1969619281078
			58.5557841353079	-42.1969619281078
			58.5957812556189	-42.1969619281078
			58.6357783759299	-42.1969619281078
			58.6757754962409	-42.1969619281078
			58.7157726165519	-42.1969619281078
			58.7557697368629	-42.1969619281078
			58.7957668571739	-42.1969619281078
			58.8357639774849	-42.1569648077968
			58.8757610977959	-42.1569648077968
			58.9157582181069	-42.1569648077968
			58.955755338418	-42.1569648077968
			58.995752458729	-42.1569648077968
			59.03574957904	-42.1569648077968
			59.075746699351	-42.1569648077968
			59.115743819662	-42.1569648077968
			59.155740939973	-42.1569648077968
			59.195738060284	-42.1169676874858
			59.235735180595	-42.1169676874858
			59.275732300906	-42.1169676874858
			59.315729421217	-42.1169676874858
			59.355726541528	-42.1169676874858
			59.395723661839	-42.1169676874858
			59.43572078215	-42.1169676874858
			59.475717902461	-42.1169676874858
			59.515715022772	-42.1169676874858
			59.555712143083	-42.1169676874858
			59.595709263394	-42.1169676874858
			59.635706383705	-42.1169676874858
			59.675703504016	-42.1169676874858
			59.715700624327	-42.0769705671748
			59.755697744638	-42.0769705671748
			59.795694864949	-42.0769705671748
			59.83569198526	-42.0769705671748
			59.875689105571	-42.0769705671748
			59.915686225882	-42.0769705671748
			59.955683346193	-42.0769705671748
			59.995680466504	-42.0769705671748
			60.035677586815	-42.0769705671748
			60.075674707126	-42.0769705671748
			60.115671827437	-42.0769705671748
			60.155668947748	-42.0769705671748
			60.195666068059	-42.0769705671748
			60.23566318837	-42.0769705671748
			60.275660308681	-42.0769705671748
			60.315657428992	-42.0769705671748
			60.355654549303	-42.0769705671748
			60.395651669614	-42.0769705671748
			60.435648789925	-42.1169676874858
			60.4756459102361	-42.1169676874858
			60.5156430305471	-42.1169676874858
			60.5556401508581	-42.1169676874858
			60.5956372711691	-42.1169676874858
			60.6356343914801	-42.1169676874858
			60.6756315117911	-42.1169676874858
			60.7156286321021	-42.1569648077968
			60.7556257524131	-42.1569648077968
			60.7956228727241	-42.1569648077968
			60.8356199930351	-42.1569648077968
			60.8756171133461	-42.1969619281078
			60.9156142336571	-42.1969619281078
			60.9556113539681	-42.2369590484188
			60.9956084742791	-42.2369590484188
			61.0356055945901	-42.2769561687298
			61.0756027149011	-42.3169532890408
			61.0756027149011	-42.3569504093518
			61.1155998352121	-42.3969475296628
			61.1155998352121	-42.4369446499738
			61.1155998352121	-42.4769417702848
			61.0756027149011	-42.5169388905958
			61.0756027149011	-42.5569360109069
			61.0356055945901	-42.5969331312179
			61.0356055945901	-42.6369302515289
			61.0756027149011	-42.6769273718399
			61.1155998352121	-42.6769273718399
			61.1155998352121	-42.7169244921509
			61.1555969555231	-42.7569216124619
			61.1955940758341	-42.7569216124619
			61.1955940758341	-42.7969187327729
			61.2355911961451	-42.7969187327729
			61.2755883164561	-42.8369158530839
			61.3155854367671	-42.8369158530839
			61.3555825570781	-42.8769129733949
			61.3555825570781	-42.9169100937059
			61.3955796773891	-42.9169100937059
			61.4355767977001	-42.9569072140169
			61.4755739180111	-42.9569072140169
			61.5155710383221	-42.9969043343279
			61.5555681586331	-42.9969043343279
			61.5955652789441	-43.0369014546389
			61.6355623992551	-43.0768985749499
			61.6755595195661	-43.0768985749499
			61.7155566398771	-43.1168956952609
			61.7555537601881	-43.1168956952609
			61.7955508804991	-43.1568928155719
			61.8355480008101	-43.1568928155719
			61.8755451211211	-43.1968899358829
			61.9155422414321	-43.1968899358829
			61.9555393617431	-43.1968899358829
			61.9555393617431	-43.2368870561939
			61.9955364820541	-43.2368870561939
			62.0355336023652	-43.2768841765049
			62.0755307226762	-43.2768841765049
			62.1155278429872	-43.2768841765049
			62.1555249632982	-43.3168812968159
			62.1955220836092	-43.3168812968159
			62.2355192039202	-43.3168812968159
			62.2755163242312	-43.3568784171269
			62.3155134445422	-43.3568784171269
			62.3555105648532	-43.3968755374379
			62.3955076851642	-43.3968755374379
			62.4355048054752	-43.3968755374379
			62.4755019257862	-43.4368726577489
			62.5154990460972	-43.4368726577489
			62.5554961664082	-43.4768697780599
			62.5954932867192	-43.4768697780599
			62.6354904070302	-43.4768697780599
			62.6754875273412	-43.5168668983709
			62.7154846476522	-43.5168668983709
			62.7554817679632	-43.5568640186819
			62.7954788882742	-43.5568640186819
			62.8354760085852	-43.5968611389929
			62.8754731288962	-43.5968611389929
			62.9154702492072	-43.6368582593039
			62.9554673695182	-43.6368582593039
			62.9954644898292	-43.6368582593039
			63.0354616101402	-43.6768553796149
			63.0754587304512	-43.6768553796149
			63.1154558507622	-43.7168524999259
			63.1554529710732	-43.7568496202369
			63.1954500913842	-43.7568496202369
			63.2354472116952	-43.7968467405479
			63.2754443320062	-43.7968467405479
			63.3154414523172	-43.8368438608589
			63.3554385726282	-43.8368438608589
			63.3954356929392	-43.8768409811699
			63.4354328132503	-43.9168381014809
			63.4754299335613	-43.9168381014809
			63.5154270538723	-43.9568352217919
			63.5554241741833	-43.9568352217919
			63.5954212944943	-43.9968323421029
			63.6354184148053	-44.0368294624139
			63.6754155351163	-44.0368294624139
			63.7154126554273	-44.076826582725
			63.7554097757383	-44.076826582725
			63.7954068960493	-44.116823703036
			63.8354040163603	-44.156820823347
			63.8754011366713	-44.196817943658
			63.9153982569823	-44.196817943658
			63.9553953772933	-44.236815063969
			63.9953924976043	-44.236815063969
			64.0353896179153	-44.27681218428
			64.0753867382263	-44.316809304591
			64.1153838585373	-44.356806424902
			64.1553809788483	-44.396803545213
			64.1953780991593	-44.396803545213
			64.2353752194703	-44.436800665524
			64.2753723397813	-44.476797785835
			64.3153694600923	-44.516794906146
			64.3553665804033	-44.556792026457
			64.3953637007143	-44.556792026457
			64.4353608210253	-44.596789146768
			64.4753579413363	-44.636786267079
			64.4753579413363	-44.67678338739
			64.5153550616473	-44.67678338739
			64.5553521819583	-44.716780507701
			64.5953493022693	-44.756777628012
			64.6353464225803	-44.796774748323
			64.6753435428913	-44.836771868634
			64.7153406632023	-44.836771868634
			64.7553377835133	-44.876768988945
			64.7953349038243	-44.916766109256
			64.8353320241353	-44.956763229567
			64.8753291444463	-44.996760349878
			64.9153262647574	-44.996760349878
			64.9553233850684	-45.036757470189
			64.9953205053794	-45.0767545905
			65.0353176256904	-45.116751710811
			65.0753147460014	-45.156748831122
			65.1153118663124	-45.156748831122
			65.1153118663124	-45.196745951433
			65.1553089866234	-45.236743071744
			65.1953061069344	-45.276740192055
			65.2353032272454	-45.276740192055
			65.2753003475564	-45.316737312366
			65.3152974678674	-45.356734432677
			65.3552945881784	-45.396731552988
			65.3952917084894	-45.436728673299
			65.4352888288004	-45.436728673299
			65.4752859491114	-45.47672579361
			65.5152830694224	-45.5167229139211
			65.5552801897334	-45.5567200342321
			65.5952773100444	-45.5967171545431
			65.6352744303554	-45.5967171545431
			65.6752715506664	-45.6367142748541
			65.6752715506664	-45.6767113951651
			65.7152686709774	-45.7167085154761
			65.7552657912884	-45.7167085154761
			65.7952629115994	-45.7567056357871
			65.8352600319104	-45.7967027560981
			65.8752571522214	-45.8366998764091
			65.9152542725324	-45.8766969967201
			65.9552513928434	-45.8766969967201
			65.9952485131544	-45.9166941170311
			66.0352456334654	-45.9566912373421
			66.0752427537764	-45.9966883576531
			66.1152398740874	-46.0366854779641
			66.1552369943984	-46.0366854779641
			66.1552369943984	-46.0766825982751
			66.1952341147094	-46.1166797185861
			66.2352312350204	-46.1566768388971
			66.2752283553314	-46.1566768388971
			66.3152254756424	-46.1966739592081
			66.3552225959534	-46.2366710795191
		</c1>
		<c2 type=matrix rownames=FALSE colnames=FALSE nrow=460 ncol=2 as.numeric=TRUE >
			66.3552225959534	-46.2366710795191
			66.3152254756424	-46.2366710795191
			66.2752283553314	-46.2366710795191
			66.2352312350204	-46.2366710795191
			66.1952341147094	-46.2366710795191
			66.1552369943984	-46.2366710795191
			66.1152398740874	-46.2366710795191
			66.0752427537764	-46.2366710795191
			66.0352456334654	-46.2366710795191
			65.9952485131544	-46.2366710795191
			65.9552513928434	-46.2366710795191
			65.9152542725324	-46.2366710795191
			65.8752571522214	-46.2366710795191
			65.8352600319104	-46.2366710795191
			65.7952629115994	-46.2366710795191
			65.7552657912884	-46.2366710795191
			65.7152686709774	-46.2366710795191
			65.6752715506664	-46.2366710795191
			65.6352744303554	-46.2366710795191
			65.5952773100444	-46.2366710795191
			65.5552801897334	-46.2366710795191
			65.5152830694224	-46.2366710795191
			65.4752859491114	-46.2366710795191
			65.4352888288004	-46.2366710795191
			65.3952917084894	-46.2366710795191
			65.3552945881784	-46.2366710795191
			65.3152974678674	-46.2366710795191
			65.2753003475564	-46.2366710795191
			65.2353032272454	-46.2366710795191
			65.1953061069344	-46.2366710795191
			65.1553089866234	-46.2366710795191
			65.1153118663124	-46.2366710795191
			65.0753147460014	-46.2366710795191
			65.0353176256904	-46.2366710795191
			64.9953205053794	-46.2366710795191
			64.9553233850684	-46.1966739592081
			64.9153262647574	-46.1966739592081
			64.8753291444463	-46.1966739592081
			64.8353320241353	-46.1966739592081
			64.7953349038243	-46.1966739592081
			64.7553377835133	-46.1966739592081
			64.7153406632023	-46.1966739592081
			64.6753435428913	-46.1966739592081
			64.6353464225803	-46.1966739592081
			64.5953493022693	-46.1966739592081
			64.5553521819583	-46.1966739592081
			64.5153550616473	-46.1966739592081
			64.4753579413363	-46.1966739592081
			64.4353608210253	-46.1966739592081
			64.3953637007143	-46.1966739592081
			64.3553665804033	-46.1966739592081
			64.3153694600923	-46.1966739592081
			64.2753723397813	-46.1966739592081
			64.2353752194703	-46.1966739592081
			64.1953780991593	-46.1966739592081
			64.1553809788483	-46.1966739592081
			64.1153838585373	-46.1966739592081
			64.0753867382263	-46.1966739592081
			64.0353896179153	-46.1966739592081
			63.9953924976043	-46.1566768388971
			63.9553953772933	-46.1566768388971
			63.9153982569823	-46.1566768388971
			63.8754011366713	-46.1566768388971
			63.8354040163603	-46.1566768388971
			63.7954068960493	-46.1566768388971
			63.7554097757383	-46.1566768388971
			63.7154126554273	-46.1566768388971
			63.6754155351163	-46.1566768388971
			63.6354184148053	-46.1566768388971
			63.5954212944943	-46.1566768388971
			63.5554241741833	-46.1566768388971
			63.5154270538723	-46.1566768388971
			63.4754299335613	-46.1566768388971
			63.4354328132503	-46.1566768388971
			63.3954356929392	-46.1566768388971
			63.3554385726282	-46.1166797185861
			63.3154414523172	-46.1166797185861
			63.2754443320062	-46.1166797185861
			63.2354472116952	-46.1166797185861
			63.1954500913842	-46.1166797185861
			63.1554529710732	-46.1166797185861
			63.1154558507622	-46.1166797185861
			63.0754587304512	-46.1166797185861
			63.0354616101402	-46.1166797185861
			62.9954644898292	-46.1166797185861
			62.9554673695182	-46.1166797185861
			62.9154702492072	-46.1166797185861
			62.8754731288962	-46.1166797185861
			62.8354760085852	-46.0766825982751
			62.7954788882742	-46.0766825982751
			62.7554817679632	-46.0766825982751
			62.7154846476522	-46.0766825982751
			62.6754875273412	-46.0766825982751
			62.6354904070302	-46.0766825982751
			62.5954932867192	-46.0766825982751
			62.5554961664082	-46.0766825982751
			62.5154990460972	-46.0766825982751
			62.4755019257862	-46.0766825982751
			62.4355048054752	-46.0766825982751
			62.3955076851642	-46.0766825982751
			62.3555105648532	-46.0766825982751
			62.3155134445422	-46.0766825982751
			62.2755163242312	-46.0766825982751
			62.2355192039202	-46.0766825982751
			62.1955220836092	-46.0766825982751
			62.1555249632982	-46.0766825982751
			62.1155278429872	-46.0766825982751
			62.0755307226762	-46.0766825982751
			62.0355336023652	-46.0366854779641
			61.9955364820541	-46.0366854779641
			61.9555393617431	-46.0366854779641
			61.9155422414321	-46.0366854779641
			61.8755451211211	-46.0366854779641
			61.8355480008101	-46.0366854779641
			61.7955508804991	-46.0366854779641
			61.7555537601881	-46.0366854779641
			61.7155566398771	-46.0366854779641
			61.6755595195661	-46.0366854779641
			61.6355623992551	-46.0366854779641
			61.5955652789441	-46.0366854779641
			61.5555681586331	-46.0366854779641
			61.5155710383221	-46.0366854779641
			61.4755739180111	-46.0366854779641
			61.4355767977001	-46.0366854779641
			61.3955796773891	-46.0366854779641
			61.3555825570781	-46.0366854779641
			61.3155854367671	-46.0366854779641
			61.2755883164561	-46.0366854779641
			61.2355911961451	-46.0366854779641
			61.1955940758341	-46.0366854779641
			61.1555969555231	-45.9966883576531
			61.1155998352121	-45.9966883576531
			61.0756027149011	-45.9966883576531
			61.0356055945901	-45.9966883576531
			60.9956084742791	-45.9966883576531
			60.9556113539681	-45.9966883576531
			60.9156142336571	-45.9966883576531
			60.8756171133461	-45.9966883576531
			60.8356199930351	-45.9966883576531
			60.7956228727241	-45.9966883576531
			60.7556257524131	-45.9966883576531
			60.7156286321021	-45.9966883576531
			60.6756315117911	-45.9966883576531
			60.6356343914801	-45.9966883576531
			60.5956372711691	-45.9966883576531
			60.5556401508581	-45.9966883576531
			60.5156430305471	-45.9966883576531
			60.4756459102361	-45.9966883576531
			60.435648789925	-45.9966883576531
			60.395651669614	-45.9966883576531
			60.355654549303	-45.9966883576531
			60.315657428992	-45.9566912373421
			60.275660308681	-45.9566912373421
			60.23566318837	-45.9566912373421
			60.195666068059	-45.9566912373421
			60.155668947748	-45.9566912373421
			60.115671827437	-45.9566912373421
			60.075674707126	-45.9566912373421
			60.035677586815	-45.9566912373421
			59.995680466504	-45.9566912373421
			59.955683346193	-45.9566912373421
			59.915686225882	-45.9566912373421
			59.875689105571	-45.9566912373421
			59.83569198526	-45.9566912373421
			59.795694864949	-45.9566912373421
			59.755697744638	-45.9566912373421
			59.715700624327	-45.9566912373421
			59.675703504016	-45.9566912373421
			59.635706383705	-45.9566912373421
			59.595709263394	-45.9566912373421
			59.555712143083	-45.9166941170311
			59.515715022772	-45.9166941170311
			59.475717902461	-45.9166941170311
			59.43572078215	-45.9166941170311
			59.395723661839	-45.9166941170311
			59.355726541528	-45.9166941170311
			59.315729421217	-45.9166941170311
			59.275732300906	-45.9166941170311
			59.235735180595	-45.9166941170311
			59.195738060284	-45.9166941170311
			59.155740939973	-45.9166941170311
			59.115743819662	-45.9166941170311
			59.075746699351	-45.9166941170311
			59.03574957904	-45.9566912373421
			58.995752458729	-45.9566912373421
			58.955755338418	-45.9566912373421
			58.9157582181069	-45.9566912373421
			58.8757610977959	-45.9566912373421
			58.8357639774849	-45.9566912373421
			58.7957668571739	-45.9566912373421
			58.7557697368629	-45.9566912373421
			58.7157726165519	-45.9566912373421
			58.6757754962409	-45.9566912373421
			58.6357783759299	-45.9566912373421
			58.5957812556189	-45.9566912373421
			58.5557841353079	-45.9566912373421
			58.5157870149969	-45.9566912373421
			58.4757898946859	-45.9566912373421
			58.4357927743749	-45.9566912373421
			58.3957956540639	-45.9566912373421
			58.3557985337529	-45.9566912373421
			58.3158014134419	-45.9566912373421
			58.2758042931309	-45.9566912373421
			58.2358071728199	-45.9566912373421
			58.1958100525089	-45.9566912373421
			58.1558129321979	-45.9566912373421
			58.1158158118869	-45.9566912373421
			58.0758186915759	-45.9566912373421
			58.0358215712649	-45.9566912373421
			57.9958244509539	-45.9566912373421
			57.9558273306429	-45.9566912373421
			57.9158302103319	-45.9566912373421
			57.8758330900209	-45.9166941170311
			57.8358359697099	-45.9166941170311
			57.7958388493989	-45.9166941170311
			57.7558417290879	-45.9166941170311
			57.7158446087769	-45.9166941170311
			57.6758474884659	-45.9166941170311
			57.6358503681549	-45.9166941170311
			57.5958532478439	-45.9166941170311
			57.5558561275329	-45.9166941170311
			57.5158590072219	-45.9166941170311
			57.4758618869108	-45.8766969967201
			57.4358647665998	-45.8766969967201
			57.3958676462888	-45.8766969967201
			57.3558705259778	-45.8766969967201
			57.3158734056668	-45.8766969967201
			57.2758762853558	-45.8766969967201
			57.2358791650448	-45.8766969967201
			57.1958820447338	-45.8366998764091
			57.1558849244228	-45.8366998764091
			57.1158878041118	-45.8366998764091
			57.0758906838008	-45.8366998764091
			57.0358935634898	-45.8366998764091
			56.9958964431788	-45.8366998764091
			56.9558993228678	-45.8766969967201
			56.9159022025568	-45.8766969967201
			56.8759050822458	-45.8766969967201
			56.8359079619348	-45.8766969967201
			56.7959108416238	-45.8766969967201
			56.7559137213128	-45.8766969967201
			56.7159166010018	-45.9166941170311
			56.6759194806908	-45.9166941170311
			56.6359223603798	-45.9166941170311
			56.5959252400688	-45.9166941170311
			56.5559281197578	-45.9166941170311
			56.5159309994468	-45.9166941170311
			56.4759338791358	-45.9566912373421
			56.4359367588248	-45.9566912373421
			56.3959396385138	-45.9566912373421
			56.3559425182028	-45.9566912373421
			56.3159453978918	-45.9566912373421
			56.2759482775808	-45.9566912373421
			56.2359511572698	-45.9566912373421
			56.1959540369588	-45.9566912373421
			56.1559569166478	-45.9566912373421
			56.1159597963368	-45.9566912373421
			56.0759626760258	-45.9566912373421
			56.0359655557148	-45.9966883576531
			55.9959684354038	-45.9966883576531
			55.9559713150927	-45.9966883576531
			55.9159741947817	-45.9966883576531
			55.8759770744707	-45.9966883576531
			55.8359799541597	-45.9966883576531
			55.7959828338487	-45.9966883576531
			55.7559857135377	-45.9966883576531
			55.7159885932267	-45.9966883576531
			55.6759914729157	-45.9966883576531
			55.6359943526047	-45.9966883576531
			55.5959972322937	-45.9966883576531
			55.5560001119827	-45.9966883576531
			55.5160029916717	-45.9966883576531
			55.4760058713607	-45.9966883576531
			55.4360087510497	-45.9966883576531
			55.3960116307387	-45.9966883576531
			55.3560145104277	-45.9966883576531
			55.3160173901167	-45.9966883576531
			55.2760202698057	-45.9966883576531
			55.2360231494947	-45.9966883576531
			55.1960260291837	-45.9966883576531
			55.1560289088727	-45.9966883576531
			55.1160317885617	-45.9966883576531
			55.0760346682507	-45.9966883576531
			55.0360375479397	-45.9966883576531
			54.9960404276287	-45.9566912373421
			54.9560433073177	-45.9566912373421
			54.9160461870067	-45.9566912373421
			54.8760490666957	-45.9566912373421
			54.8360519463847	-45.9566912373421
			54.7960548260737	-45.9566912373421
			54.7560577057627	-45.9566912373421
			54.7160605854517	-45.9566912373421
			54.6760634651407	-45.9566912373421
			54.6360663448297	-45.9166941170311
			54.5960692245187	-45.9166941170311
			54.5560721042077	-45.9166941170311
			54.5160749838967	-45.9166941170311
			54.4760778635857	-45.9166941170311
			54.4360807432746	-45.9166941170311
			54.3960836229636	-45.8766969967201
			54.3560865026526	-45.8766969967201
			54.3160893823416	-45.8766969967201
			54.2760922620306	-45.8766969967201
			54.2360951417196	-45.8766969967201
			54.1960980214086	-45.8366998764091
			54.1561009010976	-45.8366998764091
			54.1161037807866	-45.8366998764091
			54.0761066604756	-45.8366998764091
			54.0361095401646	-45.8366998764091
			53.9961124198536	-45.8766969967201
			53.9561152995426	-45.8766969967201
			53.9161181792316	-45.8766969967201
			53.8761210589206	-45.8766969967201
			53.8361239386096	-45.9166941170311
			53.7961268182986	-45.9166941170311
			53.7561296979876	-45.9166941170311
			53.7161325776766	-45.9166941170311
			53.6761354573656	-45.9166941170311
			53.6361383370546	-45.9566912373421
			53.5961412167436	-45.9566912373421
			53.5561440964326	-45.9566912373421
			53.5161469761216	-45.9566912373421
			53.4761498558106	-45.9566912373421
			53.4361527354996	-45.9566912373421
			53.3961556151886	-45.9966883576531
			53.3561584948776	-45.9966883576531
			53.3161613745666	-45.9966883576531
			53.2761642542556	-45.9966883576531
			53.2361671339446	-45.9966883576531
			53.1961700136336	-45.9966883576531
			53.1561728933226	-45.9966883576531
			53.1161757730116	-45.9966883576531
			53.0761786527006	-46.0366854779641
			53.0361815323896	-46.0366854779641
			52.9961844120785	-46.0366854779641
			52.9561872917675	-46.0366854779641
			52.9161901714565	-46.0366854779641
			52.8761930511455	-46.0366854779641
			52.8361959308345	-46.0366854779641
			52.7961988105235	-46.0366854779641
			52.7562016902125	-46.0366854779641
			52.7162045699015	-46.0366854779641
			52.6762074495905	-46.0366854779641
			52.6362103292795	-46.0366854779641
			52.5962132089685	-46.0366854779641
			52.5562160886575	-46.0366854779641
			52.5162189683465	-46.0366854779641
			52.4762218480355	-46.0366854779641
			52.4362247277245	-46.0366854779641
			52.3962276074135	-46.0366854779641
			52.3562304871025	-46.0366854779641
			52.3162333667915	-46.0366854779641
			52.2762362464805	-46.0366854779641
			52.2362391261695	-45.9966883576531
			52.1962420058585	-45.9966883576531
			52.1562448855475	-45.9966883576531
			52.1162477652365	-45.9966883576531
			52.0762506449255	-45.9966883576531
			52.0362535246145	-45.9966883576531
			51.9962564043035	-45.9566912373421
			51.9562592839925	-45.9566912373421
			51.9162621636815	-45.9566912373421
			51.8762650433705	-45.9566912373421
			51.8362679230595	-45.9166941170311
			51.7962708027485	-45.9166941170311
			51.7562736824375	-45.9166941170311
			51.7162765621265	-45.9566912373421
			51.6762794418155	-45.9566912373421
			51.6362823215045	-45.9566912373421
			51.5962852011935	-45.9566912373421
			51.5562880808825	-45.9566912373421
			51.5162909605715	-45.9966883576531
			51.4762938402604	-45.9966883576531
			51.4362967199494	-45.9966883576531
			51.3962995996384	-45.9966883576531
			51.3563024793274	-45.9966883576531
			51.3163053590164	-45.9966883576531
			51.2763082387054	-46.0366854779641
			51.2363111183944	-46.0366854779641
			51.1963139980834	-46.0366854779641
			51.1563168777724	-46.0366854779641
			51.1163197574614	-46.0366854779641
			51.0763226371504	-46.0366854779641
			51.0363255168394	-46.0366854779641
			50.9963283965284	-46.0366854779641
			50.9563312762174	-46.0366854779641
			50.9163341559064	-46.0366854779641
			50.8763370355954	-46.0366854779641
			50.8363399152844	-46.0366854779641
			50.7963427949734	-46.0366854779641
			50.7563456746624	-46.0366854779641
			50.7163485543514	-46.0366854779641
			50.6763514340404	-45.9966883576531
			50.6363543137294	-45.9966883576531
			50.5963571934184	-45.9966883576531
			50.5563600731074	-45.9966883576531
			50.5163629527964	-45.9966883576531
			50.4763658324854	-45.9966883576531
			50.4363687121744	-45.9566912373421
			50.3963715918634	-45.9566912373421
			50.3563744715524	-45.9566912373421
			50.3163773512414	-45.9566912373421
			50.2763802309304	-45.9166941170311
			50.2363831106194	-45.9166941170311
			50.1963859903084	-45.9166941170311
			50.1563888699974	-45.9166941170311
			50.1163917496864	-45.9566912373421
			50.0763946293754	-45.9566912373421
			50.0363975090644	-45.9566912373421
			49.9964003887534	-45.9566912373421
			49.9564032684423	-45.9566912373421
			49.9164061481313	-45.9566912373421
			49.8764090278203	-45.9566912373421
			49.8364119075093	-45.9566912373421
			49.7964147871983	-45.9566912373421
			49.7564176668873	-45.9566912373421
			49.7164205465763	-45.9566912373421
			49.6764234262653	-45.9566912373421
			49.6364263059543	-45.9566912373421
			49.5964291856433	-45.9566912373421
			49.5564320653323	-45.9566912373421
			49.5164349450213	-45.9566912373421
			49.4764378247103	-45.9566912373421
			49.4364407043993	-45.9566912373421
			49.3964435840883	-45.9566912373421
			49.3564464637773	-45.9566912373421
			49.3164493434663	-45.9566912373421
			49.2764522231553	-45.9566912373421
			49.2364551028443	-45.9566912373421
			49.1964579825333	-45.9566912373421
			49.1564608622223	-45.9566912373421
			49.1164637419113	-45.9566912373421
			49.0764666216003	-45.9566912373421
			49.0364695012893	-45.9566912373421
			48.9964723809783	-45.9166941170311
			48.9564752606673	-45.9166941170311
			48.9164781403563	-45.9166941170311
			48.8764810200453	-45.9166941170311
			48.8364838997343	-45.9566912373421
			48.7964867794233	-45.9566912373421
			48.7564896591123	-45.9566912373421
			48.7164925388013	-45.9566912373421
			48.6764954184903	-45.9566912373421
			48.6364982981793	-45.9566912373421
			48.5965011778683	-45.9566912373421
			48.5565040575573	-45.9966883576531
			48.5165069372462	-45.9966883576531
			48.4765098169352	-45.9966883576531
			48.4365126966242	-45.9966883576531
			48.3965155763132	-45.9566912373421
			48.3565184560022	-45.9566912373421
			48.3165213356912	-45.9566912373421
			48.2765242153802	-45.9566912373421
			48.2365270950692	-45.9166941170311
			48.1965299747582	-45.8766969967201
			48.1565328544472	-45.8366998764091
			48.1565328544472	-45.7967027560981
			48.1565328544472	-45.7567056357871
			48.1565328544472	-45.7167085154761
			48.1565328544472	-45.6767113951651
		</c2>
	</curves.scaled>
	<ruler.points type=matrix rownames=TRUE colnames=FALSE nrow=2 ncol=2 as.numeric=TRUE >
		Ruler point 1	405	273
		Ruler point 2	655	276
	</ruler.points>
</shapes>

