<shapes type=list>
	<ruler.pixel type=vector names=FALSE length=1 as.numeric=TRUE >279.044799270655</ruler.pixel>
	<ruler.interval type=vector names=FALSE length=1 as.numeric=TRUE >10</ruler.interval>
	<scaling.units type=vector names=FALSE length=1 as.numeric=FALSE >undefined</scaling.units>
	<scaling type=vector names=FALSE length=1 as.numeric=TRUE >0.0358365396027348</scaling>
	<landmarks.pixel type=matrix rownames=TRUE colnames=FALSE nrow=2 ncol=2 as.numeric=TRUE >
		LM1	874	1082
		LM2	1476	1102
	</landmarks.pixel>
	<landmarks.scaled type=matrix rownames=TRUE colnames=FALSE nrow=2 ncol=2 as.numeric=TRUE >
		LM1	31.3211356127902	-38.7751358501591
		LM2	52.8947324536366	-39.4918666422138
	</landmarks.scaled>
	<curves.control type=list>
		<c1 type=matrix rownames=FALSE colnames=FALSE nrow=21 ncol=2 as.numeric=TRUE >
			874	1082
			867	1073
			914	1068
			974	1030
			1030	1035
			1064	1027
			1131	1010
			1174	992
			1206	987
			1278	975
			1282	996
			1278	1011
			1289	1012
			1328	1028
			1341	1032
			1382	1036
			1400	1055
			1423	1071
			1438	1080
			1460	1091
			1476	1102
		</c1>
		<c2 type=matrix rownames=FALSE colnames=FALSE nrow=23 ncol=2 as.numeric=TRUE >
			1476	1102
			1470	1105
			1451	1100
			1429	1106
			1413	1100
			1380	1110
			1345	1097
			1295	1099
			1245	1100
			1218	1105
			1201	1103
			1168	1107
			1146	1097
			1117	1110
			1056	1101
			1022	1108
			1002	1104
			976	1106
			961	1096
			926	1108
			899	1091
			879	1095
			874	1082
		</c2>
	</curves.control>
	<curves.pixel type=list>
		<c1 type=matrix rownames=FALSE colnames=FALSE nrow=643 ncol=2 as.numeric=TRUE >
			874	1082
			874	1081
			873	1081
			873	1080
			873	1079
			873	1078
			874	1077
			875	1076
			876	1076
			877	1075
			878	1075
			879	1075
			880	1074
			881	1074
			882	1074
			883	1073
			884	1073
			885	1073
			886	1072
			887	1072
			888	1072
			889	1072
			890	1071
			891	1071
			892	1071
			893	1071
			894	1071
			895	1070
			896	1070
			897	1070
			898	1070
			899	1070
			900	1070
			901	1070
			902	1069
			903	1069
			904	1069
			905	1069
			906	1069
			907	1069
			908	1069
			909	1069
			910	1068
			911	1068
			912	1068
			913	1068
			914	1068
			915	1067
			916	1067
			917	1066
			918	1066
			919	1065
			920	1064
			921	1064
			922	1063
			923	1063
			924	1062
			925	1061
			926	1061
			927	1060
			928	1060
			929	1059
			930	1059
			931	1058
			932	1058
			933	1057
			934	1057
			935	1056
			936	1056
			937	1055
			938	1054
			939	1054
			940	1054
			940	1053
			941	1053
			942	1053
			943	1052
			944	1052
			945	1051
			946	1051
			947	1050
			948	1050
			949	1050
			949	1049
			950	1049
			951	1048
			952	1048
			953	1048
			954	1047
			955	1047
			956	1046
			957	1046
			958	1046
			959	1045
			960	1045
			961	1045
			962	1044
			963	1044
			964	1044
			965	1043
			966	1043
			967	1043
			968	1042
			969	1042
			970	1042
			971	1041
			972	1041
			973	1041
			974	1041
			975	1040
			976	1040
			977	1040
			978	1039
			979	1039
			980	1039
			981	1039
			982	1039
			982	1038
			983	1038
			984	1038
			985	1038
			986	1038
			987	1037
			988	1037
			989	1037
			990	1037
			991	1037
			992	1036
			993	1036
			994	1036
			995	1036
			996	1036
			997	1036
			998	1036
			999	1036
			1000	1035
			1001	1035
			1002	1035
			1003	1035
			1004	1035
			1005	1035
			1006	1035
			1007	1035
			1008	1035
			1009	1035
			1010	1035
			1011	1035
			1012	1035
			1013	1034
			1014	1034
			1015	1034
			1016	1034
			1017	1034
			1018	1034
			1019	1034
			1020	1034
			1021	1034
			1022	1035
			1023	1035
			1024	1035
			1025	1035
			1026	1035
			1027	1035
			1028	1035
			1029	1035
			1030	1035
			1031	1035
			1032	1035
			1033	1034
			1034	1034
			1035	1034
			1036	1034
			1037	1033
			1038	1033
			1039	1033
			1040	1033
			1041	1032
			1042	1032
			1043	1032
			1044	1032
			1045	1031
			1046	1031
			1047	1031
			1048	1031
			1049	1030
			1050	1030
			1051	1030
			1052	1030
			1053	1029
			1054	1029
			1055	1029
			1056	1029
			1057	1028
			1058	1028
			1059	1028
			1060	1028
			1061	1028
			1062	1027
			1063	1027
			1064	1027
			1065	1026
			1066	1026
			1067	1026
			1068	1026
			1069	1026
			1070	1025
			1071	1025
			1072	1025
			1073	1025
			1073	1024
			1074	1024
			1075	1024
			1076	1024
			1077	1024
			1077	1023
			1078	1023
			1079	1023
			1080	1023
			1081	1023
			1082	1022
			1083	1022
			1084	1022
			1085	1022
			1086	1021
			1087	1021
			1088	1021
			1089	1020
			1090	1020
			1091	1020
			1092	1020
			1093	1020
			1093	1019
			1094	1019
			1095	1019
			1096	1019
			1097	1019
			1098	1018
			1099	1018
			1100	1018
			1101	1018
			1102	1017
			1103	1017
			1104	1017
			1105	1017
			1106	1016
			1107	1016
			1108	1016
			1109	1016
			1110	1015
			1111	1015
			1112	1015
			1113	1015
			1114	1014
			1115	1014
			1116	1014
			1117	1014
			1118	1013
			1119	1013
			1120	1013
			1121	1012
			1122	1012
			1123	1012
			1124	1012
			1125	1011
			1126	1011
			1127	1011
			1128	1011
			1129	1010
			1130	1010
			1131	1010
			1132	1010
			1133	1009
			1134	1009
			1135	1008
			1136	1008
			1137	1008
			1138	1007
			1139	1007
			1140	1006
			1141	1006
			1142	1006
			1143	1005
			1144	1005
			1145	1005
			1146	1004
			1147	1004
			1147	1003
			1148	1003
			1149	1003
			1150	1002
			1151	1002
			1152	1002
			1153	1001
			1154	1001
			1155	1001
			1156	1000
			1157	1000
			1158	1000
			1159	999
			1160	999
			1161	999
			1161	998
			1162	998
			1163	998
			1164	998
			1165	997
			1166	997
			1167	997
			1168	996
			1169	996
			1170	996
			1171	995
			1172	995
			1173	995
			1174	994
			1175	994
			1176	994
			1177	994
			1178	993
			1179	993
			1180	993
			1181	992
			1182	992
			1183	992
			1184	992
			1185	991
			1186	991
			1187	991
			1188	991
			1189	990
			1190	990
			1191	990
			1192	990
			1193	989
			1194	989
			1195	989
			1196	989
			1197	989
			1198	988
			1199	988
			1200	988
			1201	988
			1202	988
			1203	988
			1204	987
			1205	987
			1206	987
			1207	987
			1208	987
			1209	987
			1210	986
			1211	986
			1212	986
			1213	986
			1214	986
			1215	986
			1216	985
			1217	985
			1218	985
			1219	985
			1220	985
			1221	985
			1222	985
			1223	985
			1224	984
			1225	984
			1226	984
			1227	984
			1228	984
			1229	984
			1230	984
			1231	984
			1232	983
			1233	983
			1234	983
			1235	983
			1236	983
			1237	983
			1238	983
			1239	983
			1240	983
			1241	983
			1242	983
			1243	983
			1244	983
			1245	983
			1246	983
			1247	983
			1248	983
			1249	983
			1250	983
			1251	983
			1252	983
			1253	983
			1254	983
			1255	983
			1256	983
			1257	983
			1258	983
			1259	983
			1260	983
			1261	983
			1262	983
			1263	984
			1264	984
			1265	984
			1266	984
			1267	984
			1268	984
			1268	985
			1269	985
			1270	985
			1271	985
			1271	986
			1272	986
			1273	986
			1274	987
			1275	987
			1276	988
			1277	989
			1278	989
			1279	990
			1280	991
			1280	992
			1281	993
			1281	994
			1282	995
			1282	996
			1282	997
			1281	998
			1281	999
			1281	1000
			1281	1001
			1281	1002
			1281	1003
			1281	1004
			1281	1005
			1281	1006
			1282	1007
			1282	1008
			1283	1009
			1284	1010
			1285	1011
			1286	1011
			1287	1012
			1288	1012
			1289	1012
			1290	1012
			1291	1013
			1292	1013
			1293	1014
			1294	1014
			1295	1014
			1296	1015
			1297	1015
			1298	1016
			1299	1016
			1300	1016
			1301	1017
			1302	1017
			1303	1018
			1304	1018
			1305	1019
			1306	1019
			1307	1019
			1308	1020
			1309	1020
			1310	1020
			1310	1021
			1311	1021
			1312	1021
			1313	1022
			1314	1022
			1315	1022
			1315	1023
			1316	1023
			1317	1023
			1318	1024
			1319	1024
			1320	1024
			1321	1025
			1322	1025
			1323	1025
			1324	1026
			1325	1026
			1326	1027
			1327	1027
			1328	1027
			1329	1028
			1330	1028
			1331	1028
			1331	1029
			1332	1029
			1333	1029
			1334	1030
			1335	1030
			1336	1030
			1337	1031
			1338	1031
			1339	1031
			1340	1032
			1341	1032
			1342	1032
			1343	1032
			1344	1032
			1345	1032
			1346	1033
			1347	1033
			1348	1033
			1349	1033
			1350	1033
			1351	1033
			1352	1033
			1353	1034
			1354	1034
			1355	1034
			1356	1034
			1357	1034
			1358	1034
			1358	1035
			1359	1035
			1360	1035
			1361	1035
			1362	1035
			1363	1036
			1364	1036
			1365	1036
			1366	1036
			1367	1037
			1368	1037
			1369	1037
			1370	1038
			1371	1038
			1372	1038
			1373	1039
			1374	1039
			1375	1039
			1376	1040
			1377	1040
			1378	1041
			1379	1041
			1380	1041
			1381	1042
			1382	1042
			1383	1043
			1384	1043
			1385	1044
			1386	1044
			1387	1045
			1388	1045
			1389	1046
			1390	1046
			1390	1047
			1391	1048
			1392	1048
			1393	1049
			1394	1049
			1394	1050
			1395	1051
			1396	1051
			1397	1052
			1398	1053
			1399	1054
			1400	1055
			1401	1056
			1402	1057
			1403	1057
			1404	1058
			1405	1059
			1406	1059
			1407	1060
			1408	1060
			1409	1061
			1410	1062
			1411	1062
			1412	1063
			1413	1064
			1414	1065
			1415	1065
			1416	1066
			1417	1067
			1418	1068
			1419	1068
			1420	1069
			1421	1070
			1422	1070
			1423	1071
			1424	1071
			1425	1072
			1426	1073
			1427	1073
			1428	1074
			1429	1074
			1430	1075
			1431	1075
			1432	1076
			1432	1077
			1433	1077
			1434	1078
			1435	1078
			1436	1079
			1437	1079
			1437	1080
			1438	1080
			1439	1081
			1440	1081
			1441	1082
			1442	1082
			1443	1083
			1444	1083
			1445	1084
			1446	1084
			1447	1084
			1448	1085
			1449	1086
			1450	1086
			1451	1087
			1452	1087
			1453	1088
			1454	1088
			1454	1089
			1455	1089
			1456	1090
			1457	1090
			1458	1091
			1459	1091
			1460	1092
			1461	1093
			1462	1093
			1463	1094
			1464	1094
			1465	1095
			1466	1096
			1467	1096
			1468	1097
			1469	1097
			1470	1098
			1471	1099
			1472	1099
			1473	1100
			1474	1101
			1475	1102
			1476	1102
		</c1>
		<c2 type=matrix rownames=FALSE colnames=FALSE nrow=613 ncol=2 as.numeric=TRUE >
			1476	1102
			1475	1102
			1474	1103
			1473	1103
			1472	1103
			1471	1103
			1470	1103
			1469	1103
			1468	1103
			1467	1103
			1466	1103
			1465	1103
			1464	1103
			1463	1103
			1462	1102
			1461	1102
			1460	1102
			1459	1102
			1458	1102
			1457	1101
			1456	1101
			1455	1101
			1454	1101
			1453	1100
			1452	1100
			1451	1100
			1450	1100
			1449	1100
			1448	1101
			1447	1101
			1446	1101
			1445	1101
			1444	1102
			1443	1102
			1442	1102
			1441	1102
			1440	1102
			1439	1102
			1438	1103
			1437	1103
			1436	1103
			1435	1103
			1434	1103
			1433	1103
			1432	1103
			1431	1103
			1430	1103
			1429	1103
			1428	1103
			1427	1103
			1426	1103
			1425	1103
			1424	1103
			1423	1102
			1422	1102
			1421	1102
			1420	1102
			1419	1102
			1418	1102
			1417	1101
			1416	1101
			1415	1101
			1414	1100
			1413	1100
			1412	1100
			1411	1101
			1410	1101
			1409	1101
			1408	1101
			1407	1102
			1406	1102
			1405	1102
			1404	1102
			1403	1103
			1402	1103
			1401	1103
			1400	1103
			1399	1103
			1398	1103
			1397	1103
			1396	1104
			1395	1104
			1394	1104
			1393	1104
			1392	1104
			1391	1104
			1390	1104
			1389	1104
			1388	1104
			1387	1104
			1386	1104
			1385	1104
			1384	1104
			1383	1104
			1382	1104
			1381	1104
			1380	1104
			1379	1104
			1378	1104
			1377	1104
			1376	1104
			1375	1104
			1374	1104
			1373	1104
			1372	1104
			1371	1103
			1370	1103
			1369	1103
			1368	1103
			1367	1103
			1366	1103
			1365	1103
			1364	1102
			1363	1102
			1362	1102
			1361	1102
			1360	1101
			1359	1101
			1358	1101
			1357	1101
			1356	1100
			1355	1100
			1354	1100
			1353	1100
			1352	1099
			1351	1099
			1350	1099
			1349	1098
			1348	1098
			1347	1098
			1346	1097
			1345	1097
			1344	1097
			1343	1097
			1342	1097
			1341	1097
			1340	1097
			1339	1097
			1338	1097
			1337	1097
			1336	1097
			1335	1097
			1334	1097
			1333	1097
			1332	1097
			1331	1098
			1330	1098
			1329	1098
			1328	1098
			1327	1098
			1326	1098
			1325	1098
			1324	1098
			1323	1098
			1322	1098
			1321	1098
			1320	1098
			1319	1098
			1318	1098
			1317	1098
			1316	1098
			1315	1098
			1314	1098
			1313	1098
			1312	1098
			1311	1098
			1310	1098
			1309	1098
			1308	1098
			1307	1098
			1306	1098
			1305	1098
			1304	1098
			1303	1099
			1302	1099
			1301	1099
			1300	1099
			1299	1099
			1298	1099
			1297	1099
			1296	1099
			1295	1099
			1294	1099
			1293	1099
			1292	1099
			1291	1099
			1290	1099
			1289	1099
			1288	1099
			1287	1099
			1286	1099
			1285	1099
			1284	1099
			1283	1099
			1282	1099
			1281	1099
			1280	1099
			1279	1099
			1278	1099
			1277	1099
			1276	1099
			1275	1099
			1274	1099
			1273	1099
			1272	1099
			1271	1099
			1270	1099
			1269	1099
			1268	1099
			1267	1100
			1266	1100
			1265	1100
			1264	1100
			1263	1100
			1262	1100
			1261	1100
			1260	1100
			1259	1100
			1258	1100
			1257	1100
			1256	1100
			1255	1100
			1254	1100
			1253	1100
			1252	1100
			1251	1100
			1250	1100
			1249	1100
			1248	1100
			1247	1100
			1246	1100
			1245	1100
			1244	1100
			1243	1100
			1242	1100
			1241	1101
			1240	1101
			1239	1101
			1238	1101
			1237	1101
			1236	1101
			1235	1102
			1234	1102
			1233	1102
			1232	1102
			1231	1102
			1230	1102
			1229	1102
			1228	1103
			1227	1103
			1226	1103
			1225	1103
			1224	1103
			1223	1103
			1222	1103
			1221	1103
			1220	1103
			1219	1103
			1218	1103
			1217	1103
			1216	1103
			1215	1104
			1214	1104
			1213	1104
			1212	1104
			1211	1104
			1210	1104
			1209	1104
			1208	1104
			1207	1103
			1206	1103
			1205	1103
			1204	1103
			1203	1103
			1202	1103
			1201	1103
			1200	1103
			1199	1103
			1198	1103
			1197	1103
			1196	1104
			1195	1104
			1194	1104
			1193	1104
			1192	1104
			1191	1104
			1190	1104
			1189	1104
			1188	1104
			1187	1104
			1186	1104
			1185	1104
			1184	1104
			1183	1104
			1182	1104
			1181	1104
			1180	1104
			1179	1104
			1178	1104
			1177	1104
			1176	1104
			1175	1104
			1174	1104
			1173	1104
			1172	1104
			1171	1104
			1170	1103
			1169	1103
			1168	1103
			1167	1103
			1166	1103
			1165	1103
			1164	1102
			1163	1102
			1162	1102
			1161	1102
			1160	1102
			1159	1101
			1158	1101
			1157	1101
			1156	1101
			1155	1100
			1154	1100
			1153	1100
			1152	1100
			1151	1099
			1150	1099
			1149	1098
			1148	1098
			1147	1097
			1146	1097
			1145	1097
			1144	1098
			1143	1098
			1142	1099
			1141	1099
			1140	1099
			1139	1100
			1138	1100
			1137	1100
			1136	1101
			1135	1101
			1134	1101
			1133	1101
			1132	1102
			1131	1102
			1130	1102
			1129	1102
			1128	1103
			1127	1103
			1126	1103
			1125	1103
			1124	1103
			1123	1103
			1122	1103
			1121	1103
			1120	1104
			1119	1104
			1118	1104
			1117	1104
			1116	1104
			1115	1104
			1114	1104
			1113	1104
			1112	1104
			1111	1104
			1110	1104
			1109	1104
			1108	1105
			1107	1105
			1106	1105
			1105	1105
			1104	1105
			1103	1105
			1102	1105
			1101	1105
			1100	1105
			1099	1105
			1098	1105
			1097	1105
			1096	1105
			1095	1105
			1094	1105
			1093	1105
			1092	1105
			1092	1104
			1091	1104
			1090	1104
			1089	1104
			1088	1104
			1087	1104
			1086	1104
			1085	1104
			1084	1104
			1083	1104
			1082	1104
			1081	1104
			1080	1104
			1079	1104
			1078	1104
			1077	1104
			1076	1103
			1075	1103
			1074	1103
			1073	1103
			1072	1103
			1071	1103
			1070	1103
			1069	1103
			1068	1103
			1067	1102
			1066	1102
			1065	1102
			1064	1102
			1063	1102
			1062	1102
			1061	1102
			1060	1102
			1059	1101
			1058	1101
			1057	1101
			1056	1101
			1055	1101
			1054	1101
			1053	1102
			1052	1102
			1051	1102
			1050	1102
			1049	1102
			1048	1103
			1047	1103
			1046	1103
			1045	1103
			1044	1103
			1043	1103
			1042	1104
			1041	1104
			1040	1104
			1039	1104
			1038	1104
			1037	1104
			1036	1104
			1035	1104
			1034	1105
			1033	1105
			1032	1105
			1031	1105
			1030	1105
			1029	1105
			1028	1105
			1027	1105
			1026	1105
			1025	1105
			1024	1105
			1023	1105
			1022	1105
			1021	1105
			1020	1105
			1019	1105
			1018	1105
			1017	1105
			1016	1105
			1015	1105
			1014	1105
			1013	1105
			1012	1105
			1011	1105
			1010	1105
			1009	1105
			1008	1105
			1007	1105
			1006	1105
			1005	1104
			1004	1104
			1003	1104
			1002	1104
			1001	1104
			1000	1104
			999	1104
			998	1104
			997	1104
			996	1104
			995	1104
			994	1104
			993	1104
			992	1104
			991	1104
			990	1104
			989	1104
			988	1104
			987	1104
			986	1104
			985	1104
			984	1104
			983	1104
			982	1103
			981	1103
			980	1103
			979	1103
			978	1103
			977	1103
			976	1102
			975	1102
			974	1102
			973	1102
			972	1101
			971	1101
			970	1101
			970	1100
			969	1100
			968	1100
			967	1099
			966	1099
			965	1099
			965	1098
			964	1098
			963	1097
			962	1097
			962	1096
			961	1096
			960	1096
			959	1097
			958	1097
			957	1097
			956	1098
			955	1098
			954	1098
			953	1098
			952	1099
			951	1099
			950	1099
			949	1099
			948	1099
			947	1100
			946	1100
			945	1100
			944	1100
			943	1100
			942	1100
			941	1101
			940	1101
			939	1101
			938	1101
			937	1101
			936	1101
			935	1101
			934	1101
			933	1101
			932	1101
			931	1101
			930	1101
			929	1101
			928	1101
			927	1101
			926	1101
			925	1100
			924	1100
			923	1100
			922	1100
			921	1100
			920	1100
			919	1099
			918	1099
			917	1099
			916	1099
			915	1098
			914	1098
			913	1098
			912	1097
			911	1097
			910	1096
			909	1096
			908	1096
			907	1095
			906	1095
			905	1095
			905	1094
			904	1094
			903	1094
			903	1093
			902	1093
			901	1092
			900	1092
			899	1091
			898	1091
			897	1091
			896	1091
			895	1092
			894	1092
			893	1092
			892	1092
			891	1092
			890	1092
			889	1092
			888	1092
			887	1092
			886	1092
			885	1091
			884	1091
			883	1091
			882	1091
			882	1090
			881	1090
			880	1090
			880	1089
			879	1089
			878	1088
			877	1087
			876	1086
			875	1085
			875	1084
			874	1083
			874	1082
		</c2>
	</curves.pixel>
	<curves.scaled type=list>
		<c1 type=matrix rownames=FALSE colnames=FALSE nrow=643 ncol=2 as.numeric=TRUE >
			31.3211356127902	-38.7751358501591
			31.3211356127902	-38.7392993105563
			31.2852990731875	-38.7392993105563
			31.2852990731875	-38.7034627709536
			31.2852990731875	-38.6676262313509
			31.2852990731875	-38.6317896917481
			31.3211356127902	-38.5959531521454
			31.3569721523929	-38.5601166125426
			31.3928086919957	-38.5601166125426
			31.4286452315984	-38.5242800729399
			31.4644817712012	-38.5242800729399
			31.5003183108039	-38.5242800729399
			31.5361548504066	-38.4884435333372
			31.5719913900094	-38.4884435333372
			31.6078279296121	-38.4884435333372
			31.6436644692148	-38.4526069937344
			31.6795010088176	-38.4526069937344
			31.7153375484203	-38.4526069937344
			31.751174088023	-38.4167704541317
			31.7870106276258	-38.4167704541317
			31.8228471672285	-38.4167704541317
			31.8586837068312	-38.4167704541317
			31.894520246434	-38.380933914529
			31.9303567860367	-38.380933914529
			31.9661933256394	-38.380933914529
			32.0020298652422	-38.380933914529
			32.0378664048449	-38.380933914529
			32.0737029444476	-38.3450973749262
			32.1095394840504	-38.3450973749262
			32.1453760236531	-38.3450973749262
			32.1812125632558	-38.3450973749262
			32.2170491028586	-38.3450973749262
			32.2528856424613	-38.3450973749262
			32.2887221820641	-38.3450973749262
			32.3245587216668	-38.3092608353235
			32.3603952612695	-38.3092608353235
			32.3962318008723	-38.3092608353235
			32.432068340475	-38.3092608353235
			32.4679048800777	-38.3092608353235
			32.5037414196805	-38.3092608353235
			32.5395779592832	-38.3092608353235
			32.5754144988859	-38.3092608353235
			32.6112510384887	-38.2734242957208
			32.6470875780914	-38.2734242957208
			32.6829241176941	-38.2734242957208
			32.7187606572969	-38.2734242957208
			32.7545971968996	-38.2734242957208
			32.7904337365023	-38.237587756118
			32.8262702761051	-38.237587756118
			32.8621068157078	-38.2017512165153
			32.8979433553105	-38.2017512165153
			32.9337798949133	-38.1659146769126
			32.969616434516	-38.1300781373098
			33.0054529741188	-38.1300781373098
			33.0412895137215	-38.0942415977071
			33.0771260533242	-38.0942415977071
			33.112962592927	-38.0584050581044
			33.1487991325297	-38.0225685185016
			33.1846356721324	-38.0225685185016
			33.2204722117352	-37.9867319788989
			33.2563087513379	-37.9867319788989
			33.2921452909406	-37.9508954392962
			33.3279818305434	-37.9508954392962
			33.3638183701461	-37.9150588996934
			33.3996549097488	-37.9150588996934
			33.4354914493516	-37.8792223600907
			33.4713279889543	-37.8792223600907
			33.507164528557	-37.8433858204879
			33.5430010681598	-37.8433858204879
			33.5788376077625	-37.8075492808852
			33.6146741473652	-37.7717127412825
			33.650510686968	-37.7717127412825
			33.6863472265707	-37.7717127412825
			33.6863472265707	-37.7358762016797
			33.7221837661734	-37.7358762016797
			33.7580203057762	-37.7358762016797
			33.7938568453789	-37.700039662077
			33.8296933849817	-37.700039662077
			33.8655299245844	-37.6642031224743
			33.9013664641871	-37.6642031224743
			33.9372030037899	-37.6283665828715
			33.9730395433926	-37.6283665828715
			34.0088760829953	-37.6283665828715
			34.0088760829953	-37.5925300432688
			34.0447126225981	-37.5925300432688
			34.0805491622008	-37.5566935036661
			34.1163857018035	-37.5566935036661
			34.1522222414063	-37.5566935036661
			34.188058781009	-37.5208569640633
			34.2238953206117	-37.5208569640633
			34.2597318602145	-37.4850204244606
			34.2955683998172	-37.4850204244606
			34.3314049394199	-37.4850204244606
			34.3672414790227	-37.4491838848579
			34.4030780186254	-37.4491838848579
			34.4389145582281	-37.4491838848579
			34.4747510978309	-37.4133473452551
			34.5105876374336	-37.4133473452551
			34.5464241770364	-37.4133473452551
			34.5822607166391	-37.3775108056524
			34.6180972562418	-37.3775108056524
			34.6539337958446	-37.3775108056524
			34.6897703354473	-37.3416742660497
			34.72560687505	-37.3416742660497
			34.7614434146528	-37.3416742660497
			34.7972799542555	-37.3058377264469
			34.8331164938582	-37.3058377264469
			34.868953033461	-37.3058377264469
			34.9047895730637	-37.3058377264469
			34.9406261126664	-37.2700011868442
			34.9764626522692	-37.2700011868442
			35.0122991918719	-37.2700011868442
			35.0481357314746	-37.2341646472415
			35.0839722710774	-37.2341646472415
			35.1198088106801	-37.2341646472415
			35.1556453502828	-37.2341646472415
			35.1914818898856	-37.2341646472415
			35.1914818898856	-37.1983281076387
			35.2273184294883	-37.1983281076387
			35.263154969091	-37.1983281076387
			35.2989915086938	-37.1983281076387
			35.3348280482965	-37.1983281076387
			35.3706645878992	-37.162491568036
			35.406501127502	-37.162491568036
			35.4423376671047	-37.162491568036
			35.4781742067075	-37.162491568036
			35.5140107463102	-37.162491568036
			35.5498472859129	-37.1266550284333
			35.5856838255157	-37.1266550284333
			35.6215203651184	-37.1266550284333
			35.6573569047211	-37.1266550284333
			35.6931934443239	-37.1266550284333
			35.7290299839266	-37.1266550284333
			35.7648665235293	-37.1266550284333
			35.8007030631321	-37.1266550284333
			35.8365396027348	-37.0908184888305
			35.8723761423375	-37.0908184888305
			35.9082126819403	-37.0908184888305
			35.944049221543	-37.0908184888305
			35.9798857611457	-37.0908184888305
			36.0157223007485	-37.0908184888305
			36.0515588403512	-37.0908184888305
			36.0873953799539	-37.0908184888305
			36.1232319195567	-37.0908184888305
			36.1590684591594	-37.0908184888305
			36.1949049987621	-37.0908184888305
			36.2307415383649	-37.0908184888305
			36.2665780779676	-37.0908184888305
			36.3024146175703	-37.0549819492278
			36.3382511571731	-37.0549819492278
			36.3740876967758	-37.0549819492278
			36.4099242363786	-37.0549819492278
			36.4457607759813	-37.0549819492278
			36.481597315584	-37.0549819492278
			36.5174338551868	-37.0549819492278
			36.5532703947895	-37.0549819492278
			36.5891069343922	-37.0549819492278
			36.624943473995	-37.0908184888305
			36.6607800135977	-37.0908184888305
			36.6966165532004	-37.0908184888305
			36.7324530928032	-37.0908184888305
			36.7682896324059	-37.0908184888305
			36.8041261720086	-37.0908184888305
			36.8399627116114	-37.0908184888305
			36.8757992512141	-37.0908184888305
			36.9116357908168	-37.0908184888305
			36.9474723304196	-37.0908184888305
			36.9833088700223	-37.0908184888305
			37.019145409625	-37.0549819492278
			37.0549819492278	-37.0549819492278
			37.0908184888305	-37.0549819492278
			37.1266550284333	-37.0549819492278
			37.162491568036	-37.019145409625
			37.1983281076387	-37.019145409625
			37.2341646472415	-37.019145409625
			37.2700011868442	-37.019145409625
			37.3058377264469	-36.9833088700223
			37.3416742660497	-36.9833088700223
			37.3775108056524	-36.9833088700223
			37.4133473452551	-36.9833088700223
			37.4491838848579	-36.9474723304196
			37.4850204244606	-36.9474723304196
			37.5208569640633	-36.9474723304196
			37.5566935036661	-36.9474723304196
			37.5925300432688	-36.9116357908168
			37.6283665828715	-36.9116357908168
			37.6642031224743	-36.9116357908168
			37.700039662077	-36.9116357908168
			37.7358762016797	-36.8757992512141
			37.7717127412825	-36.8757992512141
			37.8075492808852	-36.8757992512141
			37.8433858204879	-36.8757992512141
			37.8792223600907	-36.8399627116114
			37.9150588996934	-36.8399627116114
			37.9508954392962	-36.8399627116114
			37.9867319788989	-36.8399627116114
			38.0225685185016	-36.8399627116114
			38.0584050581044	-36.8041261720086
			38.0942415977071	-36.8041261720086
			38.1300781373098	-36.8041261720086
			38.1659146769126	-36.7682896324059
			38.2017512165153	-36.7682896324059
			38.237587756118	-36.7682896324059
			38.2734242957208	-36.7682896324059
			38.3092608353235	-36.7682896324059
			38.3450973749262	-36.7324530928032
			38.380933914529	-36.7324530928032
			38.4167704541317	-36.7324530928032
			38.4526069937344	-36.7324530928032
			38.4526069937344	-36.6966165532004
			38.4884435333372	-36.6966165532004
			38.5242800729399	-36.6966165532004
			38.5601166125426	-36.6966165532004
			38.5959531521454	-36.6966165532004
			38.5959531521454	-36.6607800135977
			38.6317896917481	-36.6607800135977
			38.6676262313509	-36.6607800135977
			38.7034627709536	-36.6607800135977
			38.7392993105563	-36.6607800135977
			38.7751358501591	-36.624943473995
			38.8109723897618	-36.624943473995
			38.8468089293645	-36.624943473995
			38.8826454689673	-36.624943473995
			38.91848200857	-36.5891069343922
			38.9543185481727	-36.5891069343922
			38.9901550877755	-36.5891069343922
			39.0259916273782	-36.5532703947895
			39.0618281669809	-36.5532703947895
			39.0976647065837	-36.5532703947895
			39.1335012461864	-36.5532703947895
			39.1693377857891	-36.5532703947895
			39.1693377857891	-36.5174338551868
			39.2051743253919	-36.5174338551868
			39.2410108649946	-36.5174338551868
			39.2768474045973	-36.5174338551868
			39.3126839442001	-36.5174338551868
			39.3485204838028	-36.481597315584
			39.3843570234055	-36.481597315584
			39.4201935630083	-36.481597315584
			39.456030102611	-36.481597315584
			39.4918666422138	-36.4457607759813
			39.5277031818165	-36.4457607759813
			39.5635397214192	-36.4457607759813
			39.599376261022	-36.4457607759813
			39.6352128006247	-36.4099242363786
			39.6710493402274	-36.4099242363786
			39.7068858798302	-36.4099242363786
			39.7427224194329	-36.4099242363786
			39.7785589590356	-36.3740876967758
			39.8143954986384	-36.3740876967758
			39.8502320382411	-36.3740876967758
			39.8860685778438	-36.3740876967758
			39.9219051174466	-36.3382511571731
			39.9577416570493	-36.3382511571731
			39.993578196652	-36.3382511571731
			40.0294147362548	-36.3382511571731
			40.0652512758575	-36.3024146175703
			40.1010878154602	-36.3024146175703
			40.136924355063	-36.3024146175703
			40.1727608946657	-36.2665780779676
			40.2085974342684	-36.2665780779676
			40.2444339738712	-36.2665780779676
			40.2802705134739	-36.2665780779676
			40.3161070530766	-36.2307415383649
			40.3519435926794	-36.2307415383649
			40.3877801322821	-36.2307415383649
			40.4236166718849	-36.2307415383649
			40.4594532114876	-36.1949049987621
			40.4952897510903	-36.1949049987621
			40.5311262906931	-36.1949049987621
			40.5669628302958	-36.1949049987621
			40.6027993698985	-36.1590684591594
			40.6386359095013	-36.1590684591594
			40.674472449104	-36.1232319195567
			40.7103089887067	-36.1232319195567
			40.7461455283095	-36.1232319195567
			40.7819820679122	-36.0873953799539
			40.8178186075149	-36.0873953799539
			40.8536551471177	-36.0515588403512
			40.8894916867204	-36.0515588403512
			40.9253282263231	-36.0515588403512
			40.9611647659259	-36.0157223007485
			40.9970013055286	-36.0157223007485
			41.0328378451313	-36.0157223007485
			41.0686743847341	-35.9798857611457
			41.1045109243368	-35.9798857611457
			41.1045109243368	-35.944049221543
			41.1403474639395	-35.944049221543
			41.1761840035423	-35.944049221543
			41.212020543145	-35.9082126819403
			41.2478570827478	-35.9082126819403
			41.2836936223505	-35.9082126819403
			41.3195301619532	-35.8723761423375
			41.355366701556	-35.8723761423375
			41.3912032411587	-35.8723761423375
			41.4270397807614	-35.8365396027348
			41.4628763203642	-35.8365396027348
			41.4987128599669	-35.8365396027348
			41.5345493995696	-35.8007030631321
			41.5703859391724	-35.8007030631321
			41.6062224787751	-35.8007030631321
			41.6062224787751	-35.7648665235293
			41.6420590183778	-35.7648665235293
			41.6778955579806	-35.7648665235293
			41.7137320975833	-35.7648665235293
			41.749568637186	-35.7290299839266
			41.7854051767888	-35.7290299839266
			41.8212417163915	-35.7290299839266
			41.8570782559942	-35.6931934443239
			41.892914795597	-35.6931934443239
			41.9287513351997	-35.6931934443239
			41.9645878748025	-35.6573569047211
			42.0004244144052	-35.6573569047211
			42.0362609540079	-35.6573569047211
			42.0720974936107	-35.6215203651184
			42.1079340332134	-35.6215203651184
			42.1437705728161	-35.6215203651184
			42.1796071124189	-35.6215203651184
			42.2154436520216	-35.5856838255157
			42.2512801916243	-35.5856838255157
			42.2871167312271	-35.5856838255157
			42.3229532708298	-35.5498472859129
			42.3587898104325	-35.5498472859129
			42.3946263500353	-35.5498472859129
			42.430462889638	-35.5498472859129
			42.4662994292407	-35.5140107463102
			42.5021359688435	-35.5140107463102
			42.5379725084462	-35.5140107463102
			42.5738090480489	-35.5140107463102
			42.6096455876517	-35.4781742067075
			42.6454821272544	-35.4781742067075
			42.6813186668571	-35.4781742067075
			42.7171552064599	-35.4781742067075
			42.7529917460626	-35.4423376671047
			42.7888282856654	-35.4423376671047
			42.8246648252681	-35.4423376671047
			42.8605013648708	-35.4423376671047
			42.8963379044736	-35.4423376671047
			42.9321744440763	-35.406501127502
			42.968010983679	-35.406501127502
			43.0038475232818	-35.406501127502
			43.0396840628845	-35.406501127502
			43.0755206024872	-35.406501127502
			43.11135714209	-35.406501127502
			43.1471936816927	-35.3706645878992
			43.1830302212954	-35.3706645878992
			43.2188667608982	-35.3706645878992
			43.2547033005009	-35.3706645878992
			43.2905398401036	-35.3706645878992
			43.3263763797064	-35.3706645878992
			43.3622129193091	-35.3348280482965
			43.3980494589118	-35.3348280482965
			43.4338859985146	-35.3348280482965
			43.4697225381173	-35.3348280482965
			43.5055590777201	-35.3348280482965
			43.5413956173228	-35.3348280482965
			43.5772321569255	-35.2989915086938
			43.6130686965283	-35.2989915086938
			43.648905236131	-35.2989915086938
			43.6847417757337	-35.2989915086938
			43.7205783153365	-35.2989915086938
			43.7564148549392	-35.2989915086938
			43.7922513945419	-35.2989915086938
			43.8280879341447	-35.2989915086938
			43.8639244737474	-35.263154969091
			43.8997610133501	-35.263154969091
			43.9355975529529	-35.263154969091
			43.9714340925556	-35.263154969091
			44.0072706321583	-35.263154969091
			44.0431071717611	-35.263154969091
			44.0789437113638	-35.263154969091
			44.1147802509665	-35.263154969091
			44.1506167905693	-35.2273184294883
			44.186453330172	-35.2273184294883
			44.2222898697747	-35.2273184294883
			44.2581264093775	-35.2273184294883
			44.2939629489802	-35.2273184294883
			44.3297994885829	-35.2273184294883
			44.3656360281857	-35.2273184294883
			44.4014725677884	-35.2273184294883
			44.4373091073912	-35.2273184294883
			44.4731456469939	-35.2273184294883
			44.5089821865966	-35.2273184294883
			44.5448187261994	-35.2273184294883
			44.5806552658021	-35.2273184294883
			44.6164918054048	-35.2273184294883
			44.6523283450076	-35.2273184294883
			44.6881648846103	-35.2273184294883
			44.724001424213	-35.2273184294883
			44.7598379638158	-35.2273184294883
			44.7956745034185	-35.2273184294883
			44.8315110430212	-35.2273184294883
			44.867347582624	-35.2273184294883
			44.9031841222267	-35.2273184294883
			44.9390206618294	-35.2273184294883
			44.9748572014322	-35.2273184294883
			45.0106937410349	-35.2273184294883
			45.0465302806376	-35.2273184294883
			45.0823668202404	-35.2273184294883
			45.1182033598431	-35.2273184294883
			45.1540398994458	-35.2273184294883
			45.1898764390486	-35.2273184294883
			45.2257129786513	-35.2273184294883
			45.261549518254	-35.263154969091
			45.2973860578568	-35.263154969091
			45.3332225974595	-35.263154969091
			45.3690591370623	-35.263154969091
			45.404895676665	-35.263154969091
			45.4407322162677	-35.263154969091
			45.4407322162677	-35.2989915086938
			45.4765687558705	-35.2989915086938
			45.5124052954732	-35.2989915086938
			45.5482418350759	-35.2989915086938
			45.5482418350759	-35.3348280482965
			45.5840783746787	-35.3348280482965
			45.6199149142814	-35.3348280482965
			45.6557514538841	-35.3706645878992
			45.6915879934869	-35.3706645878992
			45.7274245330896	-35.406501127502
			45.7632610726923	-35.4423376671047
			45.7990976122951	-35.4423376671047
			45.8349341518978	-35.4781742067075
			45.8707706915005	-35.5140107463102
			45.8707706915005	-35.5498472859129
			45.9066072311033	-35.5856838255157
			45.9066072311033	-35.6215203651184
			45.942443770706	-35.6573569047211
			45.942443770706	-35.6931934443239
			45.942443770706	-35.7290299839266
			45.9066072311033	-35.7648665235293
			45.9066072311033	-35.8007030631321
			45.9066072311033	-35.8365396027348
			45.9066072311033	-35.8723761423375
			45.9066072311033	-35.9082126819403
			45.9066072311033	-35.944049221543
			45.9066072311033	-35.9798857611457
			45.9066072311033	-36.0157223007485
			45.9066072311033	-36.0515588403512
			45.942443770706	-36.0873953799539
			45.942443770706	-36.1232319195567
			45.9782803103087	-36.1590684591594
			46.0141168499115	-36.1949049987621
			46.0499533895142	-36.2307415383649
			46.085789929117	-36.2307415383649
			46.1216264687197	-36.2665780779676
			46.1574630083224	-36.2665780779676
			46.1932995479252	-36.2665780779676
			46.2291360875279	-36.2665780779676
			46.2649726271306	-36.3024146175703
			46.3008091667334	-36.3024146175703
			46.3366457063361	-36.3382511571731
			46.3724822459388	-36.3382511571731
			46.4083187855416	-36.3382511571731
			46.4441553251443	-36.3740876967758
			46.479991864747	-36.3740876967758
			46.5158284043498	-36.4099242363786
			46.5516649439525	-36.4099242363786
			46.5875014835552	-36.4099242363786
			46.623338023158	-36.4457607759813
			46.6591745627607	-36.4457607759813
			46.6950111023634	-36.481597315584
			46.7308476419662	-36.481597315584
			46.7666841815689	-36.5174338551868
			46.8025207211716	-36.5174338551868
			46.8383572607744	-36.5174338551868
			46.8741938003771	-36.5532703947895
			46.9100303399799	-36.5532703947895
			46.9458668795826	-36.5532703947895
			46.9458668795826	-36.5891069343922
			46.9817034191853	-36.5891069343922
			47.0175399587881	-36.5891069343922
			47.0533764983908	-36.624943473995
			47.0892130379935	-36.624943473995
			47.1250495775963	-36.624943473995
			47.1250495775963	-36.6607800135977
			47.160886117199	-36.6607800135977
			47.1967226568017	-36.6607800135977
			47.2325591964045	-36.6966165532004
			47.2683957360072	-36.6966165532004
			47.3042322756099	-36.6966165532004
			47.3400688152127	-36.7324530928032
			47.3759053548154	-36.7324530928032
			47.4117418944181	-36.7324530928032
			47.4475784340209	-36.7682896324059
			47.4834149736236	-36.7682896324059
			47.5192515132263	-36.8041261720086
			47.5550880528291	-36.8041261720086
			47.5909245924318	-36.8041261720086
			47.6267611320346	-36.8399627116114
			47.6625976716373	-36.8399627116114
			47.69843421124	-36.8399627116114
			47.69843421124	-36.8757992512141
			47.7342707508428	-36.8757992512141
			47.7701072904455	-36.8757992512141
			47.8059438300482	-36.9116357908168
			47.841780369651	-36.9116357908168
			47.8776169092537	-36.9116357908168
			47.9134534488564	-36.9474723304196
			47.9492899884592	-36.9474723304196
			47.9851265280619	-36.9474723304196
			48.0209630676646	-36.9833088700223
			48.0567996072674	-36.9833088700223
			48.0926361468701	-36.9833088700223
			48.1284726864728	-36.9833088700223
			48.1643092260756	-36.9833088700223
			48.2001457656783	-36.9833088700223
			48.235982305281	-37.019145409625
			48.2718188448838	-37.019145409625
			48.3076553844865	-37.019145409625
			48.3434919240892	-37.019145409625
			48.379328463692	-37.019145409625
			48.4151650032947	-37.019145409625
			48.4510015428975	-37.019145409625
			48.4868380825002	-37.0549819492278
			48.5226746221029	-37.0549819492278
			48.5585111617057	-37.0549819492278
			48.5943477013084	-37.0549819492278
			48.6301842409111	-37.0549819492278
			48.6660207805139	-37.0549819492278
			48.6660207805139	-37.0908184888305
			48.7018573201166	-37.0908184888305
			48.7376938597193	-37.0908184888305
			48.7735303993221	-37.0908184888305
			48.8093669389248	-37.0908184888305
			48.8452034785275	-37.1266550284333
			48.8810400181303	-37.1266550284333
			48.916876557733	-37.1266550284333
			48.9527130973357	-37.1266550284333
			48.9885496369385	-37.162491568036
			49.0243861765412	-37.162491568036
			49.0602227161439	-37.162491568036
			49.0960592557467	-37.1983281076387
			49.1318957953494	-37.1983281076387
			49.1677323349521	-37.1983281076387
			49.2035688745549	-37.2341646472415
			49.2394054141576	-37.2341646472415
			49.2752419537604	-37.2341646472415
			49.3110784933631	-37.2700011868442
			49.3469150329658	-37.2700011868442
			49.3827515725686	-37.3058377264469
			49.4185881121713	-37.3058377264469
			49.454424651774	-37.3058377264469
			49.4902611913768	-37.3416742660497
			49.5260977309795	-37.3416742660497
			49.5619342705822	-37.3775108056524
			49.597770810185	-37.3775108056524
			49.6336073497877	-37.4133473452551
			49.6694438893904	-37.4133473452551
			49.7052804289932	-37.4491838848579
			49.7411169685959	-37.4491838848579
			49.7769535081986	-37.4850204244606
			49.8127900478014	-37.4850204244606
			49.8127900478014	-37.5208569640633
			49.8486265874041	-37.5566935036661
			49.8844631270068	-37.5566935036661
			49.9202996666096	-37.5925300432688
			49.9561362062123	-37.5925300432688
			49.9561362062123	-37.6283665828715
			49.991972745815	-37.6642031224743
			50.0278092854178	-37.6642031224743
			50.0636458250205	-37.700039662077
			50.0994823646232	-37.7358762016797
			50.135318904226	-37.7717127412825
			50.1711554438287	-37.8075492808852
			50.2069919834315	-37.8433858204879
			50.2428285230342	-37.8792223600907
			50.2786650626369	-37.8792223600907
			50.3145016022397	-37.9150588996934
			50.3503381418424	-37.9508954392962
			50.3861746814451	-37.9508954392962
			50.4220112210479	-37.9867319788989
			50.4578477606506	-37.9867319788989
			50.4936843002533	-38.0225685185016
			50.5295208398561	-38.0584050581044
			50.5653573794588	-38.0584050581044
			50.6011939190615	-38.0942415977071
			50.6370304586643	-38.1300781373098
			50.672866998267	-38.1659146769126
			50.7087035378697	-38.1659146769126
			50.7445400774725	-38.2017512165153
			50.7803766170752	-38.237587756118
			50.8162131566779	-38.2734242957208
			50.8520496962807	-38.2734242957208
			50.8878862358834	-38.3092608353235
			50.9237227754861	-38.3450973749262
			50.9595593150889	-38.3450973749262
			50.9953958546916	-38.380933914529
			51.0312323942944	-38.380933914529
			51.0670689338971	-38.4167704541317
			51.1029054734998	-38.4526069937344
			51.1387420131026	-38.4526069937344
			51.1745785527053	-38.4884435333372
			51.210415092308	-38.4884435333372
			51.2462516319108	-38.5242800729399
			51.2820881715135	-38.5242800729399
			51.3179247111162	-38.5601166125426
			51.3179247111162	-38.5959531521454
			51.353761250719	-38.5959531521454
			51.3895977903217	-38.6317896917481
			51.4254343299244	-38.6317896917481
			51.4612708695272	-38.6676262313509
			51.4971074091299	-38.6676262313509
			51.4971074091299	-38.7034627709536
			51.5329439487326	-38.7034627709536
			51.5687804883354	-38.7392993105563
			51.6046170279381	-38.7392993105563
			51.6404535675408	-38.7751358501591
			51.6762901071436	-38.7751358501591
			51.7121266467463	-38.8109723897618
			51.7479631863491	-38.8109723897618
			51.7837997259518	-38.8468089293645
			51.8196362655545	-38.8468089293645
			51.8554728051573	-38.8468089293645
			51.89130934476	-38.8826454689673
			51.9271458843627	-38.91848200857
			51.9629824239655	-38.91848200857
			51.9988189635682	-38.9543185481727
			52.0346555031709	-38.9543185481727
			52.0704920427737	-38.9901550877755
			52.1063285823764	-38.9901550877755
			52.1063285823764	-39.0259916273782
			52.1421651219791	-39.0259916273782
			52.1780016615819	-39.0618281669809
			52.2138382011846	-39.0618281669809
			52.2496747407873	-39.0976647065837
			52.2855112803901	-39.0976647065837
			52.3213478199928	-39.1335012461864
			52.3571843595955	-39.1693377857891
			52.3930208991983	-39.1693377857891
			52.428857438801	-39.2051743253919
			52.4646939784037	-39.2051743253919
			52.5005305180065	-39.2410108649946
			52.5363670576092	-39.2768474045973
			52.572203597212	-39.2768474045973
			52.6080401368147	-39.3126839442001
			52.6438766764174	-39.3126839442001
			52.6797132160202	-39.3485204838028
			52.7155497556229	-39.3843570234055
			52.7513862952256	-39.3843570234055
			52.7872228348284	-39.4201935630083
			52.8230593744311	-39.456030102611
			52.8588959140338	-39.4918666422138
			52.8947324536366	-39.4918666422138
		</c1>
		<c2 type=matrix rownames=FALSE colnames=FALSE nrow=613 ncol=2 as.numeric=TRUE >
			52.8947324536366	-39.4918666422138
			52.8588959140338	-39.4918666422138
			52.8230593744311	-39.5277031818165
			52.7872228348284	-39.5277031818165
			52.7513862952256	-39.5277031818165
			52.7155497556229	-39.5277031818165
			52.6797132160202	-39.5277031818165
			52.6438766764174	-39.5277031818165
			52.6080401368147	-39.5277031818165
			52.572203597212	-39.5277031818165
			52.5363670576092	-39.5277031818165
			52.5005305180065	-39.5277031818165
			52.4646939784037	-39.5277031818165
			52.428857438801	-39.5277031818165
			52.3930208991983	-39.4918666422138
			52.3571843595955	-39.4918666422138
			52.3213478199928	-39.4918666422138
			52.2855112803901	-39.4918666422138
			52.2496747407873	-39.4918666422138
			52.2138382011846	-39.456030102611
			52.1780016615819	-39.456030102611
			52.1421651219791	-39.456030102611
			52.1063285823764	-39.456030102611
			52.0704920427737	-39.4201935630083
			52.0346555031709	-39.4201935630083
			51.9988189635682	-39.4201935630083
			51.9629824239655	-39.4201935630083
			51.9271458843627	-39.4201935630083
			51.89130934476	-39.456030102611
			51.8554728051573	-39.456030102611
			51.8196362655545	-39.456030102611
			51.7837997259518	-39.456030102611
			51.7479631863491	-39.4918666422138
			51.7121266467463	-39.4918666422138
			51.6762901071436	-39.4918666422138
			51.6404535675408	-39.4918666422138
			51.6046170279381	-39.4918666422138
			51.5687804883354	-39.4918666422138
			51.5329439487326	-39.5277031818165
			51.4971074091299	-39.5277031818165
			51.4612708695272	-39.5277031818165
			51.4254343299244	-39.5277031818165
			51.3895977903217	-39.5277031818165
			51.353761250719	-39.5277031818165
			51.3179247111162	-39.5277031818165
			51.2820881715135	-39.5277031818165
			51.2462516319108	-39.5277031818165
			51.210415092308	-39.5277031818165
			51.1745785527053	-39.5277031818165
			51.1387420131026	-39.5277031818165
			51.1029054734998	-39.5277031818165
			51.0670689338971	-39.5277031818165
			51.0312323942944	-39.5277031818165
			50.9953958546916	-39.4918666422138
			50.9595593150889	-39.4918666422138
			50.9237227754861	-39.4918666422138
			50.8878862358834	-39.4918666422138
			50.8520496962807	-39.4918666422138
			50.8162131566779	-39.4918666422138
			50.7803766170752	-39.456030102611
			50.7445400774725	-39.456030102611
			50.7087035378697	-39.456030102611
			50.672866998267	-39.4201935630083
			50.6370304586643	-39.4201935630083
			50.6011939190615	-39.4201935630083
			50.5653573794588	-39.456030102611
			50.5295208398561	-39.456030102611
			50.4936843002533	-39.456030102611
			50.4578477606506	-39.456030102611
			50.4220112210479	-39.4918666422138
			50.3861746814451	-39.4918666422138
			50.3503381418424	-39.4918666422138
			50.3145016022397	-39.4918666422138
			50.2786650626369	-39.5277031818165
			50.2428285230342	-39.5277031818165
			50.2069919834315	-39.5277031818165
			50.1711554438287	-39.5277031818165
			50.135318904226	-39.5277031818165
			50.0994823646232	-39.5277031818165
			50.0636458250205	-39.5277031818165
			50.0278092854178	-39.5635397214192
			49.991972745815	-39.5635397214192
			49.9561362062123	-39.5635397214192
			49.9202996666096	-39.5635397214192
			49.8844631270068	-39.5635397214192
			49.8486265874041	-39.5635397214192
			49.8127900478014	-39.5635397214192
			49.7769535081986	-39.5635397214192
			49.7411169685959	-39.5635397214192
			49.7052804289932	-39.5635397214192
			49.6694438893904	-39.5635397214192
			49.6336073497877	-39.5635397214192
			49.597770810185	-39.5635397214192
			49.5619342705822	-39.5635397214192
			49.5260977309795	-39.5635397214192
			49.4902611913768	-39.5635397214192
			49.454424651774	-39.5635397214192
			49.4185881121713	-39.5635397214192
			49.3827515725686	-39.5635397214192
			49.3469150329658	-39.5635397214192
			49.3110784933631	-39.5635397214192
			49.2752419537604	-39.5635397214192
			49.2394054141576	-39.5635397214192
			49.2035688745549	-39.5635397214192
			49.1677323349521	-39.5635397214192
			49.1318957953494	-39.5277031818165
			49.0960592557467	-39.5277031818165
			49.0602227161439	-39.5277031818165
			49.0243861765412	-39.5277031818165
			48.9885496369385	-39.5277031818165
			48.9527130973357	-39.5277031818165
			48.916876557733	-39.5277031818165
			48.8810400181303	-39.4918666422138
			48.8452034785275	-39.4918666422138
			48.8093669389248	-39.4918666422138
			48.7735303993221	-39.4918666422138
			48.7376938597193	-39.456030102611
			48.7018573201166	-39.456030102611
			48.6660207805139	-39.456030102611
			48.6301842409111	-39.456030102611
			48.5943477013084	-39.4201935630083
			48.5585111617057	-39.4201935630083
			48.5226746221029	-39.4201935630083
			48.4868380825002	-39.4201935630083
			48.4510015428975	-39.3843570234055
			48.4151650032947	-39.3843570234055
			48.379328463692	-39.3843570234055
			48.3434919240892	-39.3485204838028
			48.3076553844865	-39.3485204838028
			48.2718188448838	-39.3485204838028
			48.235982305281	-39.3126839442001
			48.2001457656783	-39.3126839442001
			48.1643092260756	-39.3126839442001
			48.1284726864728	-39.3126839442001
			48.0926361468701	-39.3126839442001
			48.0567996072674	-39.3126839442001
			48.0209630676646	-39.3126839442001
			47.9851265280619	-39.3126839442001
			47.9492899884592	-39.3126839442001
			47.9134534488564	-39.3126839442001
			47.8776169092537	-39.3126839442001
			47.841780369651	-39.3126839442001
			47.8059438300482	-39.3126839442001
			47.7701072904455	-39.3126839442001
			47.7342707508428	-39.3126839442001
			47.69843421124	-39.3485204838028
			47.6625976716373	-39.3485204838028
			47.6267611320346	-39.3485204838028
			47.5909245924318	-39.3485204838028
			47.5550880528291	-39.3485204838028
			47.5192515132263	-39.3485204838028
			47.4834149736236	-39.3485204838028
			47.4475784340209	-39.3485204838028
			47.4117418944181	-39.3485204838028
			47.3759053548154	-39.3485204838028
			47.3400688152127	-39.3485204838028
			47.3042322756099	-39.3485204838028
			47.2683957360072	-39.3485204838028
			47.2325591964045	-39.3485204838028
			47.1967226568017	-39.3485204838028
			47.160886117199	-39.3485204838028
			47.1250495775963	-39.3485204838028
			47.0892130379935	-39.3485204838028
			47.0533764983908	-39.3485204838028
			47.0175399587881	-39.3485204838028
			46.9817034191853	-39.3485204838028
			46.9458668795826	-39.3485204838028
			46.9100303399799	-39.3485204838028
			46.8741938003771	-39.3485204838028
			46.8383572607744	-39.3485204838028
			46.8025207211716	-39.3485204838028
			46.7666841815689	-39.3485204838028
			46.7308476419662	-39.3485204838028
			46.6950111023634	-39.3843570234055
			46.6591745627607	-39.3843570234055
			46.623338023158	-39.3843570234055
			46.5875014835552	-39.3843570234055
			46.5516649439525	-39.3843570234055
			46.5158284043498	-39.3843570234055
			46.479991864747	-39.3843570234055
			46.4441553251443	-39.3843570234055
			46.4083187855416	-39.3843570234055
			46.3724822459388	-39.3843570234055
			46.3366457063361	-39.3843570234055
			46.3008091667334	-39.3843570234055
			46.2649726271306	-39.3843570234055
			46.2291360875279	-39.3843570234055
			46.1932995479252	-39.3843570234055
			46.1574630083224	-39.3843570234055
			46.1216264687197	-39.3843570234055
			46.085789929117	-39.3843570234055
			46.0499533895142	-39.3843570234055
			46.0141168499115	-39.3843570234055
			45.9782803103087	-39.3843570234055
			45.942443770706	-39.3843570234055
			45.9066072311033	-39.3843570234055
			45.8707706915005	-39.3843570234055
			45.8349341518978	-39.3843570234055
			45.7990976122951	-39.3843570234055
			45.7632610726923	-39.3843570234055
			45.7274245330896	-39.3843570234055
			45.6915879934869	-39.3843570234055
			45.6557514538841	-39.3843570234055
			45.6199149142814	-39.3843570234055
			45.5840783746787	-39.3843570234055
			45.5482418350759	-39.3843570234055
			45.5124052954732	-39.3843570234055
			45.4765687558705	-39.3843570234055
			45.4407322162677	-39.3843570234055
			45.404895676665	-39.4201935630083
			45.3690591370623	-39.4201935630083
			45.3332225974595	-39.4201935630083
			45.2973860578568	-39.4201935630083
			45.261549518254	-39.4201935630083
			45.2257129786513	-39.4201935630083
			45.1898764390486	-39.4201935630083
			45.1540398994458	-39.4201935630083
			45.1182033598431	-39.4201935630083
			45.0823668202404	-39.4201935630083
			45.0465302806376	-39.4201935630083
			45.0106937410349	-39.4201935630083
			44.9748572014322	-39.4201935630083
			44.9390206618294	-39.4201935630083
			44.9031841222267	-39.4201935630083
			44.867347582624	-39.4201935630083
			44.8315110430212	-39.4201935630083
			44.7956745034185	-39.4201935630083
			44.7598379638158	-39.4201935630083
			44.724001424213	-39.4201935630083
			44.6881648846103	-39.4201935630083
			44.6523283450076	-39.4201935630083
			44.6164918054048	-39.4201935630083
			44.5806552658021	-39.4201935630083
			44.5448187261994	-39.4201935630083
			44.5089821865966	-39.4201935630083
			44.4731456469939	-39.456030102611
			44.4373091073912	-39.456030102611
			44.4014725677884	-39.456030102611
			44.3656360281857	-39.456030102611
			44.3297994885829	-39.456030102611
			44.2939629489802	-39.456030102611
			44.2581264093775	-39.4918666422138
			44.2222898697747	-39.4918666422138
			44.186453330172	-39.4918666422138
			44.1506167905693	-39.4918666422138
			44.1147802509665	-39.4918666422138
			44.0789437113638	-39.4918666422138
			44.0431071717611	-39.4918666422138
			44.0072706321583	-39.5277031818165
			43.9714340925556	-39.5277031818165
			43.9355975529529	-39.5277031818165
			43.8997610133501	-39.5277031818165
			43.8639244737474	-39.5277031818165
			43.8280879341447	-39.5277031818165
			43.7922513945419	-39.5277031818165
			43.7564148549392	-39.5277031818165
			43.7205783153365	-39.5277031818165
			43.6847417757337	-39.5277031818165
			43.648905236131	-39.5277031818165
			43.6130686965283	-39.5277031818165
			43.5772321569255	-39.5277031818165
			43.5413956173228	-39.5635397214192
			43.5055590777201	-39.5635397214192
			43.4697225381173	-39.5635397214192
			43.4338859985146	-39.5635397214192
			43.3980494589118	-39.5635397214192
			43.3622129193091	-39.5635397214192
			43.3263763797064	-39.5635397214192
			43.2905398401036	-39.5635397214192
			43.2547033005009	-39.5277031818165
			43.2188667608982	-39.5277031818165
			43.1830302212954	-39.5277031818165
			43.1471936816927	-39.5277031818165
			43.11135714209	-39.5277031818165
			43.0755206024872	-39.5277031818165
			43.0396840628845	-39.5277031818165
			43.0038475232818	-39.5277031818165
			42.968010983679	-39.5277031818165
			42.9321744440763	-39.5277031818165
			42.8963379044736	-39.5277031818165
			42.8605013648708	-39.5635397214192
			42.8246648252681	-39.5635397214192
			42.7888282856654	-39.5635397214192
			42.7529917460626	-39.5635397214192
			42.7171552064599	-39.5635397214192
			42.6813186668571	-39.5635397214192
			42.6454821272544	-39.5635397214192
			42.6096455876517	-39.5635397214192
			42.5738090480489	-39.5635397214192
			42.5379725084462	-39.5635397214192
			42.5021359688435	-39.5635397214192
			42.4662994292407	-39.5635397214192
			42.430462889638	-39.5635397214192
			42.3946263500353	-39.5635397214192
			42.3587898104325	-39.5635397214192
			42.3229532708298	-39.5635397214192
			42.2871167312271	-39.5635397214192
			42.2512801916243	-39.5635397214192
			42.2154436520216	-39.5635397214192
			42.1796071124189	-39.5635397214192
			42.1437705728161	-39.5635397214192
			42.1079340332134	-39.5635397214192
			42.0720974936107	-39.5635397214192
			42.0362609540079	-39.5635397214192
			42.0004244144052	-39.5635397214192
			41.9645878748025	-39.5635397214192
			41.9287513351997	-39.5277031818165
			41.892914795597	-39.5277031818165
			41.8570782559942	-39.5277031818165
			41.8212417163915	-39.5277031818165
			41.7854051767888	-39.5277031818165
			41.749568637186	-39.5277031818165
			41.7137320975833	-39.4918666422138
			41.6778955579806	-39.4918666422138
			41.6420590183778	-39.4918666422138
			41.6062224787751	-39.4918666422138
			41.5703859391724	-39.4918666422138
			41.5345493995696	-39.456030102611
			41.4987128599669	-39.456030102611
			41.4628763203642	-39.456030102611
			41.4270397807614	-39.456030102611
			41.3912032411587	-39.4201935630083
			41.355366701556	-39.4201935630083
			41.3195301619532	-39.4201935630083
			41.2836936223505	-39.4201935630083
			41.2478570827478	-39.3843570234055
			41.212020543145	-39.3843570234055
			41.1761840035423	-39.3485204838028
			41.1403474639395	-39.3485204838028
			41.1045109243368	-39.3126839442001
			41.0686743847341	-39.3126839442001
			41.0328378451313	-39.3126839442001
			40.9970013055286	-39.3485204838028
			40.9611647659259	-39.3485204838028
			40.9253282263231	-39.3843570234055
			40.8894916867204	-39.3843570234055
			40.8536551471177	-39.3843570234055
			40.8178186075149	-39.4201935630083
			40.7819820679122	-39.4201935630083
			40.7461455283095	-39.4201935630083
			40.7103089887067	-39.456030102611
			40.674472449104	-39.456030102611
			40.6386359095013	-39.456030102611
			40.6027993698985	-39.456030102611
			40.5669628302958	-39.4918666422138
			40.5311262906931	-39.4918666422138
			40.4952897510903	-39.4918666422138
			40.4594532114876	-39.4918666422138
			40.4236166718849	-39.5277031818165
			40.3877801322821	-39.5277031818165
			40.3519435926794	-39.5277031818165
			40.3161070530766	-39.5277031818165
			40.2802705134739	-39.5277031818165
			40.2444339738712	-39.5277031818165
			40.2085974342684	-39.5277031818165
			40.1727608946657	-39.5277031818165
			40.136924355063	-39.5635397214192
			40.1010878154602	-39.5635397214192
			40.0652512758575	-39.5635397214192
			40.0294147362548	-39.5635397214192
			39.993578196652	-39.5635397214192
			39.9577416570493	-39.5635397214192
			39.9219051174466	-39.5635397214192
			39.8860685778438	-39.5635397214192
			39.8502320382411	-39.5635397214192
			39.8143954986384	-39.5635397214192
			39.7785589590356	-39.5635397214192
			39.7427224194329	-39.5635397214192
			39.7068858798302	-39.599376261022
			39.6710493402274	-39.599376261022
			39.6352128006247	-39.599376261022
			39.599376261022	-39.599376261022
			39.5635397214192	-39.599376261022
			39.5277031818165	-39.599376261022
			39.4918666422138	-39.599376261022
			39.456030102611	-39.599376261022
			39.4201935630083	-39.599376261022
			39.3843570234055	-39.599376261022
			39.3485204838028	-39.599376261022
			39.3126839442001	-39.599376261022
			39.2768474045973	-39.599376261022
			39.2410108649946	-39.599376261022
			39.2051743253919	-39.599376261022
			39.1693377857891	-39.599376261022
			39.1335012461864	-39.599376261022
			39.1335012461864	-39.5635397214192
			39.0976647065837	-39.5635397214192
			39.0618281669809	-39.5635397214192
			39.0259916273782	-39.5635397214192
			38.9901550877755	-39.5635397214192
			38.9543185481727	-39.5635397214192
			38.91848200857	-39.5635397214192
			38.8826454689673	-39.5635397214192
			38.8468089293645	-39.5635397214192
			38.8109723897618	-39.5635397214192
			38.7751358501591	-39.5635397214192
			38.7392993105563	-39.5635397214192
			38.7034627709536	-39.5635397214192
			38.6676262313509	-39.5635397214192
			38.6317896917481	-39.5635397214192
			38.5959531521454	-39.5635397214192
			38.5601166125426	-39.5277031818165
			38.5242800729399	-39.5277031818165
			38.4884435333372	-39.5277031818165
			38.4526069937344	-39.5277031818165
			38.4167704541317	-39.5277031818165
			38.380933914529	-39.5277031818165
			38.3450973749262	-39.5277031818165
			38.3092608353235	-39.5277031818165
			38.2734242957208	-39.5277031818165
			38.237587756118	-39.4918666422138
			38.2017512165153	-39.4918666422138
			38.1659146769126	-39.4918666422138
			38.1300781373098	-39.4918666422138
			38.0942415977071	-39.4918666422138
			38.0584050581044	-39.4918666422138
			38.0225685185016	-39.4918666422138
			37.9867319788989	-39.4918666422138
			37.9508954392962	-39.456030102611
			37.9150588996934	-39.456030102611
			37.8792223600907	-39.456030102611
			37.8433858204879	-39.456030102611
			37.8075492808852	-39.456030102611
			37.7717127412825	-39.456030102611
			37.7358762016797	-39.4918666422138
			37.700039662077	-39.4918666422138
			37.6642031224743	-39.4918666422138
			37.6283665828715	-39.4918666422138
			37.5925300432688	-39.4918666422138
			37.5566935036661	-39.5277031818165
			37.5208569640633	-39.5277031818165
			37.4850204244606	-39.5277031818165
			37.4491838848579	-39.5277031818165
			37.4133473452551	-39.5277031818165
			37.3775108056524	-39.5277031818165
			37.3416742660497	-39.5635397214192
			37.3058377264469	-39.5635397214192
			37.2700011868442	-39.5635397214192
			37.2341646472415	-39.5635397214192
			37.1983281076387	-39.5635397214192
			37.162491568036	-39.5635397214192
			37.1266550284333	-39.5635397214192
			37.0908184888305	-39.5635397214192
			37.0549819492278	-39.599376261022
			37.019145409625	-39.599376261022
			36.9833088700223	-39.599376261022
			36.9474723304196	-39.599376261022
			36.9116357908168	-39.599376261022
			36.8757992512141	-39.599376261022
			36.8399627116114	-39.599376261022
			36.8041261720086	-39.599376261022
			36.7682896324059	-39.599376261022
			36.7324530928032	-39.599376261022
			36.6966165532004	-39.599376261022
			36.6607800135977	-39.599376261022
			36.624943473995	-39.599376261022
			36.5891069343922	-39.599376261022
			36.5532703947895	-39.599376261022
			36.5174338551868	-39.599376261022
			36.481597315584	-39.599376261022
			36.4457607759813	-39.599376261022
			36.4099242363786	-39.599376261022
			36.3740876967758	-39.599376261022
			36.3382511571731	-39.599376261022
			36.3024146175703	-39.599376261022
			36.2665780779676	-39.599376261022
			36.2307415383649	-39.599376261022
			36.1949049987621	-39.599376261022
			36.1590684591594	-39.599376261022
			36.1232319195567	-39.599376261022
			36.0873953799539	-39.599376261022
			36.0515588403512	-39.599376261022
			36.0157223007485	-39.5635397214192
			35.9798857611457	-39.5635397214192
			35.944049221543	-39.5635397214192
			35.9082126819403	-39.5635397214192
			35.8723761423375	-39.5635397214192
			35.8365396027348	-39.5635397214192
			35.8007030631321	-39.5635397214192
			35.7648665235293	-39.5635397214192
			35.7290299839266	-39.5635397214192
			35.6931934443239	-39.5635397214192
			35.6573569047211	-39.5635397214192
			35.6215203651184	-39.5635397214192
			35.5856838255157	-39.5635397214192
			35.5498472859129	-39.5635397214192
			35.5140107463102	-39.5635397214192
			35.4781742067075	-39.5635397214192
			35.4423376671047	-39.5635397214192
			35.406501127502	-39.5635397214192
			35.3706645878992	-39.5635397214192
			35.3348280482965	-39.5635397214192
			35.2989915086938	-39.5635397214192
			35.263154969091	-39.5635397214192
			35.2273184294883	-39.5635397214192
			35.1914818898856	-39.5277031818165
			35.1556453502828	-39.5277031818165
			35.1198088106801	-39.5277031818165
			35.0839722710774	-39.5277031818165
			35.0481357314746	-39.5277031818165
			35.0122991918719	-39.5277031818165
			34.9764626522692	-39.4918666422138
			34.9406261126664	-39.4918666422138
			34.9047895730637	-39.4918666422138
			34.868953033461	-39.4918666422138
			34.8331164938582	-39.456030102611
			34.7972799542555	-39.456030102611
			34.7614434146528	-39.456030102611
			34.7614434146528	-39.4201935630083
			34.72560687505	-39.4201935630083
			34.6897703354473	-39.4201935630083
			34.6539337958446	-39.3843570234055
			34.6180972562418	-39.3843570234055
			34.5822607166391	-39.3843570234055
			34.5822607166391	-39.3485204838028
			34.5464241770364	-39.3485204838028
			34.5105876374336	-39.3126839442001
			34.4747510978309	-39.3126839442001
			34.4747510978309	-39.2768474045973
			34.4389145582281	-39.2768474045973
			34.4030780186254	-39.2768474045973
			34.3672414790227	-39.3126839442001
			34.3314049394199	-39.3126839442001
			34.2955683998172	-39.3126839442001
			34.2597318602145	-39.3485204838028
			34.2238953206117	-39.3485204838028
			34.188058781009	-39.3485204838028
			34.1522222414063	-39.3485204838028
			34.1163857018035	-39.3843570234055
			34.0805491622008	-39.3843570234055
			34.0447126225981	-39.3843570234055
			34.0088760829953	-39.3843570234055
			33.9730395433926	-39.3843570234055
			33.9372030037899	-39.4201935630083
			33.9013664641871	-39.4201935630083
			33.8655299245844	-39.4201935630083
			33.8296933849817	-39.4201935630083
			33.7938568453789	-39.4201935630083
			33.7580203057762	-39.4201935630083
			33.7221837661734	-39.456030102611
			33.6863472265707	-39.456030102611
			33.650510686968	-39.456030102611
			33.6146741473652	-39.456030102611
			33.5788376077625	-39.456030102611
			33.5430010681598	-39.456030102611
			33.507164528557	-39.456030102611
			33.4713279889543	-39.456030102611
			33.4354914493516	-39.456030102611
			33.3996549097488	-39.456030102611
			33.3638183701461	-39.456030102611
			33.3279818305434	-39.456030102611
			33.2921452909406	-39.456030102611
			33.2563087513379	-39.456030102611
			33.2204722117352	-39.456030102611
			33.1846356721324	-39.456030102611
			33.1487991325297	-39.4201935630083
			33.112962592927	-39.4201935630083
			33.0771260533242	-39.4201935630083
			33.0412895137215	-39.4201935630083
			33.0054529741188	-39.4201935630083
			32.969616434516	-39.4201935630083
			32.9337798949133	-39.3843570234055
			32.8979433553105	-39.3843570234055
			32.8621068157078	-39.3843570234055
			32.8262702761051	-39.3843570234055
			32.7904337365023	-39.3485204838028
			32.7545971968996	-39.3485204838028
			32.7187606572969	-39.3485204838028
			32.6829241176941	-39.3126839442001
			32.6470875780914	-39.3126839442001
			32.6112510384887	-39.2768474045973
			32.5754144988859	-39.2768474045973
			32.5395779592832	-39.2768474045973
			32.5037414196805	-39.2410108649946
			32.4679048800777	-39.2410108649946
			32.432068340475	-39.2410108649946
			32.432068340475	-39.2051743253919
			32.3962318008723	-39.2051743253919
			32.3603952612695	-39.2051743253919
			32.3603952612695	-39.1693377857891
			32.3245587216668	-39.1693377857891
			32.2887221820641	-39.1335012461864
			32.2528856424613	-39.1335012461864
			32.2170491028586	-39.0976647065837
			32.1812125632558	-39.0976647065837
			32.1453760236531	-39.0976647065837
			32.1095394840504	-39.0976647065837
			32.0737029444476	-39.1335012461864
			32.0378664048449	-39.1335012461864
			32.0020298652422	-39.1335012461864
			31.9661933256394	-39.1335012461864
			31.9303567860367	-39.1335012461864
			31.894520246434	-39.1335012461864
			31.8586837068312	-39.1335012461864
			31.8228471672285	-39.1335012461864
			31.7870106276258	-39.1335012461864
			31.751174088023	-39.1335012461864
			31.7153375484203	-39.0976647065837
			31.6795010088176	-39.0976647065837
			31.6436644692148	-39.0976647065837
			31.6078279296121	-39.0976647065837
			31.6078279296121	-39.0618281669809
			31.5719913900094	-39.0618281669809
			31.5361548504066	-39.0618281669809
			31.5361548504066	-39.0259916273782
			31.5003183108039	-39.0259916273782
			31.4644817712012	-38.9901550877755
			31.4286452315984	-38.9543185481727
			31.3928086919957	-38.91848200857
			31.3569721523929	-38.8826454689673
			31.3569721523929	-38.8468089293645
			31.3211356127902	-38.8109723897618
			31.3211356127902	-38.7751358501591
		</c2>
	</curves.scaled>
	<ruler.points type=matrix rownames=TRUE colnames=FALSE nrow=2 ncol=2 as.numeric=TRUE >
		Ruler point 1	2193	319
		Ruler point 2	2472	314
	</ruler.points>
</shapes>

